File: DLRA2_ax.Xave                                     
DLR CH4/H2/N2 Flame A2 (Re=15,200) measured at Sandia April 1999                
Profile of ensemble average mole fractions
   r/d    F       Frms    T(K)   Trms   XO2       XO2rms    XN2       XN2rms    XH2       XH2rms    XH2O      XH2Orms   XCH4      XCH4rms   XCO       XCOrms    XCO2      XCO2rms   XOH       XOHrms    XNO       XNOrms    XCOLIF    XCOrms    TNDR
   2.50  1.0050  0.0200   292.     2.  0.00E+00  1.34E-03  4.47E-01  9.14E-03  3.32E-01  9.38E-03  3.84E-04  1.74E-04  2.21E-01  3.29E-03  0.00E+00  7.39E-04  6.18E-04  4.41E-04  1.09E-07  9.45E-07  1.95E-09  1.72E-09  8.12E-06  1.47E-05  0.995
   5.00  0.9992  0.0228   296.     9.  0.00E+00  1.42E-03  4.49E-01  1.00E-02  3.31E-01  1.02E-02  9.00E-04  1.16E-03  2.19E-01  3.87E-03  2.94E-05  7.52E-04  7.20E-04  4.84E-04  2.24E-07  9.60E-07  3.01E-08  7.35E-08  7.54E-05  1.58E-04  0.994
  10.00  0.9038  0.0716   431.    99.  0.00E+00  1.83E-03  4.70E-01  1.80E-02  3.06E-01  2.02E-02  1.88E-02  1.41E-02  2.01E-01  1.57E-02  1.22E-03  2.09E-03  2.40E-03  1.75E-03  2.49E-06  1.54E-05  1.67E-06  1.29E-06  2.24E-03  1.74E-03  0.987
  15.00  0.7665  0.0886   663.   161.  0.00E+00  2.02E-03  5.05E-01  2.25E-02  2.64E-01  2.81E-02  4.83E-02  2.16E-02  1.73E-01  2.19E-02  5.97E-03  3.88E-03  5.17E-03  2.92E-03  2.71E-05  3.27E-05  4.51E-06  2.53E-06  6.16E-03  2.87E-03  0.987
  20.00  0.6457  0.0867   893.   180.  0.00E+00  2.18E-03  5.38E-01  2.46E-02  2.20E-01  3.16E-02  7.79E-02  2.40E-02  1.47E-01  2.34E-02  1.03E-02  4.09E-03  9.22E-03  3.96E-03  3.91E-05  2.52E-05  8.48E-06  3.94E-06  1.03E-02  3.42E-03  0.992
  25.00  0.5473  0.0826  1110.   183.  0.00E+00  2.62E-03  5.68E-01  2.45E-02  1.77E-01  3.13E-02  1.06E-01  2.52E-02  1.23E-01  2.55E-02  1.38E-02  4.24E-03  1.37E-02  4.76E-03  4.91E-05  2.21E-04  1.35E-05  5.40E-06  1.44E-02  3.65E-03  1.005
  30.00  0.4617  0.0779  1295.   180.  0.00E+00  3.08E-03  5.95E-01  2.49E-02  1.41E-01  2.93E-02  1.32E-01  2.55E-02  9.88E-02  2.71E-02  1.59E-02  5.10E-03  1.82E-02  4.99E-03  5.34E-05  3.78E-05  1.92E-05  6.79E-06  1.82E-02  3.78E-03  1.007
  35.00  0.3985  0.0760  1438.   186.  0.00E+00  3.92E-03  6.17E-01  2.57E-02  1.12E-01  2.94E-02  1.53E-01  2.61E-02  7.89E-02  2.83E-02  1.65E-02  6.65E-03  2.20E-02  5.63E-03  1.18E-04  4.59E-04  2.46E-05  8.58E-06  2.11E-02  3.89E-03  1.006
  40.00  0.3414  0.0742  1565.   182.  0.00E+00  7.46E-03  6.39E-01  2.79E-02  8.86E-02  3.00E-02  1.69E-01  2.34E-02  5.88E-02  2.80E-02  1.56E-02  8.40E-03  2.56E-02  6.69E-03  2.14E-04  6.91E-04  2.94E-05  9.60E-06  2.35E-02  4.59E-03  1.003
  45.00  0.2901  0.0653  1684.   168.  0.00E+00  1.09E-02  6.60E-01  2.55E-02  6.62E-02  2.69E-02  1.84E-01  1.93E-02  4.00E-02  2.47E-02  1.58E-02  1.01E-02  2.98E-02  7.39E-03  3.31E-04  8.91E-04  3.55E-05  1.16E-05  2.50E-02  5.96E-03  1.001
  50.00  0.2521  0.0635  1755.   163.  0.00E+00  1.79E-02  6.76E-01  2.72E-02  4.98E-02  2.68E-02  1.92E-01  1.83E-02  2.63E-02  2.19E-02  1.65E-02  1.21E-02  3.36E-02  8.44E-03  5.07E-04  9.85E-04  4.10E-05  1.40E-05  2.41E-02  8.55E-03  0.995
  55.00  0.2173  0.0558  1814.   145.  3.81E-03  2.29E-02  6.90E-01  2.54E-02  3.57E-02  2.42E-02  1.95E-01  1.90E-02  1.47E-02  1.62E-02  1.62E-02  1.27E-02  3.79E-02  8.55E-03  8.15E-04  1.17E-03  4.66E-05  1.50E-05  2.18E-02  1.10E-02  0.999
  60.00  0.1919  0.0485  1842.   156.  9.55E-03  2.76E-02  7.03E-01  2.45E-02  2.39E-02  2.12E-02  1.96E-01  2.34E-02  7.10E-03  1.10E-02  1.52E-02  1.28E-02  4.11E-02  8.73E-03  9.63E-04  1.13E-03  5.11E-05  1.55E-05  1.91E-02  1.26E-02  0.999
  65.00  0.1627  0.0429  1817.   209.  2.57E-02  3.45E-02  7.17E-01  2.40E-02  1.19E-02  1.65E-02  1.86E-01  3.18E-02  2.87E-03  4.74E-03  1.08E-02  1.23E-02  4.41E-02  8.65E-03  1.23E-03  1.08E-03  5.52E-05  1.48E-05  1.13E-02  1.18E-02  1.002
  70.00  0.1435  0.0410  1740.   264.  3.94E-02  4.04E-02  7.29E-01  2.16E-02  6.38E-03  1.21E-02  1.72E-01  3.82E-02  1.09E-03  2.29E-03  5.93E-03  9.93E-03  4.44E-02  1.01E-02  1.14E-03  9.58E-04  5.40E-05  1.53E-05  6.31E-03  9.44E-03  1.004
  75.00  0.1250  0.0393  1629.   301.  5.65E-02  4.30E-02  7.38E-01  2.01E-02  2.21E-03  7.12E-03  1.57E-01  4.21E-02  3.57E-04  1.43E-03  3.12E-03  7.68E-03  4.20E-02  1.13E-02  8.33E-04  8.32E-04  5.05E-05  1.64E-05  3.25E-03  6.72E-03  1.005
  80.00  0.1124  0.0358  1525.   304.  7.13E-02  4.14E-02  7.44E-01  1.63E-02  8.88E-04  3.23E-03  1.42E-01  4.06E-02  8.80E-04  1.34E-03  1.33E-03  4.45E-03  3.91E-02  1.17E-02  5.69E-04  6.53E-04  4.63E-05  1.62E-05  1.15E-03  3.37E-03  1.008
  85.00  0.0963  0.0310  1385.   284.  8.95E-02  3.76E-02  7.50E-01  1.40E-02  2.80E-04  2.10E-03  1.25E-01  3.72E-02  4.85E-04  1.00E-03  3.30E-04  2.51E-03  3.47E-02  1.10E-02  2.97E-04  4.68E-04  3.94E-05  1.47E-05  1.87E-04  8.48E-04  1.007
  90.00  0.0857  0.0306  1275.   294.  1.02E-01  3.79E-02  7.56E-01  1.32E-02  0.00E+00  1.74E-03  1.11E-01  3.73E-02  1.43E-04  9.20E-04  3.06E-05  2.30E-03  3.11E-02  1.13E-02  1.49E-04  2.63E-04  3.43E-05  1.48E-05  4.84E-05  3.16E-04  1.007
 100.00  0.0679  0.0227  1095.   232.  1.24E-01  2.86E-02  7.62E-01  1.10E-02  3.07E-04  1.43E-03  8.87E-02  2.83E-02  2.29E-04  5.82E-04  0.00E+00  2.02E-03  2.46E-02  8.46E-03  3.27E-05  5.78E-05  2.61E-05  1.14E-05  3.31E-05  9.81E-05  1.008
 120.00  0.0452  0.0160   836.   181.  1.53E-01  2.05E-02  7.71E-01  8.13E-03  3.23E-04  1.06E-03  5.92E-02  1.97E-02  7.06E-05  3.77E-04  1.48E-04  1.56E-03  1.64E-02  6.12E-03  9.76E-06  1.16E-05  1.52E-05  7.17E-06  2.57E-05  5.78E-05  1.007
