# r(mm)     r/D    75     125    175    225    275    325    375    425
-34.5492  -10.796625    0      2.5    6      16.5   56     85.5   95.5   80
-34.4121  -10.75378125  -0.5   2      6      16     57     86.5   95.5   79.5
-34.275   -10.7109375   -0.5   2      6      16.5   58.5   89     96     80
-34.1379  -10.66809375  -0.5   2      6      16.5   59.5   91.5   97.5   81
-34.0008  -10.62525     -0.5   2      6.5    16.5   60.5   93.5   98     82
-33.8637  -10.58240625  -0.5   2      6.5    16.5   62     95.5   100    83
-33.7266  -10.5395625   -0.5   2.5    6.5    16.5   63     97     100.5  84.5
-33.5895  -10.49671875  0      2.5    7      17     64     99     101    86
-33.4524  -10.453875    0      2.5    7      18     64     100.5  102.5  87.5
-33.3153  -10.41103125  0      2.5    7      18.5   65     102.5  103.5  89.5
-33.1782  -10.3681875   0      2.5    7.5    19     66.5   104    104.5  91
-33.0411  -10.32534375  0      2.5    7.5    19.5   67.5   105.5  105.5  92.5
-32.904   -10.2825      0      3.5    7.5    20.5   69     107.5  107    94.5
-32.7669  -10.23965625  0      3      7.5    21.5   70.5   110    109.5  95.5
-32.6298  -10.1968125   0      3      7.5    22     72.5   111.5  111.5  97
-32.4927  -10.15396875  0      3      7.5    23.5   74.5   114    113.5  99
-32.3556  -10.111125    0      3      7.5    24     76.5   116.5  114.5  100.5
-32.2185  -10.06828125  0      3      8      25     78     119    116.5  102
-32.0814  -10.0254375   0      3      8      25.5   79     122    118.5  102.5
-31.9443  -9.98259375   0      3      8      26     80     123.5  119    103.5
-31.8072  -9.93975      0      3      8      26.5   80.5   125    120    104
-31.6701  -9.89690625   0      3.5    8      27.5   82     127.5  120.5  104.5
-31.533   -9.8540625    0      3.5    8      28.5   83     129    121.5  104.5
-31.3959  -9.81121875   0      3.5    8      29.5   84.5   131    121.5  104.5
-31.2588  -9.768375     0      3.5    8.5    30.5   85.5   132.5  122.5  104.5
-31.1217  -9.72553125   0.5    3.5    8.5    31.5   87     135.5  123.5  104
-30.9846  -9.6826875    0.5    3      8.5    32.5   89.5   138    125    104
-30.8475  -9.63984375   0.5    3.5    9      34     91.5   140.5  127    105
-30.7104  -9.597        0.5    3.5    9.5    34.5   93     143    129    106.5
-30.5733  -9.55415625   0.5    4      9.5    35.5   95     146    132    107
-30.4362  -9.5113125    1      4      10     36.5   97     149    135    107.5
-30.2991  -9.46846875   0.5    4      9.5    37     99.5   152    137.5  109.5
-30.162   -9.425625     0.5    4      9.5    38     101.5  154    139.5  111
-30.0249  -9.38278125   0.5    4      9.5    38.5   103.5  156.5  141.5  112.5
-29.8878  -9.3399375    0.5    4      9.5    39     105    158    143    113
-29.7507  -9.29709375   0.5    4      9.5    40     107    161    143.5  113.5
-29.6136  -9.25425      0.5    4      9.5    40.5   108.5  163    143.5  114
-29.4765  -9.21140625   0.5    3.5    9.5    41.5   111    163    144    115.5
-29.3394  -9.1685625    0.5    4      10.5   42.5   112    164    145    116
-29.2023  -9.12571875   0.5    4      10.5   43.5   114    165.5  146.5  117
-29.0652  -9.082875     0.5    4      10.5   44     116.5  167    148.5  119
-28.9281  -9.04003125   0.5    4      10.5   45     118    169    150    119.5
-28.791   -8.9971875    0.5    4      10.5   46.5   120.5  170    151.5  121
-28.6539  -8.95434375   0.5    4      11     47.5   123.5  171.5  153.5  122.5
-28.5168  -8.9115       0.5    4      11.5   48     126.5  174    155    124.5
-28.3797  -8.86865625   1      4      11.5   49.5   129    176.5  156.5  125.5
-28.2426  -8.8258125    1      4.5    11.5   50.5   132    179    157.5  127
-28.1055  -8.78296875   1      4.5    12.5   51.5   134.5  181.5  158.5  127.5
-27.9684  -8.740125     1      5      12.5   53     138    185    161    129.5
-27.8313  -8.69728125   1      5      13.5   53.5   141    186.5  163    130.5
-27.6942  -8.6544375    1      5      14     54.5   143.5  188    165    131
-27.5571  -8.61159375   1      5      13.5   55     147    190.5  167.5  132
-27.42    -8.56875      1      4.5    14     55.5   150    191.5  169    132.5
-27.2829  -8.52590625   1      4      14.5   56.5   153    193    170.5  133.5
-27.1458  -8.4830625    1      4      15     57     156    194.5  173    134.5
-27.0087  -8.44021875   1      4      15     58.5   159    196    174.5  136.5
-26.8716  -8.397375     1      4      15.5   59     161.5  198    176.5  138
-26.7345  -8.35453125   1      4      16     61     164    200    179    139.5
-26.5974  -8.3116875    1      4.5    16.5   62     166.5  201    181    141
-26.4603  -8.26884375   1.5    5      17     64     169.5  203.5  183.5  142.5
-26.3232  -8.226        1.5    5      17.5   66.5   173.5  205.5  186.5  144
-26.1861  -8.18315625   1.5    5      18     68.5   177.5  207.5  188.5  144.5
-26.049   -8.1403125    1.5    5      19     70.5   181.5  209    191    145
-25.9119  -8.09746875   1.5    5      18.5   72     185    210    192.5  145.5
-25.7748  -8.054625     1.5    5      19     74.5   189    211    194.5  147
-25.6377  -8.01178125   1      5.5    19.5   76.5   192.5  213    197    149
-25.5006  -7.9689375    1.5    6      20.5   78     196    215    199    151
-25.3635  -7.92609375   1.5    6      20.5   80     198.5  217    201.5  152.5
-25.2264  -7.88325      1.5    5.5    21     81     200.5  218    203    154.5
-25.0893  -7.84040625   1      5.5    21.5   82     203.5  219    205    158
-24.9522  -7.7975625    1.5    6      22     83     207    222    207.5  161
-24.8151  -7.75471875   1.5    6      23     83.5   209.5  224.5  208.5  163
-24.678   -7.711875     1.5    5.5    23.5   85     212    227    209.5  164
-24.5409  -7.66903125   1.5    5.5    24     86     215    229.5  211    166
-24.4038  -7.6261875    1.5    5.5    24.5   88.5   219.5  233.5  213.5  168
-24.2667  -7.58334375   1.5    6      25.5   91     224    237.5  216.5  169.5
-24.1296  -7.5405       1.5    6      26     94     227    242.5  219    171.5
-23.9925  -7.49765625   2      6      26.5   97.5   230.5  248    223    174
-23.8554  -7.4548125    2      6      27     102.5  234.5  253.5  227.5  177
-23.7183  -7.41196875   2      6      28     107.5  238.5  259    232    181
-23.5812  -7.369125     2      6      29     112.5  242    263.5  236    184
-23.4441  -7.32628125   2      6      29.5   117.5  245    267.5  239    186
-23.307   -7.2834375    2      6      29.5   121.5  247.5  272    242    188.5
-23.1699  -7.24059375   2      6.5    30.5   125    251    276    245    191.5
-23.0328  -7.19775      2      6.5    31.5   129.5  253.5  279    247.5  193.5
-22.8957  -7.15490625   2.5    7      32     133    254.5  283.5  249    196
-22.7586  -7.1120625    2.5    7      33     136.5  256    288    249.5  198
-22.6215  -7.06921875   2.5    7.5    34     139.5  257.5  292.5  251.5  200.5
-22.4844  -7.026375     2.5    7.5    35     143    258.5  297    253.5  204
-22.3473  -6.98353125   2.5    8      36.5   146.5  259.5  303    255.5  206.5
-22.2102  -6.9406875    2.5    8      37.5   150    260.5  308.5  257    208.5
-22.0731  -6.89784375   2.5    8      39     152.5  262.5  314.5  258.5  212
-21.936   -6.855        2.5    8      41.5   156.5  265.5  320.5  260    214.5
-21.7989  -6.81215625   2.5    8      43     160.5  268.5  326    262    218
-21.6618  -6.7693125    2.5    8      45     164.5  271    332.5  263.5  221
-21.5247  -6.72646875   2.5    8      47     168    274.5  338.5  265    224
-21.3876  -6.683625     2.5    8.5    49.5   171    278.5  344    265    227
-21.2505  -6.64078125   2.5    8.5    51.5   173.5  283.5  349.5  266    229
-21.1134  -6.5979375    2.5    9      54     175.5  288    355    267.5  231
-20.9763  -6.55509375   2.5    9      56     178    293    360    268.5  232.5
-20.8392  -6.51225      2.5    9.5    58.5   179.5  297.5  365    269.5  233
-20.7021  -6.46940625   2.5    9.5    60.5   181    303    370    270    234.5
-20.565   -6.4265625    3      9.5    63     183.5  309    375.5  271.5  235.5
-20.4279  -6.38371875   3      9.5    64.5   186.5  314    380.5  273    236
-20.2908  -6.340875     3      10     66.5   188.5  318.5  385.5  273.5  236.5
-20.1537  -6.29803125   3      10     68.5   192.5  322.5  391    274    236.5
-20.0166  -6.2551875    4      9.5    71     196    328    397.5  275    237
-19.8795  -6.21234375   4      9.5    72.5   199    333    403    276.5  237
-19.7424  -6.1695       3.5    9.5    74.5   202    339    409.5  278    237.5
-19.6053  -6.12665625   4      9.5    76.5   204.5  344.5  414.5  279    238.5
-19.4682  -6.0838125    4      10.5   78     207.5  350    419.5  280.5  239
-19.3311  -6.04096875   4      10.5   79     210    355    424    282    239.5
-19.194   -5.998125     4      11     80.5   213    360.5  427.5  283.5  241
-19.0569  -5.95528125   4      11.5   82     216.5  364.5  430    285    242
-18.9198  -5.9124375    4      11.5   84     221    368.5  432.5  286.5  242
-18.7827  -5.86959375   4      11.5   85.5   226    372    435.5  288    242.5
-18.6456  -5.82675      4      12.5   88     231.5  374    440.5  290    244
-18.5085  -5.78390625   4.5    12.5   91     237    376    444.5  292    244.5
-18.3714  -5.7410625    4.5    13     94     242.5  378.5  449    295    246.5
-18.2343  -5.69821875   4.5    13.5   98     247.5  381    453.5  297    247
-18.0972  -5.655375     4.5    14     101.5  252.5  383.5  457.5  298.5  247.5
-17.9601  -5.61253125   4.5    14.5   106.5  258.5  386.5  463    300.5  250.5
-17.823   -5.5696875    4.5    15.5   111    263.5  389    468    303    252
-17.6859  -5.52684375   4.5    16     116    268    391.5  472.5  305.5  254
-17.5488  -5.484        4.5    17.5   122    273.5  396    479    307.5  258
-17.4117  -5.44115625   4.5    18     127.5  279    400.5  485.5  309    260.5
-17.2746  -5.3983125    5      18.5   132.5  284    404.5  493    311    263.5
-17.1375  -5.35546875   5      19.5   138    288.5  407.5  501.5  313    266
-17.0004  -5.312625     5      20.5   143.5  294.5  412    509    315    269.5
-16.8633  -5.26978125   5.5    21.5   149.5  301    416.5  516.5  316    272.5
-16.7262  -5.2269375    5.5    23     155.5  308    420.5  523.5  317.5  274
-16.5891  -5.18409375   5.5    24.5   160.5  313.5  424.5  529.5  319.5  274.5
-16.452   -5.14125      5.5    26     165.5  320    427.5  534.5  322    276.5
-16.3149  -5.09840625   6      28     170.5  327    430.5  539    325    279
-16.1778  -5.0555625    6      30     176    333.5  433.5  542    327    279.5
-16.0407  -5.01271875   6      31.5   180.5  339    435    545    329    279.5
-15.9036  -4.969875     6      33.5   185.5  344    437    548.5  330.5  279.5
-15.7665  -4.92703125   6      35     191    349.5  439.5  550.5  332.5  280.5
-15.6294  -4.8841875    6      36     196.5  354.5  442    554.5  334    279.5
-15.4923  -4.84134375   6      38     201.5  359    445    559    335    279
-15.3552  -4.7985       6      39.5   205.5  361.5  447.5  562    336    277.5
-15.2181  -4.75565625   6      41     210    365.5  451.5  565.5  338    277.5
-15.081   -4.7128125    6      44     214.5  369    456    567    340    277.5
-14.9439  -4.66996875   6      46.5   218.5  372.5  461    568.5  341    277.5
-14.8068  -4.627125     7      48.5   223    377    467    572.5  344    278
-14.6697  -4.58428125   7      51.5   227.5  380.5  473.5  575.5  346.5  279
-14.5326  -4.5414375    7      55     231.5  385.5  480.5  577    348    280
-14.3955  -4.49859375   7.5    58.5   237    390.5  488.5  578.5  351    282
-14.2584  -4.45575      7.5    61.5   241    396    496.5  582.5  354.5  283
-14.1213  -4.41290625   8      65     246    401    506    588    359    285
-13.9842  -4.3700625    8.5    67.5   250    405.5  515.5  591    361.5  287
-13.8471  -4.32721875   9      71     254    411.5  527    594.5  364.5  289
-13.71    -4.284375     9.5    74     258    419.5  539    598.5  368.5  291
-13.5729  -4.24153125   10     77     262.5  428    550    603    372.5  292.5
-13.4358  -4.1986875    10.5   79.5   267    436    561.5  609.5  376.5  294
-13.2987  -4.15584375   11     82.5   272.5  443    572    614.5  378    296
-13.1616  -4.113        12     84.5   277    450    581    618    381    296
-13.0245  -4.07015625   13     87.5   280.5  456.5  589.5  621.5  384.5  297
-12.8874  -4.0273125    14     90     285    460.5  594.5  624.5  386.5  296.5
-12.7503  -3.98446875   14.5   93.5   289    462.5  598    628    388    297
-12.6132  -3.941625     15.5   97.5   294.5  464.5  602    630    390    298
-12.4761  -3.89878125   16.5   102.5  300    467.5  604.5  633    392    298
-12.339   -3.8559375    17     107    304    471    606.5  637    395    297.5
-12.2019  -3.81309375   17.5   112.5  309.5  473.5  607    640    398    297.5
-12.0648  -3.77025      18.5   117    315    477.5  608    644    401    297
-11.9277  -3.72740625   19     122    321    482    610    647.5  404    296.5
-11.7906  -3.6845625    19.5   126.5  327    485.5  613.5  652    408.5  296
-11.6535  -3.64171875   20     131    332.5  489    616    656    413.5  294.5
-11.5164  -3.598875     21.5   135    339.5  492.5  620    659.5  419.5  294.5
-11.3793  -3.55603125   22.5   140    346    495.5  626    662.5  426    294.5
-11.2422  -3.5131875    24     145.5  352.5  500    633.5  667.5  432    294.5
-11.1051  -3.47034375   25     151.5  359.5  504.5  639.5  672.5  437.5  294.5
-10.968   -3.4275       27     158    366.5  509.5  645.5  678.5  444.5  296
-10.8309  -3.38465625   28.5   165    374.5  516    652    684    451.5  297
-10.6938  -3.3418125    30.5   173    383    523    659    689    458    299
-10.5567  -3.29896875   32     181    391.5  528    665    692    462.5  301
-10.4196  -3.256125     34     188    400.5  533.5  670.5  696    466.5  301.5
-10.2825  -3.21328125   36     196    409    539    677    698.5  471    303
-10.1454  -3.1704375    38.5   202.5  416    543.5  683.5  701    474    304
-10.0083  -3.12759375   40.5   209.5  422.5  548.5  688.5  700.5  476    304.5
-9.8712   -3.08475      42.5   216    428    551.5  693.5  701    478.5  304.5
-9.7341   -3.04190625   45     222.5  433    555    698.5  702    480.5  304.5
-9.597    -2.9990625    47.5   228.5  438.5  561    703.5  705    483.5  305
-9.4599   -2.95621875   50     236.5  443    567.5  709    707.5  485.5  305
-9.3228   -2.913375     52.5   245    447    573    714    709.5  487.5  305.5
-9.1857   -2.87053125   55.5   253    452.5  576.5  720    712.5  490.5  306
-9.0486   -2.8276875    58.5   261    459    579    727    717    492.5  307
-8.9115   -2.78484375   61.5   269.5  465.5  582.5  731.5  721.5  494.5  308
-8.7744   -2.742        64.5   279    470.5  586.5  736.5  725.5  496.5  308.5
-8.6373   -2.69915625   68     286.5  474.5  589    742.5  730    498    308.5
-8.5002   -2.6563125    72     292.5  480    591.5  747.5  733    500    309.5
-8.3631   -2.61346875   76     299    485    594.5  753.5  736    504    311
-8.226    -2.570625     81     305    491    599    757.5  742.5  507.5  313
-8.0889   -2.52778125   85.5   311    497.5  605    763    747.5  512.5  314.5
-7.9518   -2.4849375    91     317.5  503.5  611.5  770.5  753.5  517.5  317.5
-7.8147   -2.44209375   95.5   323    510.5  618    777.5  760.5  522    319.5
-7.6776   -2.39925      100    330    518    624    783    767    528    321.5
-7.5405   -2.35640625   105.5  337.5  526.5  631    790    775.5  534    323.5
-7.4034   -2.3135625    110.5  344    533.5  636.5  795.5  783    538.5  326
-7.2663   -2.27071875   115.5  350.5  540    643    800.5  788.5  544    328
-7.1292   -2.227875     121    357.5  546    649.5  805.5  795    550    330.5
-6.9921   -2.18503125   126.5  365    552.5  656    811    801.5  556    333
-6.855    -2.1421875    134    374    558.5  663.5  817.5  806.5  562    335
-6.7179   -2.09934375   141.5  382    562.5  669    822.5  807.5  564.5  337
-6.5808   -2.0565       149.5  391    566    674.5  826.5  809    567.5  339
-6.4437   -2.01365625   158    400.5  570.5  681    831    812.5  571.5  341
-6.3066   -1.9708125    166.5  410    573    687    835.5  815    573.5  342.5
-6.1695   -1.92796875   176.5  419.5  575.5  693    839    816.5  574.5  343
-6.0324   -1.885125     187    429    578.5  699    841    816    574    342
-5.8953   -1.84228125   197.5  436    580.5  704.5  841.5  814.5  574    341
-5.7582   -1.7994375    208    444    584    710.5  843.5  816    574    340.5
-5.6211   -1.75659375   220    451.5  587    716.5  846    815    573.5  340
-5.484    -1.71375      233    458    590.5  721.5  849    812.5  573    339
-5.3469   -1.67090625   247.5  465    596    727.5  853.5  810    572.5  338.5
-5.2098   -1.6280625    260.5  470.5  601.5  734    857    808.5  573    338.5
-5.0727   -1.58521875   273.5  476.5  607    739.5  860.5  806.5  573    340
-4.9356   -1.542375     286.5  483.5  614    746.5  867.5  807    576    342
-4.7985   -1.49953125   299    490    621    752.5  874    806.5  579    344.5
-4.6614   -1.4566875    310    496.5  627.5  758.5  879    806    579.5  345.5
-4.5243   -1.41384375   319.5  502.5  633.5  763    882.5  804.5  579.5  345.5
-4.3872   -1.371        330    510    639.5  768    887.5  803    581    346.5
-4.2501   -1.32815625   342    518.5  646    771    893.5  802.5  581    347.5
-4.113    -1.2853125    355.5  528.5  653.5  776    900    804    584    348.5
-3.9759   -1.24246875   371    537.5  661    779.5  904.5  805    586    349.5
-3.8388   -1.199625     386.5  546    667    782.5  908.5  805    586.5  350
-3.7017   -1.15678125   403.5  554    673    785.5  914    806.5  588.5  352
-3.5646   -1.1139375    421    562    679    789.5  919    809    591.5  354
-3.4275   -1.07109375   439    569    685.5  794    923    812.5  593    355.5
-3.2904   -1.02825      457    576    691    798    926.5  815.5  595    356.5
-3.1533   -0.98540625   472    581    693.5  797    926    816    593.5  357
-3.0162   -0.9425625    486    585.5  693.5  796    924.5  816    590    357
-2.8791   -0.89971875   499    589.5  693.5  795    923    817    586.5  356.5
-2.742    -0.856875     511    593    692.5  794    919    817    583.5  355.5
-2.6049   -0.81403125   523.5  598    690    791.5  915    816.5  581    355.5
-2.4678   -0.7711875    534    603    687.5  788.5  911    815.5  578.5  355.5
-2.3307   -0.72834375   544    606    683.5  784    907.5  816.5  576.5  356
-2.1936   -0.6855       553.5  610    681.5  782    905.5  818.5  574.5  356
-2.0565   -0.64265625   563    614.5  682    780.5  904    820    573.5  355
-1.9194   -0.5998125    573    618.5  684    781    902.5  820.5  573    354
-1.7823   -0.55696875   582.5  622    685.5  780    902    823    573    353
-1.6452   -0.514125     591.5  625.5  686.5  778.5  902    826.5  572    352.5
-1.5081   -0.47128125   598.5  627    688    777    902    829    571    351
-1.371    -0.4284375    605    628    689.5  777    902    831    570    350
-1.2339   -0.38559375   611    628.5  690    777.5  902    831.5  568    349
-1.0968   -0.34275      615    628.5  689.5  778.5  900.5  832.5  565.5  348
-0.9597   -0.29990625   618.5  628.5  690    778.5  899.5  834    562.5  348
-0.8226   -0.2570625    621    628    690.5  779    900    834.5  560    348
-0.6855   -0.21421875   621    628    691.5  780    898.5  833.5  557    348
-0.5484   -0.171375     622.5  632    693.5  782    899    836.5  556.5  348.5
-0.4113   -0.12853125   623    636    695.5  782.5  897    838    556    349
-0.2742   -0.0856875    623    639.5  697.5  783    897    840    556    349.5
-0.1371   -0.04284375   622    639    697.5  782    896.5  839    555.5  349.5
0         0             621    639    697    782    896    839    555    349
0.1371    0.04284375    622    639    697.5  782    896.5  839    555.5  349.5
0.2742    0.0856875     623    639.5  697.5  783    897    840    556    349.5
0.4113    0.12853125    623    636    695.5  782.5  897    838    556    349
0.5484    0.171375      622.5  632    693.5  782    899    836.5  556.5  348.5
0.6855    0.21421875    621    628    691.5  780    898.5  833.5  557    348
0.8226    0.2570625     621    628    690.5  779    900    834.5  560    348
0.9597    0.29990625    618.5  628.5  690    778.5  899.5  834    562.5  348
1.0968    0.34275       615    628.5  689.5  778.5  900.5  832.5  565.5  348
1.2339    0.38559375    611    628.5  690    777.5  902    831.5  568    349
1.371     0.4284375     605    628    689.5  777    902    831    570    350
1.5081    0.47128125    598.5  627    688    777    902    829    571    351
1.6452    0.514125      591.5  625.5  686.5  778.5  902    826.5  572    352.5
1.7823    0.55696875    582.5  622    685.5  780    902    823    573    353
1.9194    0.5998125     573    618.5  684    781    902.5  820.5  573    354
2.0565    0.64265625    563    614.5  682    780.5  904    820    573.5  355
2.1936    0.6855        553.5  610    681.5  782    905.5  818.5  574.5  356
2.3307    0.72834375    544    606    683.5  784    907.5  816.5  576.5  356
2.4678    0.7711875     534    603    687.5  788.5  911    815.5  578.5  355.5
2.6049    0.81403125    523.5  598    690    791.5  915    816.5  581    355.5
2.742     0.856875      511    593    692.5  794    919    817    583.5  355.5
2.8791    0.89971875    499    589.5  693.5  795    923    817    586.5  356.5
3.0162    0.9425625     486    585.5  693.5  796    924.5  816    590    357
3.1533    0.98540625    472    581    693.5  797    926    816    593.5  357
3.2904    1.02825       457    576    691    798    926.5  815.5  595    356.5
3.4275    1.07109375    439    569    685.5  794    923    812.5  593    355.5
3.5646    1.1139375     421    562    679    789.5  919    809    591.5  354
3.7017    1.15678125    403.5  554    673    785.5  914    806.5  588.5  352
3.8388    1.199625      386.5  546    667    782.5  908.5  805    586.5  350
3.9759    1.24246875    371    537.5  661    779.5  904.5  805    586    349.5
4.113     1.2853125     355.5  528.5  653.5  776    900    804    584    348.5
4.2501    1.32815625    342    518.5  646    771    893.5  802.5  581    347.5
4.3872    1.371         330    510    639.5  768    887.5  803    581    346.5
4.5243    1.41384375    319.5  502.5  633.5  763    882.5  804.5  579.5  345.5
4.6614    1.4566875     310    496.5  627.5  758.5  879    806    579.5  345.5
4.7985    1.49953125    299    490    621    752.5  874    806.5  579    344.5
4.9356    1.542375      286.5  483.5  614    746.5  867.5  807    576    342
5.0727    1.58521875    273.5  476.5  607    739.5  860.5  806.5  573    340
5.2098    1.6280625     260.5  470.5  601.5  734    857    808.5  573    338.5
5.3469    1.67090625    247.5  465    596    727.5  853.5  810    572.5  338.5
5.484     1.71375       233    458    590.5  721.5  849    812.5  573    339
5.6211    1.75659375    220    451.5  587    716.5  846    815    573.5  340
5.7582    1.7994375     208    444    584    710.5  843.5  816    574    340.5
5.8953    1.84228125    197.5  436    580.5  704.5  841.5  814.5  574    341
6.0324    1.885125      187    429    578.5  699    841    816    574    342
6.1695    1.92796875    176.5  419.5  575.5  693    839    816.5  574.5  343
6.3066    1.9708125     166.5  410    573    687    835.5  815    573.5  342.5
6.4437    2.01365625    158    400.5  570.5  681    831    812.5  571.5  341
6.5808    2.0565        149.5  391    566    674.5  826.5  809    567.5  339
6.7179    2.09934375    141.5  382    562.5  669    822.5  807.5  564.5  337
6.855     2.1421875     134    374    558.5  663.5  817.5  806.5  562    335
6.9921    2.18503125    126.5  365    552.5  656    811    801.5  556    333
7.1292    2.227875      121    357.5  546    649.5  805.5  795    550    330.5
7.2663    2.27071875    115.5  350.5  540    643    800.5  788.5  544    328
7.4034    2.3135625     110.5  344    533.5  636.5  795.5  783    538.5  326
7.5405    2.35640625    105.5  337.5  526.5  631    790    775.5  534    323.5
7.6776    2.39925       100    330    518    624    783    767    528    321.5
7.8147    2.44209375    95.5   323    510.5  618    777.5  760.5  522    319.5
7.9518    2.4849375     91     317.5  503.5  611.5  770.5  753.5  517.5  317.5
8.0889    2.52778125    85.5   311    497.5  605    763    747.5  512.5  314.5
8.226     2.570625      81     305    491    599    757.5  742.5  507.5  313
8.3631    2.61346875    76     299    485    594.5  753.5  736    504    311
8.5002    2.6563125     72     292.5  480    591.5  747.5  733    500    309.5
8.6373    2.69915625    68     286.5  474.5  589    742.5  730    498    308.5
8.7744    2.742         64.5   279    470.5  586.5  736.5  725.5  496.5  308.5
8.9115    2.78484375    61.5   269.5  465.5  582.5  731.5  721.5  494.5  308
9.0486    2.8276875     58.5   261    459    579    727    717    492.5  307
9.1857    2.87053125    55.5   253    452.5  576.5  720    712.5  490.5  306
9.3228    2.913375      52.5   245    447    573    714    709.5  487.5  305.5
9.4599    2.95621875    50     236.5  443    567.5  709    707.5  485.5  305
9.597     2.9990625     47.5   228.5  438.5  561    703.5  705    483.5  305
9.7341    3.04190625    45     222.5  433    555    698.5  702    480.5  304.5
9.8712    3.08475       42.5   216    428    551.5  693.5  701    478.5  304.5
10.0083   3.12759375    40.5   209.5  422.5  548.5  688.5  700.5  476    304.5
10.1454   3.1704375     38.5   202.5  416    543.5  683.5  701    474    304
10.2825   3.21328125    36     196    409    539    677    698.5  471    303
10.4196   3.256125      34     188    400.5  533.5  670.5  696    466.5  301.5
10.5567   3.29896875    32     181    391.5  528    665    692    462.5  301
10.6938   3.3418125     30.5   173    383    523    659    689    458    299
10.8309   3.38465625    28.5   165    374.5  516    652    684    451.5  297
10.968    3.4275        27     158    366.5  509.5  645.5  678.5  444.5  296
11.1051   3.47034375    25     151.5  359.5  504.5  639.5  672.5  437.5  294.5
11.2422   3.5131875     24     145.5  352.5  500    633.5  667.5  432    294.5
11.3793   3.55603125    22.5   140    346    495.5  626    662.5  426    294.5
11.5164   3.598875      21.5   135    339.5  492.5  620    659.5  419.5  294.5
11.6535   3.64171875    20     131    332.5  489    616    656    413.5  294.5
11.7906   3.6845625     19.5   126.5  327    485.5  613.5  652    408.5  296
11.9277   3.72740625    19     122    321    482    610    647.5  404    296.5
12.0648   3.77025       18.5   117    315    477.5  608    644    401    297
12.2019   3.81309375    17.5   112.5  309.5  473.5  607    640    398    297.5
12.339    3.8559375     17     107    304    471    606.5  637    395    297.5
12.4761   3.89878125    16.5   102.5  300    467.5  604.5  633    392    298
12.6132   3.941625      15.5   97.5   294.5  464.5  602    630    390    298
12.7503   3.98446875    14.5   93.5   289    462.5  598    628    388    297
12.8874   4.0273125     14     90     285    460.5  594.5  624.5  386.5  296.5
13.0245   4.07015625    13     87.5   280.5  456.5  589.5  621.5  384.5  297
13.1616   4.113         12     84.5   277    450    581    618    381    296
13.2987   4.15584375    11     82.5   272.5  443    572    614.5  378    296
13.4358   4.1986875     10.5   79.5   267    436    561.5  609.5  376.5  294
13.5729   4.24153125    10     77     262.5  428    550    603    372.5  292.5
13.71     4.284375      9.5    74     258    419.5  539    598.5  368.5  291
13.8471   4.32721875    9      71     254    411.5  527    594.5  364.5  289
13.9842   4.3700625     8.5    67.5   250    405.5  515.5  591    361.5  287
14.1213   4.41290625    8      65     246    401    506    588    359    285
14.2584   4.45575       7.5    61.5   241    396    496.5  582.5  354.5  283
14.3955   4.49859375    7.5    58.5   237    390.5  488.5  578.5  351    282
14.5326   4.5414375     7      55     231.5  385.5  480.5  577    348    280
14.6697   4.58428125    7      51.5   227.5  380.5  473.5  575.5  346.5  279
14.8068   4.627125      7      48.5   223    377    467    572.5  344    278
14.9439   4.66996875    6      46.5   218.5  372.5  461    568.5  341    277.5
15.081    4.7128125     6      44     214.5  369    456    567    340    277.5
15.2181   4.75565625    6      41     210    365.5  451.5  565.5  338    277.5
15.3552   4.7985        6      39.5   205.5  361.5  447.5  562    336    277.5
15.4923   4.84134375    6      38     201.5  359    445    559    335    279
15.6294   4.8841875     6      36     196.5  354.5  442    554.5  334    279.5
15.7665   4.92703125    6      35     191    349.5  439.5  550.5  332.5  280.5
15.9036   4.969875      6      33.5   185.5  344    437    548.5  330.5  279.5
16.0407   5.01271875    6      31.5   180.5  339    435    545    329    279.5
16.1778   5.0555625     6      30     176    333.5  433.5  542    327    279.5
16.3149   5.09840625    6      28     170.5  327    430.5  539    325    279
16.452    5.14125       5.5    26     165.5  320    427.5  534.5  322    276.5
16.5891   5.18409375    5.5    24.5   160.5  313.5  424.5  529.5  319.5  274.5
16.7262   5.2269375     5.5    23     155.5  308    420.5  523.5  317.5  274
16.8633   5.26978125    5.5    21.5   149.5  301    416.5  516.5  316    272.5
17.0004   5.312625      5      20.5   143.5  294.5  412    509    315    269.5
17.1375   5.35546875    5      19.5   138    288.5  407.5  501.5  313    266
17.2746   5.3983125     5      18.5   132.5  284    404.5  493    311    263.5
17.4117   5.44115625    4.5    18     127.5  279    400.5  485.5  309    260.5
17.5488   5.484         4.5    17.5   122    273.5  396    479    307.5  258
17.6859   5.52684375    4.5    16     116    268    391.5  472.5  305.5  254
17.823    5.5696875     4.5    15.5   111    263.5  389    468    303    252
17.9601   5.61253125    4.5    14.5   106.5  258.5  386.5  463    300.5  250.5
18.0972   5.655375      4.5    14     101.5  252.5  383.5  457.5  298.5  247.5
18.2343   5.69821875    4.5    13.5   98     247.5  381    453.5  297    247
18.3714   5.7410625     4.5    13     94     242.5  378.5  449    295    246.5
18.5085   5.78390625    4.5    12.5   91     237    376    444.5  292    244.5
18.6456   5.82675       4      12.5   88     231.5  374    440.5  290    244
18.7827   5.86959375    4      11.5   85.5   226    372    435.5  288    242.5
18.9198   5.9124375     4      11.5   84     221    368.5  432.5  286.5  242
19.0569   5.95528125    4      11.5   82     216.5  364.5  430    285    242
19.194    5.998125      4      11     80.5   213    360.5  427.5  283.5  241
19.3311   6.04096875    4      10.5   79     210    355    424    282    239.5
19.4682   6.0838125     4      10.5   78     207.5  350    419.5  280.5  239
19.6053   6.12665625    4      9.5    76.5   204.5  344.5  414.5  279    238.5
19.7424   6.1695        3.5    9.5    74.5   202    339    409.5  278    237.5
19.8795   6.21234375    4      9.5    72.5   199    333    403    276.5  237
20.0166   6.2551875     4      9.5    71     196    328    397.5  275    237
20.1537   6.29803125    3      10     68.5   192.5  322.5  391    274    236.5
20.2908   6.340875      3      10     66.5   188.5  318.5  385.5  273.5  236.5
20.4279   6.38371875    3      9.5    64.5   186.5  314    380.5  273    236
20.565    6.4265625     3      9.5    63     183.5  309    375.5  271.5  235.5
20.7021   6.46940625    2.5    9.5    60.5   181    303    370    270    234.5
20.8392   6.51225       2.5    9.5    58.5   179.5  297.5  365    269.5  233
20.9763   6.55509375    2.5    9      56     178    293    360    268.5  232.5
21.1134   6.5979375     2.5    9      54     175.5  288    355    267.5  231
21.2505   6.64078125    2.5    8.5    51.5   173.5  283.5  349.5  266    229
21.3876   6.683625      2.5    8.5    49.5   171    278.5  344    265    227
21.5247   6.72646875    2.5    8      47     168    274.5  338.5  265    224
21.6618   6.7693125     2.5    8      45     164.5  271    332.5  263.5  221
21.7989   6.81215625    2.5    8      43     160.5  268.5  326    262    218
21.936    6.855         2.5    8      41.5   156.5  265.5  320.5  260    214.5
22.0731   6.89784375    2.5    8      39     152.5  262.5  314.5  258.5  212
22.2102   6.9406875     2.5    8      37.5   150    260.5  308.5  257    208.5
22.3473   6.98353125    2.5    8      36.5   146.5  259.5  303    255.5  206.5
22.4844   7.026375      2.5    7.5    35     143    258.5  297    253.5  204
22.6215   7.06921875    2.5    7.5    34     139.5  257.5  292.5  251.5  200.5
22.7586   7.1120625     2.5    7      33     136.5  256    288    249.5  198
22.8957   7.15490625    2.5    7      32     133    254.5  283.5  249    196
23.0328   7.19775       2      6.5    31.5   129.5  253.5  279    247.5  193.5
23.1699   7.24059375    2      6.5    30.5   125    251    276    245    191.5
23.307    7.2834375     2      6      29.5   121.5  247.5  272    242    188.5
23.4441   7.32628125    2      6      29.5   117.5  245    267.5  239    186
23.5812   7.369125      2      6      29     112.5  242    263.5  236    184
23.7183   7.41196875    2      6      28     107.5  238.5  259    232    181
23.8554   7.4548125     2      6      27     102.5  234.5  253.5  227.5  177
23.9925   7.49765625    2      6      26.5   97.5   230.5  248    223    174
24.1296   7.5405        1.5    6      26     94     227    242.5  219    171.5
24.2667   7.58334375    1.5    6      25.5   91     224    237.5  216.5  169.5
24.4038   7.6261875     1.5    5.5    24.5   88.5   219.5  233.5  213.5  168
24.5409   7.66903125    1.5    5.5    24     86     215    229.5  211    166
24.678    7.711875      1.5    5.5    23.5   85     212    227    209.5  164
24.8151   7.75471875    1.5    6      23     83.5   209.5  224.5  208.5  163
24.9522   7.7975625     1.5    6      22     83     207    222    207.5  161
25.0893   7.84040625    1      5.5    21.5   82     203.5  219    205    158
25.2264   7.88325       1.5    5.5    21     81     200.5  218    203    154.5
25.3635   7.92609375    1.5    6      20.5   80     198.5  217    201.5  152.5
25.5006   7.9689375     1.5    6      20.5   78     196    215    199    151
25.6377   8.01178125    1      5.5    19.5   76.5   192.5  213    197    149
25.7748   8.054625      1.5    5      19     74.5   189    211    194.5  147
25.9119   8.09746875    1.5    5      18.5   72     185    210    192.5  145.5
26.049    8.1403125     1.5    5      19     70.5   181.5  209    191    145
26.1861   8.18315625    1.5    5      18     68.5   177.5  207.5  188.5  144.5
26.3232   8.226         1.5    5      17.5   66.5   173.5  205.5  186.5  144
26.4603   8.26884375    1.5    5      17     64     169.5  203.5  183.5  142.5
26.5974   8.3116875     1      4.5    16.5   62     166.5  201    181    141
26.7345   8.35453125    1      4      16     61     164    200    179    139.5
26.8716   8.397375      1      4      15.5   59     161.5  198    176.5  138
27.0087   8.44021875    1      4      15     58.5   159    196    174.5  136.5
27.1458   8.4830625     1      4      15     57     156    194.5  173    134.5
27.2829   8.52590625    1      4      14.5   56.5   153    193    170.5  133.5
27.42     8.56875       1      4.5    14     55.5   150    191.5  169    132.5
27.5571   8.61159375    1      5      13.5   55     147    190.5  167.5  132
27.6942   8.6544375     1      5      14     54.5   143.5  188    165    131
27.8313   8.69728125    1      5      13.5   53.5   141    186.5  163    130.5
27.9684   8.740125      1      5      12.5   53     138    185    161    129.5
28.1055   8.78296875    1      4.5    12.5   51.5   134.5  181.5  158.5  127.5
28.2426   8.8258125     1      4.5    11.5   50.5   132    179    157.5  127
28.3797   8.86865625    1      4      11.5   49.5   129    176.5  156.5  125.5
28.5168   8.9115        0.5    4      11.5   48     126.5  174    155    124.5
28.6539   8.95434375    0.5    4      11     47.5   123.5  171.5  153.5  122.5
28.791    8.9971875     0.5    4      10.5   46.5   120.5  170    151.5  121
28.9281   9.04003125    0.5    4      10.5   45     118    169    150    119.5
29.0652   9.082875      0.5    4      10.5   44     116.5  167    148.5  119
29.2023   9.12571875    0.5    4      10.5   43.5   114    165.5  146.5  117
29.3394   9.1685625     0.5    4      10.5   42.5   112    164    145    116
29.4765   9.21140625    0.5    3.5    9.5    41.5   111    163    144    115.5
29.6136   9.25425       0.5    4      9.5    40.5   108.5  163    143.5  114
29.7507   9.29709375    0.5    4      9.5    40     107    161    143.5  113.5
29.8878   9.3399375     0.5    4      9.5    39     105    158    143    113
30.0249   9.38278125    0.5    4      9.5    38.5   103.5  156.5  141.5  112.5
30.162    9.425625      0.5    4      9.5    38     101.5  154    139.5  111
30.2991   9.46846875    0.5    4      9.5    37     99.5   152    137.5  109.5
30.4362   9.5113125     1      4      10     36.5   97     149    135    107.5
30.5733   9.55415625    0.5    4      9.5    35.5   95     146    132    107
30.7104   9.597         0.5    3.5    9.5    34.5   93     143    129    106.5
30.8475   9.63984375    0.5    3.5    9      34     91.5   140.5  127    105
30.9846   9.6826875     0.5    3      8.5    32.5   89.5   138    125    104
31.1217   9.72553125    0.5    3.5    8.5    31.5   87     135.5  123.5  104
31.2588   9.768375      0      3.5    8.5    30.5   85.5   132.5  122.5  104.5
31.3959   9.81121875    0      3.5    8      29.5   84.5   131    121.5  104.5
31.533    9.8540625     0      3.5    8      28.5   83     129    121.5  104.5
31.6701   9.89690625    0      3.5    8      27.5   82     127.5  120.5  104.5
31.8072   9.93975       0      3      8      26.5   80.5   125    120    104
31.9443   9.98259375    0      3      8      26     80     123.5  119    103.5
32.0814   10.0254375    0      3      8      25.5   79     122    118.5  102.5
32.2185   10.06828125   0      3      8      25     78     119    116.5  102
32.3556   10.111125     0      3      7.5    24     76.5   116.5  114.5  100.5
32.4927   10.15396875   0      3      7.5    23.5   74.5   114    113.5  99
32.6298   10.1968125    0      3      7.5    22     72.5   111.5  111.5  97
32.7669   10.23965625   0      3      7.5    21.5   70.5   110    109.5  95.5
32.904    10.2825       0      3.5    7.5    20.5   69     107.5  107    94.5
33.0411   10.32534375   0      2.5    7.5    19.5   67.5   105.5  105.5  92.5
33.1782   10.3681875    0      2.5    7.5    19     66.5   104    104.5  91
33.3153   10.41103125   0      2.5    7      18.5   65     102.5  103.5  89.5
33.4524   10.453875     0      2.5    7      18     64     100.5  102.5  87.5
33.5895   10.49671875   0      2.5    7      17     64     99     101    86
33.7266   10.5395625    -0.5   2.5    6.5    16.5   63     97     100.5  84.5
33.8637   10.58240625   -0.5   2      6.5    16.5   62     95.5   100    83
34.0008   10.62525      -0.5   2      6.5    16.5   60.5   93.5   98     82
34.1379   10.66809375   -0.5   2      6      16.5   59.5   91.5   97.5   81
34.275    10.7109375    -0.5   2      6      16.5   58.5   89     96     80
34.4121   10.75378125   -0.5   2      6      16     57     86.5   95.5   79.5
34.5492   10.796625     0      2.5    6      16.5   56     85.5   95.5   80
