-79.929298	-24.97790563
-79.792198	-24.93506188
-79.655098	-24.89221813
-79.517998	-24.84937438
-79.380898	-24.80653063
-79.243797	-24.76368656
-79.106697	-24.72084281
-78.969597	-24.67799906
-78.832497	-24.63515531
-78.695396	-24.59231125
-78.558296	-24.5494675
-78.421204	-24.50662625
-78.284103	-24.46378219
-78.147003	-24.42093844
-78.009903	-24.37809469
-77.872803	-24.33525094
-77.735703	-24.29240719
-77.598602	-24.24956313
-77.461502	-24.20671938
-77.324402	-24.16387563
-77.187302	-24.12103188
-77.050201	-24.07818781
-76.913101	-24.03534406
-76.776001	-23.99250031
-76.638901	-23.94965656
-76.501801	-23.90681281
-76.3647	-23.86396875
-76.2276	-23.821125
-76.0905	-23.77828125
-75.9534	-23.7354375
-75.816299	-23.69259344
-75.679199	-23.64974969
-75.542099	-23.60690594
-75.404999	-23.56406219
-75.267899	-23.52121844
-75.130798	-23.47837438
-74.993698	-23.43553063
-74.856598	-23.39268688
-74.719498	-23.34984313
-74.582397	-23.30699906
-74.445297	-23.26415531
-74.308197	-23.22131156
-74.171097	-23.17846781
-74.033997	-23.13562406
-73.896896	-23.09278
-73.759804	-23.04993875
-73.622704	-23.007095
-73.485603	-22.96425094
-73.348503	-22.92140719
-73.211403	-22.87856344
-73.074303	-22.83571969
-72.937202	-22.79287563
-72.800102	-22.75003188
-72.663002	-22.70718813
-72.525902	-22.66434438
-72.388802	-22.62150063
-72.251701	-22.57865656
-72.114601	-22.53581281
-71.977501	-22.49296906
-71.840401	-22.45012531
-71.7033	-22.40728125
-71.5662	-22.3644375
-71.4291	-22.32159375
-71.292	-22.27875
-71.1549	-22.23590625
-71.017799	-22.19306219
-70.880699	-22.15021844
-70.743599	-22.10737469
-70.606499	-22.06453094
-70.469398	-22.02168688
-70.332298	-21.97884313
-70.195198	-21.93599938
-70.058098	-21.89315563
-69.920998	-21.85031188
-69.783897	-21.80746781
-69.646797	-21.76462406
-69.509697	-21.72178031
-69.372597	-21.67893656
-69.235497	-21.63609281
-69.098396	-21.59324875
-68.961304	-21.5504075
-68.824203	-21.50756344
-68.687103	-21.46471969
-68.550003	-21.42187594
-68.412903	-21.37903219
-68.275803	-21.33618844
-68.138702	-21.29334438
-68.001602	-21.25050063
-67.864502	-21.20765688
-67.727402	-21.16481313
-67.590302	-21.12196938
-67.453201	-21.07912531
-67.316101	-21.03628156
-67.179001	-20.99343781
-67.041901	-20.95059406
-66.9048	-20.90775
-66.7677	-20.86490625
-66.6306	-20.8220625
-66.4935	-20.77921875
-66.3564	-20.736375
-66.219299	-20.69353094
-66.082199	-20.65068719
-65.945099	-20.60784344
-65.807999	-20.56499969
-65.670898	-20.52215563
-65.533798	-20.47931188
-65.396698	-20.43646813
-65.259598	-20.39362438
-65.122498	-20.35078063
-64.985397	-20.30793656
-64.848297	-20.26509281
-64.711197	-20.22224906
-64.574097	-20.17940531
-64.436996	-20.13656125
-64.299896	-20.0937175
-64.162804	-20.05087625
-64.025703	-20.00803219
-63.888599	-19.96518719
-63.751499	-19.92234344
-63.614399	-19.87949969
-63.477299	-19.83665594
-63.340199	-19.79381219
-63.203098	-19.75096813
-63.066002	-19.70812563
-62.928902	-19.66528188
-62.791801	-19.62243781
-62.654701	-19.57959406
-62.517601	-19.53675031
-62.380501	-19.49390656
-62.243401	-19.45106281
-62.1063	-19.40821875
-61.9692	-19.365375
-61.8321	-19.32253125
-61.695	-19.2796875
-61.557899	-19.23684344
-61.420799	-19.19399969
-61.283699	-19.15115594
-61.146599	-19.10831219
-61.009499	-19.06546844
-60.872398	-19.02262438
-60.735298	-18.97978063
-60.598202	-18.93693813
-60.461102	-18.89409438
-60.324001	-18.85125031
-60.186901	-18.80840656
-60.049801	-18.76556281
-59.912701	-18.72271906
-59.7756	-18.679875
-59.6385	-18.63703125
-59.5014	-18.5941875
-59.3643	-18.55134375
-59.2272	-18.5085
-59.090099	-18.46565594
-58.952999	-18.42281219
-58.815899	-18.37996844
-58.678799	-18.33712469
-58.541698	-18.29428063
-58.404598	-18.25143688
-58.267502	-18.20859438
-58.130402	-18.16575063
-57.993301	-18.12290656
-57.856201	-18.08006281
-57.719101	-18.03721906
-57.582001	-17.99437531
-57.444901	-17.95153156
-57.3078	-17.9086875
-57.1707	-17.86584375
-57.0336	-17.823
-56.8965	-17.78015625
-56.759399	-17.73731219
-56.622299	-17.69446844
-56.485199	-17.65162469
-56.348099	-17.60878094
-56.210999	-17.56593719
-56.073898	-17.52309313
-55.936798	-17.48024938
-55.799702	-17.43740688
-55.662601	-17.39456281
-55.525501	-17.35171906
-55.388401	-17.30887531
-55.251301	-17.26603156
-55.114201	-17.22318781
-54.9771	-17.18034375
-54.84	-17.1375
-54.7029	-17.09465625
-54.5658	-17.0518125
-54.428699	-17.00896844
-54.291599	-16.96612469
-54.154499	-16.92328094
-54.017399	-16.88043719
-53.880299	-16.83759344
-53.743198	-16.79474938
-53.606098	-16.75190563
-53.469002	-16.70906313
-53.331902	-16.66621938
-53.194801	-16.62337531
-53.057701	-16.58053156
-52.920601	-16.53768781
-52.783501	-16.49484406
-52.6464	-16.452
-52.5093	-16.40915625
-52.3722	-16.3663125
-52.2351	-16.32346875
-52.098	-16.280625
-51.960899	-16.23778094
-51.823799	-16.19493719
-51.686699	-16.15209344
-51.549599	-16.10924969
-51.412498	-16.06640563
-51.275398	-16.02356188
-51.138302	-15.98071938
-51.001202	-15.93787563
-50.864101	-15.89503156
-50.727001	-15.85218781
-50.589901	-15.80934406
-50.452801	-15.76650031
-50.315701	-15.72365656
-50.1786	-15.6808125
-50.0415	-15.63796875
-49.9044	-15.595125
-49.7673	-15.55228125
-49.630199	-15.50943719
-49.493099	-15.46659344
-49.355999	-15.42374969
-49.218899	-15.38090594
-49.081799	-15.33806219
-48.944698	-15.29521813
-48.807598	-15.25237438
-48.670502	-15.20953188
-48.533401	-15.16668781
-48.396301	-15.12384406
-48.259201	-15.08100031
-48.122101	-15.03815656
-47.985001	-14.99531281
-47.8479	-14.95246875
-47.7108	-14.909625
-47.5737	-14.86678125
-47.4366	-14.8239375
-47.2995	-14.78109375
-47.162399	-14.73824969
-47.025299	-14.69540594
-46.888199	-14.65256219
-46.751099	-14.60971844
-46.613998	-14.56687438
-46.476898	-14.52403063
-46.339802	-14.48118813
-46.202702	-14.43834438
-46.065601	-14.39550031
-45.928501	-14.35265656
-45.791401	-14.30981281
-45.654301	-14.26696906
-45.5172	-14.224125
-45.3801	-14.18128125
-45.243	-14.1384375
-45.1059	-14.09559375
-44.9688	-14.05275
-44.831699	-14.00990594
-44.694599	-13.96706219
-44.557499	-13.92421844
-44.420399	-13.88137469
-44.283298	-13.83853063
-44.146198	-13.79568688
-44.009102	-13.75284438
-43.872002	-13.71000063
-43.734901	-13.66715656
-43.597801	-13.62431281
-43.460701	-13.58146906
-43.323601	-13.53862531
-43.186501	-13.49578156
-43.0494	-13.4529375
-42.9123	-13.41009375
-42.7752	-13.36725
-42.6381	-13.32440625
-42.500999	-13.28156219
-42.363899	-13.23871844
-42.226799	-13.19587469
-42.089699	-13.15303094
-41.952599	-13.11018719
-41.815498	-13.06734313
-41.678398	-13.02449938
-41.541302	-12.98165688
-41.404202	-12.93881313
-41.267101	-12.89596906
-41.130001	-12.85312531
-40.992901	-12.81028156
-40.855801	-12.76743781
-40.7187	-12.72459375
-40.5816	-12.68175
-40.4445	-12.63890625
-40.3074	-12.5960625
-40.1703	-12.55321875
-40.033199	-12.51037469
-39.896099	-12.46753094
-39.758999	-12.42468719
-39.621899	-12.38184344
-39.484798	-12.33899938
-39.347698	-12.29615563
-39.210602	-12.25331313
-39.073502	-12.21046938
-38.936401	-12.16762531
-38.799301	-12.12478156
-38.662201	-12.08193781
-38.525101	-12.03909406
-38.388	-11.99625
-38.2509	-11.95340625
-38.1138	-11.9105625
-37.9767	-11.86771875
-37.8396	-11.824875
-37.702499	-11.78203094
-37.565399	-11.73918719
-37.428299	-11.69634344
-37.291199	-11.65349969
-37.154099	-11.61065594
-37.016998	-11.56781188
-36.879902	-11.52496938
-36.742802	-11.48212563
-36.605701	-11.43928156
-36.468601	-11.39643781
-36.331501	-11.35359406
-36.194401	-11.31075031
-36.057301	-11.26790656
-35.9202	-11.2250625
-35.7831	-11.18221875
-35.646	-11.139375
-35.5089	-11.09653125
-35.371799	-11.05368719
-35.234699	-11.01084344
-35.097599	-10.96799969
-34.960499	-10.92515594
-34.823399	-10.88231219
-34.686298	-10.83946813
-34.549198	-10.79662438
-34.412102	-10.75378188
-34.275002	-10.71093813
-34.137901	-10.66809406
-34.000801	-10.62525031
-33.863701	-10.58240656
-33.726601	-10.53956281
-33.5895	-10.49671875
-33.4524	-10.453875
-33.3153	-10.41103125
-33.1782	-10.3681875
-33.0411	-10.32534375
-32.903999	-10.28249969
-32.766899	-10.23965594
-32.629799	-10.19681219
-32.492699	-10.15396844
-32.355598	-10.11112438
-32.218498	-10.06828063
-32.081402	-10.02543813
-31.9443	-9.98259375
-31.807199	-9.939749688
-31.670099	-9.896905938
-31.533001	-9.854062813
-31.395901	-9.811219063
-31.258801	-9.768375313
-31.1217	-9.72553125
-30.9846	-9.6826875
-30.8475	-9.63984375
-30.7104	-9.597
-30.573299	-9.554155938
-30.436199	-9.511312188
-30.299101	-9.468469063
-30.162001	-9.425625313
-30.0249	-9.38278125
-29.8878	-9.3399375
-29.7507	-9.29709375
-29.6136	-9.25425
-29.4765	-9.21140625
-29.339399	-9.168562188
-29.202299	-9.125718438
-29.065201	-9.082875313
-28.928101	-9.040031563
-28.791	-8.9971875
-28.6539	-8.95434375
-28.5168	-8.9115
-28.3797	-8.86865625
-28.242599	-8.825812188
-28.105499	-8.782968438
-27.968399	-8.740124688
-27.831301	-8.697281563
-27.694201	-8.654437813
-27.5571	-8.61159375
-27.42	-8.56875
-27.2829	-8.52590625
-27.1458	-8.4830625
-27.008699	-8.440218438
-26.871599	-8.397374688
-26.734501	-8.354531563
-26.597401	-8.311687813
-26.4603	-8.26884375
-26.3232	-8.226
-26.1861	-8.18315625
-26.049	-8.1403125
-25.9119	-8.09746875
-25.774799	-8.054624688
-25.637699	-8.011780938
-25.500601	-7.968937813
-25.363501	-7.926094063
-25.2264	-7.88325
-25.0893	-7.84040625
-24.9522	-7.7975625
-24.8151	-7.75471875
-24.677999	-7.711874688
-24.540899	-7.669030938
-24.403799	-7.626187188
-24.266701	-7.583344063
-24.129601	-7.540500313
-23.9925	-7.49765625
-23.8554	-7.4548125
-23.7183	-7.41196875
-23.5812	-7.369125
-23.444099	-7.326280938
-23.306999	-7.283437188
-23.169901	-7.240594063
-23.032801	-7.197750313
-22.8957	-7.15490625
-22.7586	-7.1120625
-22.6215	-7.06921875
-22.4844	-7.026375
-22.3473	-6.98353125
-22.210199	-6.940687188
-22.073099	-6.897843438
-21.936001	-6.855000313
-21.798901	-6.812156563
-21.6618	-6.7693125
-21.5247	-6.72646875
-21.3876	-6.683625
-21.2505	-6.64078125
-21.1134	-6.5979375
-20.976299	-6.555093438
-20.839199	-6.512249688
-20.702101	-6.469406563
-20.565001	-6.426562813
-20.4279	-6.38371875
-20.2908	-6.340875
-20.1537	-6.29803125
-20.0166	-6.2551875
-19.879499	-6.212343438
-19.742399	-6.169499688
-19.605301	-6.126656563
-19.468201	-6.083812813
-19.3311	-6.04096875
-19.194	-5.998125
-19.0569	-5.95528125
-18.9198	-5.9124375
-18.7827	-5.86959375
-18.645599	-5.826749688
-18.508499	-5.783905938
-18.371401	-5.741062813
-18.234301	-5.698219063
-18.0972	-5.655375
-17.9601	-5.61253125
-17.823	-5.5696875
-17.6859	-5.52684375
-17.5488	-5.484
-17.411699	-5.441155938
-17.274599	-5.398312188
-17.137501	-5.355469063
-17.000401	-5.312625313
-16.8633	-5.26978125
-16.7262	-5.2269375
-16.5891	-5.18409375
-16.452	-5.14125
-16.314899	-5.098405938
-16.177799	-5.055562188
-16.040701	-5.012719063
-15.9036	-4.969875
-15.7665	-4.92703125
-15.6294	-4.8841875
-15.4923	-4.84134375
-15.3552	-4.7985
-15.2181	-4.75565625
-15.081	-4.7128125
-14.9439	-4.66996875
-14.8068	-4.627125
-14.6697	-4.58428125
-14.5326	-4.5414375
-14.3955	-4.49859375
-14.2584	-4.45575
-14.1213	-4.41290625
-13.9842	-4.3700625
-13.8471	-4.32721875
-13.71	-4.284375
-13.5729	-4.24153125
-13.4358	-4.1986875
-13.2987	-4.15584375
-13.1616	-4.113
-13.0245	-4.07015625
-12.8874	-4.0273125
-12.7503	-3.98446875
-12.6132	-3.941625
-12.4761	-3.89878125
-12.339	-3.8559375
-12.2019	-3.81309375
-12.0648	-3.77025
-11.9277	-3.72740625
-11.7906	-3.6845625
-11.6535	-3.64171875
-11.5164	-3.598875
-11.3793	-3.55603125
-11.2422	-3.5131875
-11.1051	-3.47034375
-10.968	-3.4275
-10.8309	-3.38465625
-10.6938	-3.3418125
-10.5567	-3.29896875
-10.4196	-3.256125
-10.2825	-3.21328125
-10.1454	-3.1704375
-10.0083	-3.12759375
-9.8711996	-3.084749875
-9.7341003	-3.041906344
-9.5970001	-2.999062531
-9.4598999	-2.956218719
-9.3227997	-2.913374906
-9.1857004	-2.870531375
-9.0486002	-2.827687563
-8.9115	-2.78484375
-8.7743998	-2.741999938
-8.6372995	-2.699156094
-8.5002003	-2.656312594
-8.3631001	-2.613468781
-8.2259998	-2.570624938
-8.0888996	-2.527781125
-7.9517999	-2.484937469
-7.8147001	-2.442093781
-7.6775999	-2.399249969
-7.5405002	-2.356406313
-7.4033999	-2.313562469
-7.2663002	-2.270718813
-7.1292	-2.227875
-6.9920998	-2.185031188
-6.855	-2.1421875
-6.7178998	-2.099343688
-6.5808001	-2.056500031
-6.4436998	-2.013656188
-6.3066001	-1.970812531
-6.1694999	-1.927968719
-6.0324001	-1.885125031
-5.8952999	-1.842281219
-5.7582002	-1.799437563
-5.6210999	-1.756593719
-5.4840002	-1.713750063
-5.3469	-1.67090625
-5.2097998	-1.628062438
-5.0727	-1.58521875
-4.9355998	-1.542374938
-4.7985001	-1.499531281
-4.6613998	-1.456687438
-4.5243001	-1.413843781
-4.3871999	-1.370999969
-4.2501001	-1.328156281
-4.1129999	-1.285312469
-3.9758999	-1.242468719
-3.8388	-1.199625
-3.7017	-1.15678125
-3.5646	-1.1139375
-3.4275	-1.07109375
-3.2904	-1.02825
-3.1533	-0.98540625
-3.0162001	-0.942562531
-2.8791001	-0.899718781
-2.7420001	-0.856875031
-2.6048999	-0.814031219
-2.4677999	-0.771187469
-2.3306999	-0.728343719
-2.1935999	-0.685499969
-2.0565	-0.64265625
-1.9194	-0.5998125
-1.7823	-0.55696875
-1.6452	-0.514125
-1.5081	-0.47128125
-1.3710001	-0.428437531
-1.2339	-0.38559375
-1.0968	-0.34275
-0.95969999	-0.299906247
-0.82260001	-0.257062503
-0.68550003	-0.214218759
-0.54839998	-0.171374994
-0.4113	-0.12853125
-0.27419999	-0.085687497
-0.1371	-0.04284375
0	0
0.1371	0.04284375
0.27419999	0.085687497
0.4113	0.12853125
0.54839998	0.171374994
0.68550003	0.214218759
0.82260001	0.257062503
0.95969999	0.299906247
1.0968	0.34275
1.2339	0.38559375
1.3710001	0.428437531
1.5081	0.47128125
1.6452	0.514125
1.7823	0.55696875
1.9194	0.5998125
2.0565	0.64265625
2.1935999	0.685499969
2.3306999	0.728343719
2.4677999	0.771187469
2.6048999	0.814031219
2.7420001	0.856875031
2.8791001	0.899718781
3.0162001	0.942562531
3.1533	0.98540625
3.2904	1.02825
3.4275	1.07109375
3.5646	1.1139375
3.7017	1.15678125
3.8388	1.199625
3.9758999	1.242468719
4.1129999	1.285312469
4.2501001	1.328156281
4.3871999	1.370999969
4.5243001	1.413843781
4.6613998	1.456687438
4.7985001	1.499531281
4.9355998	1.542374938
5.0727	1.58521875
5.2097998	1.628062438
5.3469	1.67090625
5.4840002	1.713750063
5.6210999	1.756593719
5.7582002	1.799437563
5.8952999	1.842281219
6.0324001	1.885125031
6.1694999	1.927968719
6.3066001	1.970812531
6.4436998	2.013656188
6.5808001	2.056500031
6.7178998	2.099343688
6.855	2.1421875
6.9920998	2.185031188
7.1292	2.227875
7.2663002	2.270718813
7.4033999	2.313562469
7.5405002	2.356406313
7.6775999	2.399249969
7.8147001	2.442093781
7.9517999	2.484937469
8.0888996	2.527781125
8.2259998	2.570624938
8.3631001	2.613468781
8.5002003	2.656312594
8.6372995	2.699156094
8.7743998	2.741999938
8.9115	2.78484375
9.0486002	2.827687563
9.1857004	2.870531375
9.3227997	2.913374906
9.4598999	2.956218719
9.5970001	2.999062531
9.7341003	3.041906344
9.8711996	3.084749875
10.0083	3.12759375
10.1454	3.1704375
10.2825	3.21328125
10.4196	3.256125
10.5567	3.29896875
10.6938	3.3418125
10.8309	3.38465625
10.968	3.4275
11.1051	3.47034375
11.2422	3.5131875
11.3793	3.55603125
11.5164	3.598875
11.6535	3.64171875
11.7906	3.6845625
11.9277	3.72740625
12.0648	3.77025
12.2019	3.81309375
12.339	3.8559375
12.4761	3.89878125
12.6132	3.941625
12.7503	3.98446875
12.8874	4.0273125
13.0245	4.07015625
13.1616	4.113
13.2987	4.15584375
13.4358	4.1986875
13.5729	4.24153125
13.71	4.284375
13.8471	4.32721875
13.9842	4.3700625
14.1213	4.41290625
14.2584	4.45575
14.3955	4.49859375
14.5326	4.5414375
14.6697	4.58428125
14.8068	4.627125
14.9439	4.66996875
15.081	4.7128125
15.2181	4.75565625
15.3552	4.7985
15.4923	4.84134375
15.6294	4.8841875
15.7665	4.92703125
15.9036	4.969875
16.040701	5.012719063
16.177799	5.055562188
16.314899	5.098405938
16.452	5.14125
16.5891	5.18409375
16.7262	5.2269375
16.8633	5.26978125
17.000401	5.312625313
17.137501	5.355469063
17.274599	5.398312188
17.411699	5.441155938
17.5488	5.484
17.6859	5.52684375
17.823	5.5696875
17.9601	5.61253125
18.0972	5.655375
18.234301	5.698219063
18.371401	5.741062813
18.508499	5.783905938
18.645599	5.826749688
18.7827	5.86959375
18.9198	5.9124375
19.0569	5.95528125
19.194	5.998125
19.3311	6.04096875
19.468201	6.083812813
19.605301	6.126656563
19.742399	6.169499688
19.879499	6.212343438
20.0166	6.2551875
20.1537	6.29803125
20.2908	6.340875
20.4279	6.38371875
20.565001	6.426562813
20.702101	6.469406563
20.839199	6.512249688
20.976299	6.555093438
21.1134	6.5979375
21.2505	6.64078125
21.3876	6.683625
21.5247	6.72646875
21.6618	6.7693125
21.798901	6.812156563
21.936001	6.855000313
22.073099	6.897843438
22.210199	6.940687188
22.3473	6.98353125
22.4844	7.026375
22.6215	7.06921875
22.7586	7.1120625
22.8957	7.15490625
23.032801	7.197750313
23.169901	7.240594063
23.306999	7.283437188
23.444099	7.326280938
23.5812	7.369125
23.7183	7.41196875
23.8554	7.4548125
23.9925	7.49765625
24.129601	7.540500313
24.266701	7.583344063
24.403799	7.626187188
24.540899	7.669030938
24.677999	7.711874688
24.8151	7.75471875
24.9522	7.7975625
25.0893	7.84040625
25.2264	7.88325
25.363501	7.926094063
25.500601	7.968937813
25.637699	8.011780938
25.774799	8.054624688
25.9119	8.09746875
26.049	8.1403125
26.1861	8.18315625
26.3232	8.226
26.4603	8.26884375
26.597401	8.311687813
26.734501	8.354531563
26.871599	8.397374688
27.008699	8.440218438
27.1458	8.4830625
27.2829	8.52590625
27.42	8.56875
27.5571	8.61159375
27.694201	8.654437813
27.831301	8.697281563
27.968399	8.740124688
28.105499	8.782968438
28.242599	8.825812188
28.3797	8.86865625
28.5168	8.9115
28.6539	8.95434375
28.791	8.9971875
28.928101	9.040031563
29.065201	9.082875313
29.202299	9.125718438
29.339399	9.168562188
29.4765	9.21140625
29.6136	9.25425
29.7507	9.29709375
29.8878	9.3399375
30.0249	9.38278125
30.162001	9.425625313
30.299101	9.468469063
30.436199	9.511312188
30.573299	9.554155938
30.7104	9.597
30.8475	9.63984375
30.9846	9.6826875
31.1217	9.72553125
31.258801	9.768375313
31.395901	9.811219063
31.533001	9.854062813
31.670099	9.896905938
31.807199	9.939749688
31.9443	9.98259375
32.081402	10.02543813
32.218498	10.06828063
32.355598	10.11112438
32.492699	10.15396844
32.629799	10.19681219
32.766899	10.23965594
32.903999	10.28249969
33.0411	10.32534375
33.1782	10.3681875
33.3153	10.41103125
33.4524	10.453875
33.5895	10.49671875
33.726601	10.53956281
33.863701	10.58240656
34.000801	10.62525031
34.137901	10.66809406
34.275002	10.71093813
34.412102	10.75378188
34.549198	10.79662438
34.686298	10.83946813
34.823399	10.88231219
34.960499	10.92515594
35.097599	10.96799969
35.234699	11.01084344
35.371799	11.05368719
35.5089	11.09653125
35.646	11.139375
35.7831	11.18221875
35.9202	11.2250625
36.057301	11.26790656
36.194401	11.31075031
36.331501	11.35359406
36.468601	11.39643781
36.605701	11.43928156
36.742802	11.48212563
36.879902	11.52496938
37.016998	11.56781188
37.154099	11.61065594
37.291199	11.65349969
37.428299	11.69634344
37.565399	11.73918719
37.702499	11.78203094
37.8396	11.824875
37.9767	11.86771875
38.1138	11.9105625
38.2509	11.95340625
38.388	11.99625
38.525101	12.03909406
38.662201	12.08193781
38.799301	12.12478156
38.936401	12.16762531
39.073502	12.21046938
39.210602	12.25331313
39.347698	12.29615563
39.484798	12.33899938
39.621899	12.38184344
39.758999	12.42468719
39.896099	12.46753094
40.033199	12.51037469
40.1703	12.55321875
40.3074	12.5960625
40.4445	12.63890625
40.5816	12.68175
40.7187	12.72459375
40.855801	12.76743781
40.992901	12.81028156
41.130001	12.85312531
41.267101	12.89596906
41.404202	12.93881313
41.541302	12.98165688
41.678398	13.02449938
41.815498	13.06734313
41.952599	13.11018719
42.089699	13.15303094
42.226799	13.19587469
42.363899	13.23871844
42.500999	13.28156219
42.6381	13.32440625
42.7752	13.36725
42.9123	13.41009375
43.0494	13.4529375
43.186501	13.49578156
43.323601	13.53862531
43.460701	13.58146906
43.597801	13.62431281
43.734901	13.66715656
43.872002	13.71000063
44.009102	13.75284438
44.146198	13.79568688
44.283298	13.83853063
44.420399	13.88137469
44.557499	13.92421844
44.694599	13.96706219
44.831699	14.00990594
44.9688	14.05275
45.1059	14.09559375
45.243	14.1384375
45.3801	14.18128125
45.5172	14.224125
45.654301	14.26696906
45.791401	14.30981281
45.928501	14.35265656
46.065601	14.39550031
46.202702	14.43834438
46.339802	14.48118813
46.476898	14.52403063
46.613998	14.56687438
46.751099	14.60971844
46.888199	14.65256219
47.025299	14.69540594
47.162399	14.73824969
47.2995	14.78109375
47.4366	14.8239375
47.5737	14.86678125
47.7108	14.909625
47.8479	14.95246875
47.985001	14.99531281
48.122101	15.03815656
48.259201	15.08100031
48.396301	15.12384406
48.533401	15.16668781
48.670502	15.20953188
48.807598	15.25237438
48.944698	15.29521813
49.081799	15.33806219
49.218899	15.38090594
49.355999	15.42374969
49.493099	15.46659344
49.630199	15.50943719
49.7673	15.55228125
49.9044	15.595125
50.0415	15.63796875
50.1786	15.6808125
50.315701	15.72365656
50.452801	15.76650031
50.589901	15.80934406
50.727001	15.85218781
50.864101	15.89503156
51.001202	15.93787563
51.138302	15.98071938
51.275398	16.02356188
51.412498	16.06640563
51.549599	16.10924969
51.686699	16.15209344
51.823799	16.19493719
51.960899	16.23778094
52.098	16.280625
52.2351	16.32346875
52.3722	16.3663125
52.5093	16.40915625
52.6464	16.452
52.783501	16.49484406
52.920601	16.53768781
53.057701	16.58053156
53.194801	16.62337531
53.331902	16.66621938
53.469002	16.70906313
53.606098	16.75190563
53.743198	16.79474938
53.880299	16.83759344
54.017399	16.88043719
54.154499	16.92328094
54.291599	16.96612469
54.428699	17.00896844
54.5658	17.0518125
54.7029	17.09465625
54.84	17.1375
54.9771	17.18034375
55.114201	17.22318781
55.251301	17.26603156
55.388401	17.30887531
55.525501	17.35171906
55.662601	17.39456281
55.799702	17.43740688
55.936798	17.48024938
56.073898	17.52309313
56.210999	17.56593719
56.348099	17.60878094
56.485199	17.65162469
56.622299	17.69446844
56.759399	17.73731219
56.8965	17.78015625
57.0336	17.823
57.1707	17.86584375
57.3078	17.9086875
57.444901	17.95153156
57.582001	17.99437531
57.719101	18.03721906
57.856201	18.08006281
57.993301	18.12290656
58.130402	18.16575063
58.267502	18.20859438
58.404598	18.25143688
58.541698	18.29428063
58.678799	18.33712469
58.815899	18.37996844
58.952999	18.42281219
59.090099	18.46565594
59.2272	18.5085
59.3643	18.55134375
59.5014	18.5941875
59.6385	18.63703125
59.7756	18.679875
59.912701	18.72271906
60.049801	18.76556281
60.186901	18.80840656
60.324001	18.85125031
60.461102	18.89409438
60.598202	18.93693813
60.735298	18.97978063
60.872398	19.02262438
61.009499	19.06546844
61.146599	19.10831219
61.283699	19.15115594
61.420799	19.19399969
61.557899	19.23684344
61.695	19.2796875
61.8321	19.32253125
61.9692	19.365375
62.1063	19.40821875
62.243401	19.45106281
62.380501	19.49390656
62.517601	19.53675031
62.654701	19.57959406
62.791801	19.62243781
62.928902	19.66528188
63.066002	19.70812563
63.203098	19.75096813
63.340199	19.79381219
63.477299	19.83665594
63.614399	19.87949969
63.751499	19.92234344
63.888599	19.96518719
64.025703	20.00803219
64.162804	20.05087625
64.299896	20.0937175
64.436996	20.13656125
64.574097	20.17940531
64.711197	20.22224906
64.848297	20.26509281
64.985397	20.30793656
65.122498	20.35078063
65.259598	20.39362438
65.396698	20.43646813
65.533798	20.47931188
65.670898	20.52215563
65.807999	20.56499969
65.945099	20.60784344
66.082199	20.65068719
66.219299	20.69353094
66.3564	20.736375
66.4935	20.77921875
66.6306	20.8220625
66.7677	20.86490625
66.9048	20.90775
67.041901	20.95059406
67.179001	20.99343781
67.316101	21.03628156
67.453201	21.07912531
67.590302	21.12196938
67.727402	21.16481313
67.864502	21.20765688
68.001602	21.25050063
68.138702	21.29334438
68.275803	21.33618844
68.412903	21.37903219
68.550003	21.42187594
68.687103	21.46471969
68.824203	21.50756344
68.961304	21.5504075
69.098396	21.59324875
69.235497	21.63609281
69.372597	21.67893656
69.509697	21.72178031
69.646797	21.76462406
69.783897	21.80746781
69.920998	21.85031188
70.058098	21.89315563
70.195198	21.93599938
70.332298	21.97884313
70.469398	22.02168688
70.606499	22.06453094
70.743599	22.10737469
70.880699	22.15021844
71.017799	22.19306219
71.1549	22.23590625
71.292	22.27875
71.4291	22.32159375
71.5662	22.3644375
71.7033	22.40728125
71.840401	22.45012531
71.977501	22.49296906
72.114601	22.53581281
72.251701	22.57865656
72.388802	22.62150063
72.525902	22.66434438
72.663002	22.70718813
72.800102	22.75003188
72.937202	22.79287563
73.074303	22.83571969
73.211403	22.87856344
73.348503	22.92140719
73.485603	22.96425094
73.622704	23.007095
73.759804	23.04993875
73.896896	23.09278
74.033997	23.13562406
74.171097	23.17846781
74.308197	23.22131156
74.445297	23.26415531
74.582397	23.30699906
74.719498	23.34984313
74.856598	23.39268688
74.993698	23.43553063
75.130798	23.47837438
75.267899	23.52121844
75.404999	23.56406219
75.542099	23.60690594
75.679199	23.64974969
75.816299	23.69259344
75.9534	23.7354375
76.0905	23.77828125
76.2276	23.821125
76.3647	23.86396875
76.501801	23.90681281
76.638901	23.94965656
76.776001	23.99250031
76.913101	24.03534406
77.050201	24.07818781
77.187302	24.12103188
77.324402	24.16387563
77.461502	24.20671938
77.598602	24.24956313
77.735703	24.29240719
77.872803	24.33525094
78.009903	24.37809469
78.147003	24.42093844
78.284103	24.46378219
78.421204	24.50662625
78.558296	24.5494675
78.695396	24.59231125
78.832497	24.63515531
78.969597	24.67799906
79.106697	24.72084281
79.243797	24.76368656
79.380898	24.80653063
79.517998	24.84937438
79.655098	24.89221813
79.792198	24.93506188
79.929298	24.97790563
