# r (mm)    r/D     75      125     175    225    275    325    375    425    475    525    575    625    675    725    775   825
-34.5492  -10.796625    0       4       14.5    94.5   220    414    375    335.5  338.5  335.5  301.5  273    188    117    66.5   25
-34.4121  -10.75378125  -1      3.5     14      98     223    415    375.5  334.5  339    335.5  301.5  272    187.5  117    66     24.5
-34.275   -10.7109375   -0.5    3.5     14.5    102    227.5  417    377    334    341    336    302    272    187.5  117.5  66     24.5
-34.1379  -10.66809375  -0.5    3.5     15.5    107    232    419.5  379    334.5  342.5  337    303    272.5  187.5  118    66     24.5
-34.0008  -10.62525     -0.5    4       15.5    112    236    422.5  380.5  335    344    337.5  305    273    188    119    66.5   24.5
-33.8637  -10.58240625  -0.5    4.5     16      117    241    425.5  383    335.5  346    339    306    273.5  188.5  119    67     25
-33.7266  -10.5395625   -0.5    4.5     16.5    123    246.5  429.5  385    336.5  348    340    307.5  275    190    120    67     25
-33.5895  -10.49671875  0       4.5     17      128    252    433    387.5  337    349.5  341.5  309.5  276    191    121    68     25.5
-33.4524  -10.453875    0       4.5     17.5    134    258    437    390.5  338    350.5  343    311.5  277.5  192    122    68.5   25.5
-33.3153  -10.41103125  0       4.5     18      139.5  263.5  441.5  392.5  339.5  352.5  344.5  313.5  279.5  193    123    69     26.5
-33.1782  -10.3681875   0       4.5     19      145    270.5  445.5  395    341    353.5  346    315    280.5  195    124    70     26.5
-33.0411  -10.32534375  0       5       19      150    276    449    397.5  342    355    347    316    282    195.5  124.5  70.5   26.5
-32.904   -10.2825      0       5       19.5    155    282    452.5  399.5  343    356    348.5  317    283    196.5  125    71     27
-32.7669  -10.23965625  0       5       19.5    160    288    455.5  401.5  344    357    349.5  318    284    197.5  126    72     27.5
-32.6298  -10.1968125   0       5       20.5    164.5  294    458.5  403.5  345    357.5  350.5  319    286    199    127    72     28
-32.4927  -10.15396875  0       5       21      169    299    461    404    346    358    351.5  319.5  287    200    127.5  73     28
-32.3556  -10.111125    0.5     5       21.5    173.5  304    463    405    345.5  358.5  352.5  320    288    201    128.5  73.5   28
-32.2185  -10.06828125  0.5     5       22      178.5  308.5  465.5  405.5  345.5  359    353.5  321    289    202.5  129.5  74.5   28.5
-32.0814  -10.0254375   0.5     5       22.5    183.5  313    467.5  406    345.5  359.5  354    322    290.5  203.5  130.5  74.5   28.5
-31.9443  -9.98259375   0.5     5       23.5    189    316.5  468    405.5  344.5  358.5  354    322.5  291    204.5  130.5  75     28.5
-31.8072  -9.93975      0.5     5.5     24.5    194.5  320.5  469    405    344    359    354.5  322.5  292    206    131    75.5   28.5
-31.6701  -9.89690625   0.5     5.5     25      200.5  324.5  470    405    343.5  359    355.5  324    293    207    131.5  75.5   29
-31.533   -9.8540625    0.5     5.5     26      207    328    472    405    342.5  359.5  356.5  325    293.5  208.5  132    76.5   29.5
-31.3959  -9.81121875   0.5     6       26.5    213.5  331    472.5  405    342    359.5  357    326.5  293.5  209.5  132.5  76.5   29.5
-31.2588  -9.768375     0.5     6       28      220.5  334    473.5  404    341    360    358.5  327.5  294.5  210.5  133    77.5   29.5
-31.1217  -9.72553125   0.5     6       28.5    228.5  338    475    404.5  341.5  360.5  360    330    295    212    134    77.5   30.5
-30.9846  -9.6826875    0.5     6       30      237    342    478    405    342.5  361    361.5  332    297    213.5  134.5  78.5   30.5
-30.8475  -9.63984375   1       6       32      246    346.5  482    406.5  343.5  362.5  364.5  335.5  298.5  216    136    79.5   30.5
-30.7104  -9.597        1       6       33      254.5  351    485    407.5  344.5  363    366    339    300.5  217.5  137    80     31.5
-30.5733  -9.55415625   1       6       34.5    264    355    488.5  408.5  346    363.5  367.5  341.5  302.5  219    138.5  80.5   31.5
-30.4362  -9.5113125    1       6       36.5    273.5  360.5  493    410.5  348    364.5  370    345    305.5  221.5  140    81.5   32.5
-30.2991  -9.46846875   1       6.5     38.5    282.5  364.5  497    411.5  350    365    371    348    307.5  223    141.5  82     32.5
-30.162   -9.425625     1       6.5     40.5    291.5  369    500.5  412.5  351    365    371.5  350.5  309    225    142.5  83     33
-30.0249  -9.38278125   1.5     7       42.5    300.5  372.5  503    413.5  352    365    372    353    310.5  226    143    83     33.5
-29.8878  -9.3399375    1.5     7       45      309.5  375.5  504.5  412.5  352    363    370.5  354.5  311    226.5  143.5  83     33.5
-29.7507  -9.29709375   1.5     7       47.5    318    377.5  505.5  412    352    361    369.5  356.5  311.5  227.5  144.5  83.5   33.5
-29.6136  -9.25425      1.5     7       50      327    380    506.5  411    352    359.5  369    357.5  311.5  228    144.5  83.5   34
-29.4765  -9.21140625   1.5     7       52.5    335.5  382    507.5  410.5  351.5  358    367.5  359    312    228    145    84.5   34.5
-29.3394  -9.1685625    1.5     7       55.5    343.5  384.5  508    409.5  351.5  356    367    360.5  311.5  228.5  145    84.5   34.5
-29.2023  -9.12571875   1.5     7       59      353    388    509    410    352    355    366.5  362    312.5  229    146    85     35
-29.0652  -9.082875     1.5     7       62.5    362.5  391    509.5  409.5  352    354.5  367    363.5  313.5  230    147    86     35
-28.9281  -9.04003125   1.5     7       65.5    371.5  394.5  510    409.5  352    353.5  367.5  365    314    230.5  147.5  86     35.5
-28.791   -8.9971875    1.5     7.5     69      380    398.5  510.5  410    352    353    368    366.5  315.5  231.5  148.5  86.5   35.5
-28.6539  -8.95434375   1.5     7.5     74      390    403    510    410    352    353    368.5  368.5  316.5  232.5  149    86.5   35.5
-28.5168  -8.9115       1.5     8       78.5    400.5  408    509.5  410    352.5  353.5  370    371    318    234    150.5  87.5   36
-28.3797  -8.86865625   1.5     8       83.5    411.5  414    509    410.5  353    354    371.5  373.5  320.5  236    152    88     36.5
-28.2426  -8.8258125    1.5     8       89      422.5  419.5  507.5  410    352.5  354    373    375.5  321.5  237    153    89     36.5
-28.1055  -8.78296875   1.5     8       95      433.5  426    505    410    352.5  354    374    378    323.5  239    153.5  89.5   37
-27.9684  -8.740125     1.5     9       102     445.5  434    504    410.5  353.5  355.5  376    381    326.5  241.5  155.5  90.5   37.5
-27.8313  -8.69728125   2       9       109     457.5  441.5  502    410.5  354.5  356    377.5  383    328    243    156    91     38
-27.6942  -8.6544375    2       9       117     469    449    501    411    355.5  357    378.5  385.5  330    244.5  157    91.5   38
-27.5571  -8.61159375   2       9       125     480.5  456    499    410.5  356    356.5  379    386    330.5  246    157    91.5   38
-27.42    -8.56875      2       9       133     490.5  462.5  496    409.5  356    356    379    386.5  331.5  246.5  157    91.5   38.5
-27.2829  -8.52590625   2       9       142     501    469.5  494.5  409    357    356    379    388    331.5  247    157    92     38.5
-27.1458  -8.4830625    2.5     9.5     151     512.5  476.5  493    408.5  358    356.5  379.5  389.5  333    248    157.5  92.5   38.5
-27.0087  -8.44021875   2.5     9.5     160.5   523    482.5  491.5  407.5  358.5  356    379.5  391    333.5  249    157.5  93     39
-26.8716  -8.397375     2.5     10      169.5   533.5  488    489.5  406    358.5  355.5  379    391.5  334    249.5  157.5  93.5   39.5
-26.7345  -8.35453125   2.5     10      178.5   544.5  493.5  487.5  405.5  359    355    378.5  393    335.5  251    158    94     39.5
-26.5974  -8.3116875    2.5     10.5    187.5   555    499.5  486    404    359    355    378    394.5  337    252    158    94.5   40
-26.4603  -8.26884375   2.5     10.5    197     566.5  505.5  485.5  404    359.5  356    378.5  396.5  338.5  254    159    95.5   40
-26.3232  -8.226        2.5     11      206.5   577.5  511.5  483.5  403.5  359.5  356    378.5  398    340    254.5  159    96     40.5
-26.1861  -8.18315625   2.5     11.5    215     587.5  516.5  481.5  402    360    356.5  378    399    341    255.5  159    96.5   40.5
-26.049   -8.1403125    2.5     11.5    224     598.5  521.5  480    401.5  360    357    377.5  400    342    257    159    97     40.5
-25.9119  -8.09746875   2.5     12      233     608.5  526    477.5  400.5  360.5  357.5  377.5  401    343    257.5  159    97.5   40.5
-25.7748  -8.054625     2.5     12      243     619.5  531    476.5  399.5  360.5  358.5  378    402.5  344.5  259    159    99     40.5
-25.6377  -8.01178125   2.5     12.5    253     630.5  535.5  474.5  398.5  361    359.5  379    404    346    260.5  160    99     40.5
-25.5006  -7.9689375    2.5     12.5    263     640    539    472    397.5  360.5  360.5  379    404.5  347    262    160.5  100    41
-25.3635  -7.92609375   3.5     13      273     648.5  539.5  468.5  395    359.5  360.5  379    404.5  348    262.5  161    100.5  41
-25.2264  -7.88325      3.5     13.5    283     655.5  539.5  464.5  392    357.5  359    378    404    347.5  263    161.5  101    41
-25.0893  -7.84040625   3       13.5    293.5   663    539.5  461    389.5  355.5  358.5  378    403.5  348    263.5  162    101.5  41
-24.9522  -7.7975625    3       14      304.5   671    539.5  457    387.5  353.5  357.5  377    403    348.5  265    162.5  102    41
-24.8151  -7.75471875   3       14.5    315.5   677    538    452    384.5  351.5  355.5  375.5  401.5  347.5  264.5  162.5  102    40.5
-24.678   -7.711875     3       14.5    326.5   683.5  536.5  447    381.5  349    353.5  374.5  399.5  346.5  264    162.5  102    40
-24.5409  -7.66903125   3       15      338     691    536.5  443.5  379.5  347.5  352    373.5  398.5  346    264.5  162.5  102.5  40
-24.4038  -7.6261875    3       15.5    351     700.5  538    440.5  378    346.5  351.5  373.5  398.5  346.5  265.5  163.5  103.5  40
-24.2667  -7.58334375   3.5     16      364     711    541    438.5  377    346    351.5  374    398.5  347.5  266.5  164.5  103.5  40.5
-24.1296  -7.5405       3.5     16.5    377.5   720    543.5  436    376    345    351    374.5  399    347.5  268.5  165.5  104    40.5
-23.9925  -7.49765625   3.5     17      391.5   728.5  547.5  434.5  375    344.5  351    375    400.5  348.5  269.5  166.5  105    40.5
-23.8554  -7.4548125    3.5     18      406     738    552    433    374    344.5  351    376    401.5  350.5  271.5  168.5  105.5  40.5
-23.7183  -7.41196875   4       18.5    422.5   747    558    432.5  373.5  344.5  352    377.5  403    352    274.5  170.5  106.5  41
-23.5812  -7.369125     4       19.5    439     754.5  563    430.5  372    344    352    378.5  404.5  353    276    172    107.5  41
-23.4441  -7.32628125   4       20      456     759    566.5  428    371    343    351    378.5  405.5  354    277.5  173.5  107.5  41
-23.307   -7.2834375    4       21      473.5   762.5  570    426.5  369    341.5  350.5  378.5  406    354.5  279    174    108    41
-23.1699  -7.24059375   4.5     22.5    492     765.5  573.5  424    367.5  341    349.5  378.5  407    355.5  280.5  175    108.5  42
-23.0328  -7.19775      4.5     23      511.5   767.5  575.5  421    365.5  339    349    378    407    355.5  281.5  176.5  109    41.5
-22.8957  -7.15490625   4.5     24.5    531     769.5  577    419    364    337.5  347.5  377.5  407.5  356    282.5  177    109.5  42
-22.7586  -7.1120625    4.5     25.5    550.5   769.5  576.5  415.5  362    335.5  346.5  376    407.5  356    283.5  178    109.5  42.5
-22.6215  -7.06921875   4.5     27      571.5   770.5  576    413.5  359    333.5  345.5  375    407.5  356.5  284.5  178.5  110.5  42.5
-22.4844  -7.026375     5       28.5    593     772    574.5  411    357    331.5  344    374.5  408    357    285.5  180    111    42.5
-22.3473  -6.98353125   5       30      616     775    572    410    355    329.5  343    374.5  408.5  359    287    181    111.5  42.5
-22.2102  -6.9406875    5       32.5    639.5   778    569.5  408.5  353    328    342    374.5  409    360.5  288    182    112.5  42.5
-22.0731  -6.89784375   5.5     35      663     782    566    408    351.5  326.5  341.5  374.5  410    361.5  290    183.5  113    43
-21.936   -6.855        5.5     37.5    687.5   787.5  562.5  407    350    325    342    375    411.5  363.5  292    184.5  114    43
-21.7989  -6.81215625   5.5     40.5    712     794.5  559    406.5  349    324.5  342    376    414    365.5  293.5  186.5  114.5  43.5
-21.6618  -6.7693125    5.5     43.5    736.5   800.5  554.5  405    347.5  323.5  342    376.5  415.5  367.5  295    188    115.5  43.5
-21.5247  -6.72646875   5.5     47.5    760.5   807.5  549.5  403.5  346    322.5  342.5  377    418    369    297    189.5  116.5  43.5
-21.3876  -6.683625     5.5     51      781     812    544    400.5  344    320.5  342    376    419.5  370.5  298.5  191    116.5  43.5
-21.2505  -6.64078125   5.5     55      801     815.5  538.5  396.5  341.5  318.5  341    375    421    370.5  299.5  192.5  117    43.5
-21.1134  -6.5979375    6       59      820.5   819    533    392.5  339    316.5  341    374.5  422.5  371.5  300    193    117.5  43.5
-20.9763  -6.55509375   6       63.5    839     820    527    387.5  336    314    339.5  373    423    371.5  300.5  194.5  118    43.5
-20.8392  -6.51225      6.5     68.5    855     818.5  520    382    332.5  311    338    371.5  423    371    301    195    118.5  43.5
-20.7021  -6.46940625   6.5     74.5    870.5   816.5  514.5  376    329    308    337    369    423.5  370    301    195    118    43.5
-20.565   -6.4265625    6.5     80      885     812.5  510    370.5  325.5  305.5  335.5  367.5  423.5  369.5  301    195.5  118.5  43.5
-20.4279  -6.38371875   7       86      898.5   807.5  504.5  364.5  322    303    334    365.5  423.5  369    300.5  196    118    43.5
-20.2908  -6.340875     7       93      911.5   800    499    358    318    300    332    363.5  423    367.5  300.5  197    118    43
-20.1537  -6.29803125   7       100.5   923     791.5  494    352    313.5  297    329.5  361.5  422    367    300    197.5  117    43
-20.0166  -6.2551875    7       108     933.5   782    489    345.5  309.5  295    327.5  359.5  422    366.5  300    197.5  116.5  43
-19.8795  -6.21234375   7       116.5   943     772    484    339.5  305.5  292    325.5  357.5  421.5  365    299.5  198    116    43
-19.7424  -6.1695       7.5     125.5   952     762    479    334    301.5  290    323.5  355.5  421    365    299.5  198.5  115.5  43
-19.6053  -6.12665625   7.5     135     960.5   752.5  474    329    298.5  288.5  322.5  355    421    365.5  300    199.5  115    43
-19.4682  -6.0838125    8       146     968.5   744    470    325.5  295.5  286.5  321    354.5  422.5  366    301    200.5  115    43
-19.3311  -6.04096875   8       158     976.5   735    465    322    292.5  285.5  320.5  354.5  422.5  366.5  301.5  201    114.5  43
-19.194   -5.998125     8.5     170.5   984     727    460    318.5  290.5  284    320    354    423.5  367.5  303    202.5  114.5  43
-19.0569  -5.95528125   8.5     184     990     718    454.5  315.5  288    282.5  319    354    424    368    304.5  204    115    43
-18.9198  -5.9124375    8.5     198.5   997     710.5  450    313    286    281.5  318.5  354    425.5  369.5  306    205    115.5  43.5
-18.7827  -5.86959375   9       214     1003.5  703    445.5  310.5  284.5  280.5  319    355    426.5  371    308    206    115.5  43.5
-18.6456  -5.82675      9.5     231.5   1009    695.5  440.5  307.5  283.5  279.5  319.5  356    428    373    310.5  208    116    44
-18.5085  -5.78390625   9.5     248.5   1010.5  687    434.5  304    281.5  278    318.5  355.5  428.5  375    312    209    116    44.5
-18.3714  -5.7410625    10      267.5   1011.5  678.5  429.5  300.5  280.5  276.5  319    356.5  428.5  376    314.5  210.5  117    44.5
-18.2343  -5.69821875   10      287     1010.5  670    424.5  296.5  278.5  274.5  318.5  357    429    378    316.5  211    117    44.5
-18.0972  -5.655375     10.5    307.5   1008    660.5  418.5  292.5  276.5  273.5  318.5  357    429    379.5  318.5  212.5  117.5  44.5
-17.9601  -5.61253125   11.5    329     1006    652.5  413    288    275    272.5  318.5  358    430    382    321.5  214    118    45
-17.823   -5.5696875    12      352     1003    643    407    284.5  273.5  271    318    359    430.5  384    324    215.5  118.5  45.5
-17.6859  -5.52684375   12      376     999.5   633    401    280    271    269.5  317    358.5  430    386    326    216.5  119    45
-17.5488  -5.484        12.5    402     998.5   625.5  396.5  276.5  270    269    317    360    431.5  388.5  328.5  218.5  119.5  45.5
-17.4117  -5.44115625   13      428     995.5   616.5  390.5  272.5  268    268    316    360.5  432    390.5  331    219.5  120.5  45.5
-17.2746  -5.3983125    14      456     992.5   607.5  385    269    266    267    315.5  361.5  433    392.5  332.5  220.5  120.5  45.5
-17.1375  -5.35546875   14      486     991.5   600    380    265.5  264    266.5  315    362    434.5  396    335    222.5  121    46
-17.0004  -5.312625     14.5    517.5   988.5   591.5  375    262.5  262    266.5  314    363.5  435.5  398.5  337    224    122    46
-16.8633  -5.26978125   15.5    551.5   985     583.5  369.5  259    260    266.5  313.5  364.5  436    400.5  338.5  225    122.5  46
-16.7262  -5.2269375    16      587.5   980.5   574.5  364.5  255.5  257.5  266    313    366    435.5  403    340.5  226.5  123.5  47
-16.5891  -5.18409375   16.5    624     974     565.5  358.5  252    255    266    312.5  366.5  436    405    341.5  228    124    47
-16.452   -5.14125      17.5    662.5   968     556    353    249    252.5  265.5  311.5  368    436.5  407    343.5  229    124.5  47
-16.3149  -5.09840625   18.5    701.5   961     546.5  347    245.5  250.5  265    310.5  369    437    408.5  345.5  230    125    47.5
-16.1778  -5.0555625    19      740     950.5   536    340.5  241.5  247    263.5  309    369    436.5  409.5  346.5  230.5  126    47.5
-16.0407  -5.01271875   20      777.5   937.5   524.5  333.5  237    243.5  261.5  307    369    435.5  409.5  346.5  231    126    47.5
-15.9036  -4.969875     20.5    815.5   924     513    326.5  233    240    260    304.5  369    435    410    347.5  231    126    47.5
-15.7665  -4.92703125   21      852     909     501    319.5  228    236    258.5  302    368.5  434.5  410.5  347.5  231.5  126.5  47.5
-15.6294  -4.8841875    22      886.5   891.5   488.5  312    223.5  232    256    299    367.5  433.5  411    347.5  231.5  126.5  47.5
-15.4923  -4.84134375   23      920.5   874     475.5  305    219.5  228    253.5  296.5  367    432.5  411.5  347.5  231.5  127    48
-15.3552  -4.7985       23.5    951     853     461.5  297.5  214.5  223    250.5  293    365    431.5  411    347    230.5  126.5  48
-15.2181  -4.75565625   25      980.5   832.5   448    290.5  210.5  219.5  249    289.5  364    431    411    346.5  231    127    48
-15.081   -4.7128125    26      1008.5  812     434    283.5  206.5  216    246    287    362.5  430.5  411    347    231    127.5  48
-14.9439  -4.66996875   27      1036    790.5   419.5  277    202.5  212.5  243    284    362    430    411.5  347.5  231    128    48
-14.8068  -4.627125     28.5    1064.5  770     405    270    199    209.5  241    282    361.5  430    412    348    231.5  128.5  48.5
-14.6697  -4.58428125   30.5    1091.5  750     391.5  264    195.5  207    238.5  280    360    429.5  412.5  348.5  232    129    48.5
-14.5326  -4.5414375    32      1118    729.5   377.5  258.5  193    204    236    277.5  359.5  430    413    349.5  232.5  130    48.5
-14.3955  -4.49859375   34.5    1145.5  710.5   365.5  253    190    203    234    276.5  359.5  430.5  414    351    234    131    49
-14.2584  -4.45575      37      1173    692.5   353.5  247    187.5  201    232    275.5  360    431    415.5  352.5  234.5  132    49.5
-14.1213  -4.41290625   39.5    1200    674     342.5  242    185    200    230.5  274.5  360.5  432    417    355    236.5  132.5  49.5
-13.9842  -4.3700625    42.5    1221.5  655     331.5  236.5  182    198    228.5  273.5  360.5  432.5  418.5  356    237    133.5  49.5
-13.8471  -4.32721875   47      1239    636     321.5  231    179    197    227    273    360.5  433    420    358    238.5  134.5  49.5
-13.71    -4.284375     51      1252    617     312.5  225.5  176.5  195    226    272    361    434.5  421.5  359.5  240    135.5  50.5
-13.5729  -4.24153125   56      1261    598.5   304    220.5  174    193.5  224    271.5  361    435.5  423    361    241.5  137    51
-13.4358  -4.1986875    61.5    1264    580     296    215.5  171.5  192.5  223    271.5  361.5  436.5  424.5  363.5  243    137.5  51
-13.2987  -4.15584375   68      1261    561     288    210.5  169    191    221.5  270.5  361.5  437    426    364.5  244    138.5  51
-13.1616  -4.113        75      1254    542     280    205.5  165.5  188.5  220    269.5  361    437.5  426.5  365    245    139    51.5
-13.0245  -4.07015625   83.5    1243    524     272.5  201    163    186.5  218.5  268.5  361.5  438    427.5  366.5  246    140    52
-12.8874  -4.0273125    93.5    1226.5  505     264    195.5  159.5  184    216.5  267    360    437    427    366.5  246    140.5  51.5
-12.7503  -3.98446875   105     1207    486.5   255.5  190    156    181    214    265    359.5  436.5  427    366.5  246    140.5  51.5
-12.6132  -3.941625     118     1185.5  468.5   247    185    152.5  178    212    263    358    435.5  426    366.5  246    141    51.5
-12.4761  -3.89878125   133.5   1163    451     239    179.5  149.5  175    210    261.5  357.5  435    427    366.5  246.5  141    52
-12.339   -3.8559375    152     1139    434     230.5  174.5  145.5  172    208    259    356.5  434.5  427    367    247    141.5  52
-12.2019  -3.81309375   172.5   1111.5  417     221.5  169.5  141.5  169    206    257    354.5  433.5  426.5  366    247    141.5  52.5
-12.0648  -3.77025      196.5   1084.5  400.5   213    164.5  138.5  165.5  203.5  255    353.5  432.5  425.5  365.5  247    141.5  52.5
-11.9277  -3.72740625   224     1057    384.5   205    160    135.5  163.5  201    253    352.5  432.5  426    365.5  247.5  142    52.5
-11.7906  -3.6845625    254     1028.5  369     197    156    132    161    199    251    351    431.5  426    365.5  247.5  142    52.5
-11.6535  -3.64171875   286.5   999     353.5   189    151    129.5  158    197    248.5  350    431    425.5  365.5  247.5  141.5  53
-11.5164  -3.598875     323     967.5   338     181    147    127    155.5  194    247    348.5  430.5  425.5  365    248    142    53
-11.3793  -3.55603125   363     935     323     174    142.5  124.5  153    191.5  245.5  348    430    425.5  365    248.5  142    53
-11.2422  -3.5131875    406.5   902     309     167.5  138    122.5  151.5  189    244.5  348    430    426    365.5  248.5  142    53
-11.1051  -3.47034375   453     866.5   295     161.5  134    120.5  149    186.5  243    347    430    426    365.5  249    142    54
-10.968   -3.4275       503.5   831.5   281.5   155.5  130    119    147.5  184.5  242    346.5  430    426.5  365.5  250    142    54
-10.8309  -3.38465625   556.5   795     269     149.5  126.5  117.5  145.5  182    241    347    430    426.5  366    250.5  142.5  54
-10.6938  -3.3418125    612     759     257.5   144.5  122.5  116.5  144    180.5  240    347    430    427    366.5  251.5  142.5  54
-10.5567  -3.29896875   668     721     246     139.5  119    115    142.5  178.5  238.5  347    429.5  426.5  367    252    143    54.5
-10.4196  -3.256125     723.5   682.5   234.5   134.5  115.5  113    141    176.5  237    346    428.5  426.5  367    252.5  143    54.5
-10.2825  -3.21328125   777.5   644.5   224     129.5  112.5  112    139    174.5  236    346.5  427.5  427    367.5  252.5  143    55
-10.1454  -3.1704375    827.5   606     213.5   124.5  110    110    137.5  172.5  234.5  346    426.5  426.5  367.5  253    143    55
-10.0083  -3.12759375   873.5   567     203     120    106.5  108.5  135.5  171    232.5  345    425    426    367    252.5  143    55
-9.8712   -3.08475      917     529     192     115    103.5  106.5  133.5  169    230.5  344    423    425    367    252.5  142.5  55
-9.7341   -3.04190625   958.5   492     182     110.5  100.5  104.5  131    167    228.5  343    421.5  424.5  367    252.5  143    55.5
-9.597    -2.9990625    997     456.5   171.5   106.5  98     103    129.5  165.5  226.5  342.5  420.5  424    367    252.5  143.5  55.5
-9.4599   -2.95621875   1033.5  423     161.5   102    95.5   101    127.5  163.5  224.5  342    419    423.5  367    252.5  143.5  56
-9.3228   -2.913375     1068    391     152.5   98     92.5   99.5   125.5  162    222.5  341.5  417.5  423    366    253    143.5  56
-9.1857   -2.87053125   1100    361.5   143.5   95     90     97     124    160.5  221    340.5  416.5  423    366    253    143.5  56.5
-9.0486   -2.8276875    1128    334.5   135.5   91     87.5   95.5   122    159.5  219    340    415    423    366.5  254    144    56.5
-8.9115   -2.78484375   1153    308.5   127.5   88     85.5   93.5   121    158.5  218    339    414.5  423.5  367    254.5  143.5  57
-8.7744   -2.742        1171.5  284.5   120.5   85     83.5   91     119.5  157    217    338.5  413.5  424    367    254.5  144    57
-8.6373   -2.69915625   1182.5  262.5   114     82     81     89     117.5  155.5  215.5  337.5  412.5  424.5  366.5  255    144    57
-8.5002   -2.6563125    1185.5  242.5   107.5   79.5   79     87     116    154.5  214.5  336.5  411    424.5  366.5  255    144.5  57
-8.3631   -2.61346875   1181    225     101.5   77     77.5   85     114.5  153    213.5  335.5  411    425    366.5  255.5  144    57
-8.226    -2.570625     1170.5  208.5   96      74.5   75     83     112.5  152.5  212.5  334.5  410.5  426    367    256    144.5  57.5
-8.0889   -2.52778125   1153.5  194     90.5    72.5   73.5   81.5   111    151    212.5  334.5  410.5  427    367.5  256.5  145    57
-7.9518   -2.4849375    1129.5  180.5   85.5    70.5   72     80     110    150    211.5  333.5  411    428.5  367.5  257    145    58
-7.8147   -2.44209375   1100    167.5   81      68.5   69.5   78     108.5  149    211    332.5  411    429.5  367.5  258    145.5  58
-7.6776   -2.39925      1067    156     77      66.5   68     77     107    148    211    332.5  411.5  431    368    258.5  146    58
-7.5405   -2.35640625   1032    145     73      64.5   66     75.5   106    147    211    332.5  413    433.5  369    259.5  147    58
-7.4034   -2.3135625    993     134     69.5    63     65     74.5   104    146    211    332.5  414    435    369.5  260    147    58
-7.2663   -2.27071875   952     124.5   65.5    61.5   62.5   73.5   102.5  145    211    332    414    435.5  370    261    147.5  58
-7.1292   -2.227875     908.5   116     63      59.5   60.5   72.5   101.5  144    211    332    415.5  438    371    261.5  148    58.5
-6.9921   -2.18503125   862.5   107.5   60      58.5   59     71.5   99.5   143    211    332    416.5  439    372    262.5  148    58.5
-6.855    -2.1421875    814     100     57.5    57     57     71     98.5   142    212    332.5  417    440.5  373    263    148.5  59
-6.7179   -2.09934375   762.5   93      55.5    55.5   55     69.5   97     140.5  211.5  331.5  417    440    373    263.5  148.5  58.5
-6.5808   -2.0565       709     86      53      54.5   53     68.5   95.5   139.5  211    330    416    439.5  372.5  263    148.5  58
-6.4437   -2.01365625   656     80.5    50.5    53     51     68     94.5   138.5  211    329.5  415.5  439    372    263    148    58.5
-6.3066   -1.9708125    602.5   75      48.5    51.5   49.5   67     93     137.5  211    328.5  415    438    371    263    147.5  58.5
-6.1695   -1.92796875   548.5   70      47      50.5   47.5   66     91.5   136.5  211    326    414    436.5  370    262.5  147    58
-6.0324   -1.885125     496     65.5    44.5    49     46     65     90.5   135.5  210    324.5  412.5  435    368.5  262    147    57.5
-5.8953   -1.84228125   445.5   60.5    43      47.5   44.5   64.5   89     134    209.5  322.5  411    432.5  366.5  261.5  146    57.5
-5.7582   -1.7994375    398     57      41      46.5   43     63.5   88     133    209.5  320.5  409.5  431    365.5  260.5  146    57
-5.6211   -1.75659375   353     53.5    39.5    45     42.5   62.5   86.5   133    209    319.5  408    430    364.5  260    145.5  57
-5.484    -1.71375      311     51      38.5    44     41.5   62.5   86     132    209    317.5  406.5  428.5  364    260    146    56.5
-5.3469   -1.67090625   272.5   48      37.5    43     41     61.5   85     131.5  208.5  316.5  406    427.5  363.5  260    146    56.5
-5.2098   -1.6280625    237     45.5    36.5    41.5   40     60.5   83.5   131    209    316    404.5  426    363    259    146    56.5
-5.0727   -1.58521875   206     43.5    35.5    40.5   39.5   60     82.5   130    208.5  314.5  403.5  425.5  362.5  259    146    56.5
-4.9356   -1.542375     179     41.5    34.5    39.5   38.5   59.5   82     130    208.5  314    403.5  425    363.5  259    146.5  56.5
-4.7985   -1.49953125   155     40      34      38.5   38     59     81     129.5  209    314    403.5  425    363.5  259.5  147    56.5
-4.6614   -1.4566875    134.5   38.5    33.5    37.5   37.5   58.5   80     128.5  208.5  313    403    424    363.5  259.5  147    56.5
-4.5243   -1.41384375   117.5   37      33      37     36.5   57.5   79     127.5  208    311.5  402    423    363    259    146.5  56.5
-4.3872   -1.371        103.5   36      32      36     36     57.5   78     126.5  207.5  310.5  401    423    363    259    147    56.5
-4.2501   -1.32815625   93      35      31.5    36     35.5   56.5   77.5   125.5  208    309.5  402    423.5  363.5  259.5  147    57
-4.113    -1.2853125    84.5    34      31.5    35     34.5   56     77.5   125    208.5  309.5  403    425    365    260    147.5  57.5
-3.9759   -1.24246875   77.5    34      31.5    35     34.5   56     77.5   124.5  209    309.5  404    426.5  366.5  261.5  148.5  57.5
-3.8388   -1.199625     72      33.5    31      34.5   33.5   55.5   76.5   123.5  209.5  309.5  404    427    366.5  262    148.5  57.5
-3.7017   -1.15678125   68      33      30.5    34     33.5   55.5   76.5   123    210    309    405    428    367.5  262.5  149    57.5
-3.5646   -1.1139375    64.5    32.5    30.5    34     33     55     76.5   122.5  211    309    406.5  429.5  368.5  263.5  150    57.5
-3.4275   -1.07109375   61.5    32.5    30      33.5   32.5   55     76.5   122    211    309    407.5  431    369.5  264    150.5  57.5
-3.2904   -1.02825      59      32.5    30      33     32     55     75.5   121.5  211.5  308    407.5  431.5  369    264    150.5  58
-3.1533   -0.98540625   57.5    31.5    29.5    32.5   31.5   54.5   75.5   120.5  210.5  307    406.5  431    368    263    150.5  57.5
-3.0162   -0.9425625    55.5    31.5    29      32     31     54     74     119    209    305    405    429.5  366.5  261.5  150    57.5
-2.8791   -0.89971875   54.5    31      29      31.5   30.5   53     73.5   117.5  208    303.5  404    429    364.5  260.5  149.5  57.5
-2.742    -0.856875     53.5    30.5    28.5    31     30     52.5   73     116    206.5  301.5  401.5  427.5  363    259.5  149    57
-2.6049   -0.81403125   52.5    30      28.5    31     29.5   52.5   72     115    205    300.5  400.5  426.5  361.5  258.5  148.5  56.5
-2.4678   -0.7711875    51.5    30      28.5    30     29     51.5   71.5   114    203.5  299.5  398.5  425    360    257.5  148    56
-2.3307   -0.72834375   51.5    30      28      30     28     51.5   71     112.5  202.5  298.5  397.5  424.5  358    256.5  147.5  56
-2.1936   -0.6855       50.5    29.5    27.5    29.5   28     51     70     111.5  202    297    396.5  423.5  357    255.5  147.5  56
-2.0565   -0.64265625   50.5    29.5    27.5    29.5   27.5   51     69.5   110.5  201    296.5  396.5  423    356.5  254.5  147.5  56
-1.9194   -0.5998125    50      29.5    27.5    29.5   27.5   50.5   69     110    200.5  296.5  396.5  423.5  356    254    147.5  56
-1.7823   -0.55696875   50      29.5    27.5    28.5   27.5   50     68.5   109    200.5  297    396.5  424    355.5  254    147.5  56
-1.6452   -0.514125     49.5    29.5    27.5    28.5   27     50     68     108.5  200    297    397    424    355.5  253.5  148    56
-1.5081   -0.47128125   49.5    29.5    27      28.5   27     49.5   67     107    200    297    397    424    355    253    148    55.5
-1.371    -0.4284375    49      29.5    27      28.5   26.5   49.5   67     106.5  199.5  297.5  397    424    354    252.5  148    55.5
-1.2339   -0.38559375   48.5    29.5    27      28     26.5   48.5   66.5   106    199.5  297.5  397.5  424    353    252.5  148    55
-1.0968   -0.34275      48.5    29      27      28     26.5   48.5   66     104.5  199    297.5  396.5  423.5  352.5  251.5  148    55
-0.9597   -0.29990625   49      29      27      28     26.5   48     65.5   104.5  199.5  298    397    422.5  352    252    147.5  55
-0.8226   -0.2570625    48.5    29.5    27      28     26.5   48     65.5   104    199.5  298    397    422    351.5  251.5  147.5  55.5
-0.6855   -0.21421875   48.5    29      27      28     26     47.5   65     103.5  199.5  298    397    421.5  351    251.5  147.5  54.5
-0.5484   -0.171375     48.5    29      27      28.5   26     47.5   65     103.5  200    299.5  398    422    351    251.5  148    55
-0.4113   -0.12853125   48.5    29      26.5    28.5   26     47.5   65     103.5  200.5  300    398.5  422    351.5  251.5  148    55
-0.2742   -0.0856875    48.5    29.5    26.5    29     26.5   47.5   65.5   104    201.5  301.5  399.5  422.5  352.5  252    148.5  55
-0.1371   -0.04284375   48.5    29.5    26.5    29     26.5   47.5   65     104    201.5  301    399.5  422    352    252    148.5  55
0         0             49      29      27      29     26     47     65     104    201    301    399    422    352    252    148    55
0.1371    0.04284375    48.5    29.5    26.5    29     26.5   47.5   65     104    201.5  301    399.5  422    352    252    148.5  55
0.2742    0.0856875     48.5    29.5    26.5    29     26.5   47.5   65.5   104    201.5  301.5  399.5  422.5  352.5  252    148.5  55
0.4113    0.12853125    48.5    29      26.5    28.5   26     47.5   65     103.5  200.5  300    398.5  422    351.5  251.5  148    55
0.5484    0.171375      48.5    29      27      28.5   26     47.5   65     103.5  200    299.5  398    422    351    251.5  148    55
0.6855    0.21421875    48.5    29      27      28     26     47.5   65     103.5  199.5  298    397    421.5  351    251.5  147.5  54.5
0.8226    0.2570625     48.5    29.5    27      28     26.5   48     65.5   104    199.5  298    397    422    351.5  251.5  147.5  55.5
0.9597    0.29990625    49      29      27      28     26.5   48     65.5   104.5  199.5  298    397    422.5  352    252    147.5  55
1.0968    0.34275       48.5    29      27      28     26.5   48.5   66     104.5  199    297.5  396.5  423.5  352.5  251.5  148    55
1.2339    0.38559375    48.5    29.5    27      28     26.5   48.5   66.5   106    199.5  297.5  397.5  424    353    252.5  148    55
1.371     0.4284375     49      29.5    27      28.5   26.5   49.5   67     106.5  199.5  297.5  397    424    354    252.5  148    55.5
1.5081    0.47128125    49.5    29.5    27      28.5   27     49.5   67     107    200    297    397    424    355    253    148    55.5
1.6452    0.514125      49.5    29.5    27.5    28.5   27     50     68     108.5  200    297    397    424    355.5  253.5  148    56
1.7823    0.55696875    50      29.5    27.5    28.5   27.5   50     68.5   109    200.5  297    396.5  424    355.5  254    147.5  56
1.9194    0.5998125     50      29.5    27.5    29.5   27.5   50.5   69     110    200.5  296.5  396.5  423.5  356    254    147.5  56
2.0565    0.64265625    50.5    29.5    27.5    29.5   27.5   51     69.5   110.5  201    296.5  396.5  423    356.5  254.5  147.5  56
2.1936    0.6855        50.5    29.5    27.5    29.5   28     51     70     111.5  202    297    396.5  423.5  357    255.5  147.5  56
2.3307    0.72834375    51.5    30      28      30     28     51.5   71     112.5  202.5  298.5  397.5  424.5  358    256.5  147.5  56
2.4678    0.7711875     51.5    30      28.5    30     29     51.5   71.5   114    203.5  299.5  398.5  425    360    257.5  148    56
2.6049    0.81403125    52.5    30      28.5    31     29.5   52.5   72     115    205    300.5  400.5  426.5  361.5  258.5  148.5  56.5
2.742     0.856875      53.5    30.5    28.5    31     30     52.5   73     116    206.5  301.5  401.5  427.5  363    259.5  149    57
2.8791    0.89971875    54.5    31      29      31.5   30.5   53     73.5   117.5  208    303.5  404    429    364.5  260.5  149.5  57.5
3.0162    0.9425625     55.5    31.5    29      32     31     54     74     119    209    305    405    429.5  366.5  261.5  150    57.5
3.1533    0.98540625    57.5    31.5    29.5    32.5   31.5   54.5   75.5   120.5  210.5  307    406.5  431    368    263    150.5  57.5
3.2904    1.02825       59      32.5    30      33     32     55     75.5   121.5  211.5  308    407.5  431.5  369    264    150.5  58
3.4275    1.07109375    61.5    32.5    30      33.5   32.5   55     76.5   122    211    309    407.5  431    369.5  264    150.5  57.5
3.5646    1.1139375     64.5    32.5    30.5    34     33     55     76.5   122.5  211    309    406.5  429.5  368.5  263.5  150    57.5
3.7017    1.15678125    68      33      30.5    34     33.5   55.5   76.5   123    210    309    405    428    367.5  262.5  149    57.5
3.8388    1.199625      72      33.5    31      34.5   33.5   55.5   76.5   123.5  209.5  309.5  404    427    366.5  262    148.5  57.5
3.9759    1.24246875    77.5    34      31.5    35     34.5   56     77.5   124.5  209    309.5  404    426.5  366.5  261.5  148.5  57.5
4.113     1.2853125     84.5    34      31.5    35     34.5   56     77.5   125    208.5  309.5  403    425    365    260    147.5  57.5
4.2501    1.32815625    93      35      31.5    36     35.5   56.5   77.5   125.5  208    309.5  402    423.5  363.5  259.5  147    57
4.3872    1.371         103.5   36      32      36     36     57.5   78     126.5  207.5  310.5  401    423    363    259    147    56.5
4.5243    1.41384375    117.5   37      33      37     36.5   57.5   79     127.5  208    311.5  402    423    363    259    146.5  56.5
4.6614    1.4566875     134.5   38.5    33.5    37.5   37.5   58.5   80     128.5  208.5  313    403    424    363.5  259.5  147    56.5
4.7985    1.49953125    155     40      34      38.5   38     59     81     129.5  209    314    403.5  425    363.5  259.5  147    56.5
4.9356    1.542375      179     41.5    34.5    39.5   38.5   59.5   82     130    208.5  314    403.5  425    363.5  259    146.5  56.5
5.0727    1.58521875    206     43.5    35.5    40.5   39.5   60     82.5   130    208.5  314.5  403.5  425.5  362.5  259    146    56.5
5.2098    1.6280625     237     45.5    36.5    41.5   40     60.5   83.5   131    209    316    404.5  426    363    259    146    56.5
5.3469    1.67090625    272.5   48      37.5    43     41     61.5   85     131.5  208.5  316.5  406    427.5  363.5  260    146    56.5
5.484     1.71375       311     51      38.5    44     41.5   62.5   86     132    209    317.5  406.5  428.5  364    260    146    56.5
5.6211    1.75659375    353     53.5    39.5    45     42.5   62.5   86.5   133    209    319.5  408    430    364.5  260    145.5  57
5.7582    1.7994375     398     57      41      46.5   43     63.5   88     133    209.5  320.5  409.5  431    365.5  260.5  146    57
5.8953    1.84228125    445.5   60.5    43      47.5   44.5   64.5   89     134    209.5  322.5  411    432.5  366.5  261.5  146    57.5
6.0324    1.885125      496     65.5    44.5    49     46     65     90.5   135.5  210    324.5  412.5  435    368.5  262    147    57.5
6.1695    1.92796875    548.5   70      47      50.5   47.5   66     91.5   136.5  211    326    414    436.5  370    262.5  147    58
6.3066    1.9708125     602.5   75      48.5    51.5   49.5   67     93     137.5  211    328.5  415    438    371    263    147.5  58.5
6.4437    2.01365625    656     80.5    50.5    53     51     68     94.5   138.5  211    329.5  415.5  439    372    263    148    58.5
6.5808    2.0565        709     86      53      54.5   53     68.5   95.5   139.5  211    330    416    439.5  372.5  263    148.5  58
6.7179    2.09934375    762.5   93      55.5    55.5   55     69.5   97     140.5  211.5  331.5  417    440    373    263.5  148.5  58.5
6.855     2.1421875     814     100     57.5    57     57     71     98.5   142    212    332.5  417    440.5  373    263    148.5  59
6.9921    2.18503125    862.5   107.5   60      58.5   59     71.5   99.5   143    211    332    416.5  439    372    262.5  148    58.5
7.1292    2.227875      908.5   116     63      59.5   60.5   72.5   101.5  144    211    332    415.5  438    371    261.5  148    58.5
7.2663    2.27071875    952     124.5   65.5    61.5   62.5   73.5   102.5  145    211    332    414    435.5  370    261    147.5  58
7.4034    2.3135625     993     134     69.5    63     65     74.5   104    146    211    332.5  414    435    369.5  260    147    58
7.5405    2.35640625    1032    145     73      64.5   66     75.5   106    147    211    332.5  413    433.5  369    259.5  147    58
7.6776    2.39925       1067    156     77      66.5   68     77     107    148    211    332.5  411.5  431    368    258.5  146    58
7.8147    2.44209375    1100    167.5   81      68.5   69.5   78     108.5  149    211    332.5  411    429.5  367.5  258    145.5  58
7.9518    2.4849375     1129.5  180.5   85.5    70.5   72     80     110    150    211.5  333.5  411    428.5  367.5  257    145    58
8.0889    2.52778125    1153.5  194     90.5    72.5   73.5   81.5   111    151    212.5  334.5  410.5  427    367.5  256.5  145    57
8.226     2.570625      1170.5  208.5   96      74.5   75     83     112.5  152.5  212.5  334.5  410.5  426    367    256    144.5  57.5
8.3631    2.61346875    1181    225     101.5   77     77.5   85     114.5  153    213.5  335.5  411    425    366.5  255.5  144    57
8.5002    2.6563125     1185.5  242.5   107.5   79.5   79     87     116    154.5  214.5  336.5  411    424.5  366.5  255    144.5  57
8.6373    2.69915625    1182.5  262.5   114     82     81     89     117.5  155.5  215.5  337.5  412.5  424.5  366.5  255    144    57
8.7744    2.742         1171.5  284.5   120.5   85     83.5   91     119.5  157    217    338.5  413.5  424    367    254.5  144    57
8.9115    2.78484375    1153    308.5   127.5   88     85.5   93.5   121    158.5  218    339    414.5  423.5  367    254.5  143.5  57
9.0486    2.8276875     1128    334.5   135.5   91     87.5   95.5   122    159.5  219    340    415    423    366.5  254    144    56.5
9.1857    2.87053125    1100    361.5   143.5   95     90     97     124    160.5  221    340.5  416.5  423    366    253    143.5  56.5
9.3228    2.913375      1068    391     152.5   98     92.5   99.5   125.5  162    222.5  341.5  417.5  423    366    253    143.5  56
9.4599    2.95621875    1033.5  423     161.5   102    95.5   101    127.5  163.5  224.5  342    419    423.5  367    252.5  143.5  56
9.597     2.9990625     997     456.5   171.5   106.5  98     103    129.5  165.5  226.5  342.5  420.5  424    367    252.5  143.5  55.5
9.7341    3.04190625    958.5   492     182     110.5  100.5  104.5  131    167    228.5  343    421.5  424.5  367    252.5  143    55.5
9.8712    3.08475       917     529     192     115    103.5  106.5  133.5  169    230.5  344    423    425    367    252.5  142.5  55
10.0083   3.12759375    873.5   567     203     120    106.5  108.5  135.5  171    232.5  345    425    426    367    252.5  143    55
10.1454   3.1704375     827.5   606     213.5   124.5  110    110    137.5  172.5  234.5  346    426.5  426.5  367.5  253    143    55
10.2825   3.21328125    777.5   644.5   224     129.5  112.5  112    139    174.5  236    346.5  427.5  427    367.5  252.5  143    55
10.4196   3.256125      723.5   682.5   234.5   134.5  115.5  113    141    176.5  237    346    428.5  426.5  367    252.5  143    54.5
10.5567   3.29896875    668     721     246     139.5  119    115    142.5  178.5  238.5  347    429.5  426.5  367    252    143    54.5
10.6938   3.3418125     612     759     257.5   144.5  122.5  116.5  144    180.5  240    347    430    427    366.5  251.5  142.5  54
10.8309   3.38465625    556.5   795     269     149.5  126.5  117.5  145.5  182    241    347    430    426.5  366    250.5  142.5  54
10.968    3.4275        503.5   831.5   281.5   155.5  130    119    147.5  184.5  242    346.5  430    426.5  365.5  250    142    54
11.1051   3.47034375    453     866.5   295     161.5  134    120.5  149    186.5  243    347    430    426    365.5  249    142    54
11.2422   3.5131875     406.5   902     309     167.5  138    122.5  151.5  189    244.5  348    430    426    365.5  248.5  142    53
11.3793   3.55603125    363     935     323     174    142.5  124.5  153    191.5  245.5  348    430    425.5  365    248.5  142    53
11.5164   3.598875      323     967.5   338     181    147    127    155.5  194    247    348.5  430.5  425.5  365    248    142    53
11.6535   3.64171875    286.5   999     353.5   189    151    129.5  158    197    248.5  350    431    425.5  365.5  247.5  141.5  53
11.7906   3.6845625     254     1028.5  369     197    156    132    161    199    251    351    431.5  426    365.5  247.5  142    52.5
11.9277   3.72740625    224     1057    384.5   205    160    135.5  163.5  201    253    352.5  432.5  426    365.5  247.5  142    52.5
12.0648   3.77025       196.5   1084.5  400.5   213    164.5  138.5  165.5  203.5  255    353.5  432.5  425.5  365.5  247    141.5  52.5
12.2019   3.81309375    172.5   1111.5  417     221.5  169.5  141.5  169    206    257    354.5  433.5  426.5  366    247    141.5  52.5
12.339    3.8559375     152     1139    434     230.5  174.5  145.5  172    208    259    356.5  434.5  427    367    247    141.5  52
12.4761   3.89878125    133.5   1163    451     239    179.5  149.5  175    210    261.5  357.5  435    427    366.5  246.5  141    52
12.6132   3.941625      118     1185.5  468.5   247    185    152.5  178    212    263    358    435.5  426    366.5  246    141    51.5
12.7503   3.98446875    105     1207    486.5   255.5  190    156    181    214    265    359.5  436.5  427    366.5  246    140.5  51.5
12.8874   4.0273125     93.5    1226.5  505     264    195.5  159.5  184    216.5  267    360    437    427    366.5  246    140.5  51.5
13.0245   4.07015625    83.5    1243    524     272.5  201    163    186.5  218.5  268.5  361.5  438    427.5  366.5  246    140    52
13.1616   4.113         75      1254    542     280    205.5  165.5  188.5  220    269.5  361    437.5  426.5  365    245    139    51.5
13.2987   4.15584375    68      1261    561     288    210.5  169    191    221.5  270.5  361.5  437    426    364.5  244    138.5  51
13.4358   4.1986875     61.5    1264    580     296    215.5  171.5  192.5  223    271.5  361.5  436.5  424.5  363.5  243    137.5  51
13.5729   4.24153125    56      1261    598.5   304    220.5  174    193.5  224    271.5  361    435.5  423    361    241.5  137    51
13.71     4.284375      51      1252    617     312.5  225.5  176.5  195    226    272    361    434.5  421.5  359.5  240    135.5  50.5
13.8471   4.32721875    47      1239    636     321.5  231    179    197    227    273    360.5  433    420    358    238.5  134.5  49.5
13.9842   4.3700625     42.5    1221.5  655     331.5  236.5  182    198    228.5  273.5  360.5  432.5  418.5  356    237    133.5  49.5
14.1213   4.41290625    39.5    1200    674     342.5  242    185    200    230.5  274.5  360.5  432    417    355    236.5  132.5  49.5
14.2584   4.45575       37      1173    692.5   353.5  247    187.5  201    232    275.5  360    431    415.5  352.5  234.5  132    49.5
14.3955   4.49859375    34.5    1145.5  710.5   365.5  253    190    203    234    276.5  359.5  430.5  414    351    234    131    49
14.5326   4.5414375     32      1118    729.5   377.5  258.5  193    204    236    277.5  359.5  430    413    349.5  232.5  130    48.5
14.6697   4.58428125    30.5    1091.5  750     391.5  264    195.5  207    238.5  280    360    429.5  412.5  348.5  232    129    48.5
14.8068   4.627125      28.5    1064.5  770     405    270    199    209.5  241    282    361.5  430    412    348    231.5  128.5  48.5
14.9439   4.66996875    27      1036    790.5   419.5  277    202.5  212.5  243    284    362    430    411.5  347.5  231    128    48
15.081    4.7128125     26      1008.5  812     434    283.5  206.5  216    246    287    362.5  430.5  411    347    231    127.5  48
15.2181   4.75565625    25      980.5   832.5   448    290.5  210.5  219.5  249    289.5  364    431    411    346.5  231    127    48
15.3552   4.7985        23.5    951     853     461.5  297.5  214.5  223    250.5  293    365    431.5  411    347    230.5  126.5  48
15.4923   4.84134375    23      920.5   874     475.5  305    219.5  228    253.5  296.5  367    432.5  411.5  347.5  231.5  127    48
15.6294   4.8841875     22      886.5   891.5   488.5  312    223.5  232    256    299    367.5  433.5  411    347.5  231.5  126.5  47.5
15.7665   4.92703125    21      852     909     501    319.5  228    236    258.5  302    368.5  434.5  410.5  347.5  231.5  126.5  47.5
15.9036   4.969875      20.5    815.5   924     513    326.5  233    240    260    304.5  369    435    410    347.5  231    126    47.5
16.0407   5.01271875    20      777.5   937.5   524.5  333.5  237    243.5  261.5  307    369    435.5  409.5  346.5  231    126    47.5
16.1778   5.0555625     19      740     950.5   536    340.5  241.5  247    263.5  309    369    436.5  409.5  346.5  230.5  126    47.5
16.3149   5.09840625    18.5    701.5   961     546.5  347    245.5  250.5  265    310.5  369    437    408.5  345.5  230    125    47.5
16.452    5.14125       17.5    662.5   968     556    353    249    252.5  265.5  311.5  368    436.5  407    343.5  229    124.5  47
16.5891   5.18409375    16.5    624     974     565.5  358.5  252    255    266    312.5  366.5  436    405    341.5  228    124    47
16.7262   5.2269375     16      587.5   980.5   574.5  364.5  255.5  257.5  266    313    366    435.5  403    340.5  226.5  123.5  47
16.8633   5.26978125    15.5    551.5   985     583.5  369.5  259    260    266.5  313.5  364.5  436    400.5  338.5  225    122.5  46
17.0004   5.312625      14.5    517.5   988.5   591.5  375    262.5  262    266.5  314    363.5  435.5  398.5  337    224    122    46
17.1375   5.35546875    14      486     991.5   600    380    265.5  264    266.5  315    362    434.5  396    335    222.5  121    46
17.2746   5.3983125     14      456     992.5   607.5  385    269    266    267    315.5  361.5  433    392.5  332.5  220.5  120.5  45.5
17.4117   5.44115625    13      428     995.5   616.5  390.5  272.5  268    268    316    360.5  432    390.5  331    219.5  120.5  45.5
17.5488   5.484         12.5    402     998.5   625.5  396.5  276.5  270    269    317    360    431.5  388.5  328.5  218.5  119.5  45.5
17.6859   5.52684375    12      376     999.5   633    401    280    271    269.5  317    358.5  430    386    326    216.5  119    45
17.823    5.5696875     12      352     1003    643    407    284.5  273.5  271    318    359    430.5  384    324    215.5  118.5  45.5
17.9601   5.61253125    11.5    329     1006    652.5  413    288    275    272.5  318.5  358    430    382    321.5  214    118    45
18.0972   5.655375      10.5    307.5   1008    660.5  418.5  292.5  276.5  273.5  318.5  357    429    379.5  318.5  212.5  117.5  44.5
18.2343   5.69821875    10      287     1010.5  670    424.5  296.5  278.5  274.5  318.5  357    429    378    316.5  211    117    44.5
18.3714   5.7410625     10      267.5   1011.5  678.5  429.5  300.5  280.5  276.5  319    356.5  428.5  376    314.5  210.5  117    44.5
18.5085   5.78390625    9.5     248.5   1010.5  687    434.5  304    281.5  278    318.5  355.5  428.5  375    312    209    116    44.5
18.6456   5.82675       9.5     231.5   1009    695.5  440.5  307.5  283.5  279.5  319.5  356    428    373    310.5  208    116    44
18.7827   5.86959375    9       214     1003.5  703    445.5  310.5  284.5  280.5  319    355    426.5  371    308    206    115.5  43.5
18.9198   5.9124375     8.5     198.5   997     710.5  450    313    286    281.5  318.5  354    425.5  369.5  306    205    115.5  43.5
19.0569   5.95528125    8.5     184     990     718    454.5  315.5  288    282.5  319    354    424    368    304.5  204    115    43
19.194    5.998125      8.5     170.5   984     727    460    318.5  290.5  284    320    354    423.5  367.5  303    202.5  114.5  43
19.3311   6.04096875    8       158     976.5   735    465    322    292.5  285.5  320.5  354.5  422.5  366.5  301.5  201    114.5  43
19.4682   6.0838125     8       146     968.5   744    470    325.5  295.5  286.5  321    354.5  422.5  366    301    200.5  115    43
19.6053   6.12665625    7.5     135     960.5   752.5  474    329    298.5  288.5  322.5  355    421    365.5  300    199.5  115    43
19.7424   6.1695        7.5     125.5   952     762    479    334    301.5  290    323.5  355.5  421    365    299.5  198.5  115.5  43
19.8795   6.21234375    7       116.5   943     772    484    339.5  305.5  292    325.5  357.5  421.5  365    299.5  198    116    43
20.0166   6.2551875     7       108     933.5   782    489    345.5  309.5  295    327.5  359.5  422    366.5  300    197.5  116.5  43
20.1537   6.29803125    7       100.5   923     791.5  494    352    313.5  297    329.5  361.5  422    367    300    197.5  117    43
20.2908   6.340875      7       93      911.5   800    499    358    318    300    332    363.5  423    367.5  300.5  197    118    43
20.4279   6.38371875    7       86      898.5   807.5  504.5  364.5  322    303    334    365.5  423.5  369    300.5  196    118    43.5
20.565    6.4265625     6.5     80      885     812.5  510    370.5  325.5  305.5  335.5  367.5  423.5  369.5  301    195.5  118.5  43.5
20.7021   6.46940625    6.5     74.5    870.5   816.5  514.5  376    329    308    337    369    423.5  370    301    195    118    43.5
20.8392   6.51225       6.5     68.5    855     818.5  520    382    332.5  311    338    371.5  423    371    301    195    118.5  43.5
20.9763   6.55509375    6       63.5    839     820    527    387.5  336    314    339.5  373    423    371.5  300.5  194.5  118    43.5
21.1134   6.5979375     6       59      820.5   819    533    392.5  339    316.5  341    374.5  422.5  371.5  300    193    117.5  43.5
21.2505   6.64078125    5.5     55      801     815.5  538.5  396.5  341.5  318.5  341    375    421    370.5  299.5  192.5  117    43.5
21.3876   6.683625      5.5     51      781     812    544    400.5  344    320.5  342    376    419.5  370.5  298.5  191    116.5  43.5
21.5247   6.72646875    5.5     47.5    760.5   807.5  549.5  403.5  346    322.5  342.5  377    418    369    297    189.5  116.5  43.5
21.6618   6.7693125     5.5     43.5    736.5   800.5  554.5  405    347.5  323.5  342    376.5  415.5  367.5  295    188    115.5  43.5
21.7989   6.81215625    5.5     40.5    712     794.5  559    406.5  349    324.5  342    376    414    365.5  293.5  186.5  114.5  43.5
21.936    6.855         5.5     37.5    687.5   787.5  562.5  407    350    325    342    375    411.5  363.5  292    184.5  114    43
22.0731   6.89784375    5.5     35      663     782    566    408    351.5  326.5  341.5  374.5  410    361.5  290    183.5  113    43
22.2102   6.9406875     5       32.5    639.5   778    569.5  408.5  353    328    342    374.5  409    360.5  288    182    112.5  42.5
22.3473   6.98353125    5       30      616     775    572    410    355    329.5  343    374.5  408.5  359    287    181    111.5  42.5
22.4844   7.026375      5       28.5    593     772    574.5  411    357    331.5  344    374.5  408    357    285.5  180    111    42.5
22.6215   7.06921875    4.5     27      571.5   770.5  576    413.5  359    333.5  345.5  375    407.5  356.5  284.5  178.5  110.5  42.5
22.7586   7.1120625     4.5     25.5    550.5   769.5  576.5  415.5  362    335.5  346.5  376    407.5  356    283.5  178    109.5  42.5
22.8957   7.15490625    4.5     24.5    531     769.5  577    419    364    337.5  347.5  377.5  407.5  356    282.5  177    109.5  42
23.0328   7.19775       4.5     23      511.5   767.5  575.5  421    365.5  339    349    378    407    355.5  281.5  176.5  109    41.5
23.1699   7.24059375    4.5     22.5    492     765.5  573.5  424    367.5  341    349.5  378.5  407    355.5  280.5  175    108.5  42
23.307    7.2834375     4       21      473.5   762.5  570    426.5  369    341.5  350.5  378.5  406    354.5  279    174    108    41
23.4441   7.32628125    4       20      456     759    566.5  428    371    343    351    378.5  405.5  354    277.5  173.5  107.5  41
23.5812   7.369125      4       19.5    439     754.5  563    430.5  372    344    352    378.5  404.5  353    276    172    107.5  41
23.7183   7.41196875    4       18.5    422.5   747    558    432.5  373.5  344.5  352    377.5  403    352    274.5  170.5  106.5  41
23.8554   7.4548125     3.5     18      406     738    552    433    374    344.5  351    376    401.5  350.5  271.5  168.5  105.5  40.5
23.9925   7.49765625    3.5     17      391.5   728.5  547.5  434.5  375    344.5  351    375    400.5  348.5  269.5  166.5  105    40.5
24.1296   7.5405        3.5     16.5    377.5   720    543.5  436    376    345    351    374.5  399    347.5  268.5  165.5  104    40.5
24.2667   7.58334375    3.5     16      364     711    541    438.5  377    346    351.5  374    398.5  347.5  266.5  164.5  103.5  40.5
24.4038   7.6261875     3       15.5    351     700.5  538    440.5  378    346.5  351.5  373.5  398.5  346.5  265.5  163.5  103.5  40
24.5409   7.66903125    3       15      338     691    536.5  443.5  379.5  347.5  352    373.5  398.5  346    264.5  162.5  102.5  40
24.678    7.711875      3       14.5    326.5   683.5  536.5  447    381.5  349    353.5  374.5  399.5  346.5  264    162.5  102    40
24.8151   7.75471875    3       14.5    315.5   677    538    452    384.5  351.5  355.5  375.5  401.5  347.5  264.5  162.5  102    40.5
24.9522   7.7975625     3       14      304.5   671    539.5  457    387.5  353.5  357.5  377    403    348.5  265    162.5  102    41
25.0893   7.84040625    3       13.5    293.5   663    539.5  461    389.5  355.5  358.5  378    403.5  348    263.5  162    101.5  41
25.2264   7.88325       3.5     13.5    283     655.5  539.5  464.5  392    357.5  359    378    404    347.5  263    161.5  101    41
25.3635   7.92609375    3.5     13      273     648.5  539.5  468.5  395    359.5  360.5  379    404.5  348    262.5  161    100.5  41
25.5006   7.9689375     2.5     12.5    263     640    539    472    397.5  360.5  360.5  379    404.5  347    262    160.5  100    41
25.6377   8.01178125    2.5     12.5    253     630.5  535.5  474.5  398.5  361    359.5  379    404    346    260.5  160    99     40.5
25.7748   8.054625      2.5     12      243     619.5  531    476.5  399.5  360.5  358.5  378    402.5  344.5  259    159    99     40.5
25.9119   8.09746875    2.5     12      233     608.5  526    477.5  400.5  360.5  357.5  377.5  401    343    257.5  159    97.5   40.5
26.049    8.1403125     2.5     11.5    224     598.5  521.5  480    401.5  360    357    377.5  400    342    257    159    97     40.5
26.1861   8.18315625    2.5     11.5    215     587.5  516.5  481.5  402    360    356.5  378    399    341    255.5  159    96.5   40.5
26.3232   8.226         2.5     11      206.5   577.5  511.5  483.5  403.5  359.5  356    378.5  398    340    254.5  159    96     40.5
26.4603   8.26884375    2.5     10.5    197     566.5  505.5  485.5  404    359.5  356    378.5  396.5  338.5  254    159    95.5   40
26.5974   8.3116875     2.5     10.5    187.5   555    499.5  486    404    359    355    378    394.5  337    252    158    94.5   40
26.7345   8.35453125    2.5     10      178.5   544.5  493.5  487.5  405.5  359    355    378.5  393    335.5  251    158    94     39.5
26.8716   8.397375      2.5     10      169.5   533.5  488    489.5  406    358.5  355.5  379    391.5  334    249.5  157.5  93.5   39.5
27.0087   8.44021875    2.5     9.5     160.5   523    482.5  491.5  407.5  358.5  356    379.5  391    333.5  249    157.5  93     39
27.1458   8.4830625     2.5     9.5     151     512.5  476.5  493    408.5  358    356.5  379.5  389.5  333    248    157.5  92.5   38.5
27.2829   8.52590625    2       9       142     501    469.5  494.5  409    357    356    379    388    331.5  247    157    92     38.5
27.42     8.56875       2       9       133     490.5  462.5  496    409.5  356    356    379    386.5  331.5  246.5  157    91.5   38.5
27.5571   8.61159375    2       9       125     480.5  456    499    410.5  356    356.5  379    386    330.5  246    157    91.5   38
27.6942   8.6544375     2       9       117     469    449    501    411    355.5  357    378.5  385.5  330    244.5  157    91.5   38
27.8313   8.69728125    2       9       109     457.5  441.5  502    410.5  354.5  356    377.5  383    328    243    156    91     38
27.9684   8.740125      1.5     9       102     445.5  434    504    410.5  353.5  355.5  376    381    326.5  241.5  155.5  90.5   37.5
28.1055   8.78296875    1.5     8       95      433.5  426    505    410    352.5  354    374    378    323.5  239    153.5  89.5   37
28.2426   8.8258125     1.5     8       89      422.5  419.5  507.5  410    352.5  354    373    375.5  321.5  237    153    89     36.5
28.3797   8.86865625    1.5     8       83.5    411.5  414    509    410.5  353    354    371.5  373.5  320.5  236    152    88     36.5
28.5168   8.9115        1.5     8       78.5    400.5  408    509.5  410    352.5  353.5  370    371    318    234    150.5  87.5   36
28.6539   8.95434375    1.5     7.5     74      390    403    510    410    352    353    368.5  368.5  316.5  232.5  149    86.5   35.5
28.791    8.9971875     1.5     7.5     69      380    398.5  510.5  410    352    353    368    366.5  315.5  231.5  148.5  86.5   35.5
28.9281   9.04003125    1.5     7       65.5    371.5  394.5  510    409.5  352    353.5  367.5  365    314    230.5  147.5  86     35.5
29.0652   9.082875      1.5     7       62.5    362.5  391    509.5  409.5  352    354.5  367    363.5  313.5  230    147    86     35
29.2023   9.12571875    1.5     7       59      353    388    509    410    352    355    366.5  362    312.5  229    146    85     35
29.3394   9.1685625     1.5     7       55.5    343.5  384.5  508    409.5  351.5  356    367    360.5  311.5  228.5  145    84.5   34.5
29.4765   9.21140625    1.5     7       52.5    335.5  382    507.5  410.5  351.5  358    367.5  359    312    228    145    84.5   34.5
29.6136   9.25425       1.5     7       50      327    380    506.5  411    352    359.5  369    357.5  311.5  228    144.5  83.5   34
29.7507   9.29709375    1.5     7       47.5    318    377.5  505.5  412    352    361    369.5  356.5  311.5  227.5  144.5  83.5   33.5
29.8878   9.3399375     1.5     7       45      309.5  375.5  504.5  412.5  352    363    370.5  354.5  311    226.5  143.5  83     33.5
30.0249   9.38278125    1.5     7       42.5    300.5  372.5  503    413.5  352    365    372    353    310.5  226    143    83     33.5
30.162    9.425625      1       6.5     40.5    291.5  369    500.5  412.5  351    365    371.5  350.5  309    225    142.5  83     33
30.2991   9.46846875    1       6.5     38.5    282.5  364.5  497    411.5  350    365    371    348    307.5  223    141.5  82     32.5
30.4362   9.5113125     1       6       36.5    273.5  360.5  493    410.5  348    364.5  370    345    305.5  221.5  140    81.5   32.5
30.5733   9.55415625    1       6       34.5    264    355    488.5  408.5  346    363.5  367.5  341.5  302.5  219    138.5  80.5   31.5
30.7104   9.597         1       6       33      254.5  351    485    407.5  344.5  363    366    339    300.5  217.5  137    80     31.5
30.8475   9.63984375    1       6       32      246    346.5  482    406.5  343.5  362.5  364.5  335.5  298.5  216    136    79.5   30.5
30.9846   9.6826875     0.5     6       30      237    342    478    405    342.5  361    361.5  332    297    213.5  134.5  78.5   30.5
31.1217   9.72553125    0.5     6       28.5    228.5  338    475    404.5  341.5  360.5  360    330    295    212    134    77.5   30.5
31.2588   9.768375      0.5     6       28      220.5  334    473.5  404    341    360    358.5  327.5  294.5  210.5  133    77.5   29.5
31.3959   9.81121875    0.5     6       26.5    213.5  331    472.5  405    342    359.5  357    326.5  293.5  209.5  132.5  76.5   29.5
31.533    9.8540625     0.5     5.5     26      207    328    472    405    342.5  359.5  356.5  325    293.5  208.5  132    76.5   29.5
31.6701   9.89690625    0.5     5.5     25      200.5  324.5  470    405    343.5  359    355.5  324    293    207    131.5  75.5   29
31.8072   9.93975       0.5     5.5     24.5    194.5  320.5  469    405    344    359    354.5  322.5  292    206    131    75.5   28.5
31.9443   9.98259375    0.5     5       23.5    189    316.5  468    405.5  344.5  358.5  354    322.5  291    204.5  130.5  75     28.5
32.0814   10.0254375    0.5     5       22.5    183.5  313    467.5  406    345.5  359.5  354    322    290.5  203.5  130.5  74.5   28.5
32.2185   10.06828125   0.5     5       22      178.5  308.5  465.5  405.5  345.5  359    353.5  321    289    202.5  129.5  74.5   28.5
32.3556   10.111125     0.5     5       21.5    173.5  304    463    405    345.5  358.5  352.5  320    288    201    128.5  73.5   28
32.4927   10.15396875   0       5       21      169    299    461    404    346    358    351.5  319.5  287    200    127.5  73     28
32.6298   10.1968125    0       5       20.5    164.5  294    458.5  403.5  345    357.5  350.5  319    286    199    127    72     28
32.7669   10.23965625   0       5       19.5    160    288    455.5  401.5  344    357    349.5  318    284    197.5  126    72     27.5
32.904    10.2825       0       5       19.5    155    282    452.5  399.5  343    356    348.5  317    283    196.5  125    71     27
33.0411   10.32534375   0       5       19      150    276    449    397.5  342    355    347    316    282    195.5  124.5  70.5   26.5
33.1782   10.3681875    0       4.5     19      145    270.5  445.5  395    341    353.5  346    315    280.5  195    124    70     26.5
33.3153   10.41103125   0       4.5     18      139.5  263.5  441.5  392.5  339.5  352.5  344.5  313.5  279.5  193    123    69     26.5
33.4524   10.453875     0       4.5     17.5    134    258    437    390.5  338    350.5  343    311.5  277.5  192    122    68.5   25.5
33.5895   10.49671875   0       4.5     17      128    252    433    387.5  337    349.5  341.5  309.5  276    191    121    68     25.5
33.7266   10.5395625    -0.5    4.5     16.5    123    246.5  429.5  385    336.5  348    340    307.5  275    190    120    67     25
33.8637   10.58240625   -0.5    4.5     16      117    241    425.5  383    335.5  346    339    306    273.5  188.5  119    67     25
34.0008   10.62525      -0.5    4       15.5    112    236    422.5  380.5  335    344    337.5  305    273    188    119    66.5   24.5
34.1379   10.66809375   -0.5    3.5     15.5    107    232    419.5  379    334.5  342.5  337    303    272.5  187.5  118    66     24.5
34.275    10.7109375    -0.5    3.5     14.5    102    227.5  417    377    334    341    336    302    272    187.5  117.5  66     24.5
34.4121   10.75378125   -1      3.5     14      98     223    415    375.5  334.5  339    335.5  301.5  272    187.5  117    66     24.5
34.5492   10.796625     0       4       14.5    94.5   220    414    375    335.5  338.5  335.5  301.5  273    188    117    66.5   25
