75        23.4375   0.075
96        30        0.096
112       35        0.112
125       39.0625   0.125
128       40        0.128
144       45        0.144
160       50        0.16
175       54.6875   0.175
176       55        0.176
192       60        0.192
208       65        0.208
224       70        0.224
225       70.3125   0.225
240       75        0.24
256       80        0.256
272       85        0.272
275       85.9375   0.275
288       90        0.288
304       95        0.304
320       100       0.32
325       101.5625  0.325
336       105       0.336
352       110       0.352
368       115       0.368
375       117.1875  0.375
384       120       0.384
400       125       0.4
416       130       0.416
425       132.8125  0.425
432       135       0.432
448       140       0.448
464       145       0.464
475       148.4375  0.475
480       150       0.48
496       155       0.496
512       160       0.512
525       164.0625  0.525
528       165       0.528
544       170       0.544
560       175       0.56
575       179.6875  0.575
576       180       0.576
592       185       0.592
608       190       0.608
624       195       0.624
625       195.3125  0.625
640       200       0.64
656       205       0.656
672       210       0.672
675       210.9375  0.675
688       215       0.688
704       220       0.704
720       225       0.72
725       226.5625  0.725
736       230       0.736
752       235       0.752
768       240       0.768
775       242.1875  0.775
784       245       0.784
800       250       0.8
816       255       0.816
825       257.8125  0.825
832       260       0.832
