#            x/D           =            39.0625  ~   39     
#            r             (mm)         r/D      fv  (ppm)  rms_fv
-79.929298   -24.97790563  0            0
-79.792198   -24.93506188  0            0
-79.655098   -24.89221813  0            0
-79.517998   -24.84937438  0            0
-79.380898   -24.80653063  0            0
-79.243797   -24.76368656  0            0
-79.106697   -24.72084281  0            0
-78.969597   -24.67799906  0            0
-78.832497   -24.63515531  0            0
-78.695396   -24.59231125  0            0
-78.558296   -24.5494675   0            0
-78.421204   -24.50662625  0            0
-78.284103   -24.46378219  0            0
-78.147003   -24.42093844  0            0
-78.009903   -24.37809469  0            0
-77.872803   -24.33525094  0            0
-77.735703   -24.29240719  0            0
-77.598602   -24.24956313  0            0
-77.461502   -24.20671938  0            0
-77.324402   -24.16387563  0            0
-77.187302   -24.12103188  0            0
-77.050201   -24.07818781  0            0
-76.913101   -24.03534406  0            0
-76.776001   -23.99250031  0            0
-76.638901   -23.94965656  0            0
-76.501801   -23.90681281  0            0
-76.3647     -23.86396875  0            0
-76.2276     -23.821125    0            0
-76.0905     -23.77828125  0            0
-75.9534     -23.7354375   0            0
-75.816299   -23.69259344  0            0
-75.679199   -23.64974969  0            0
-75.542099   -23.60690594  0            0
-75.404999   -23.56406219  0            0
-75.267899   -23.52121844  0            0
-75.130798   -23.47837438  0            0
-74.993698   -23.43553063  0            0
-74.856598   -23.39268688  0            0
-74.719498   -23.34984313  0            0
-74.582397   -23.30699906  0            0
-74.445297   -23.26415531  0            0
-74.308197   -23.22131156  0            0
-74.171097   -23.17846781  0            0
-74.033997   -23.13562406  0            0
-73.896896   -23.09278     0            0
-73.759804   -23.04993875  0            0
-73.622704   -23.007095    0            0
-73.485603   -22.96425094  0            0
-73.348503   -22.92140719  0            0
-73.211403   -22.87856344  0            0
-73.074303   -22.83571969  0            0
-72.937202   -22.79287563  0            0
-72.800102   -22.75003188  0            0
-72.663002   -22.70718813  0            0
-72.525902   -22.66434438  0            0
-72.388802   -22.62150063  0            0
-72.251701   -22.57865656  0            0
-72.114601   -22.53581281  0            0
-71.977501   -22.49296906  0            0
-71.840401   -22.45012531  0            0
-71.7033     -22.40728125  0            0
-71.5662     -22.3644375   0            0
-71.4291     -22.32159375  0            0
-71.292      -22.27875     0            0
-71.1549     -22.23590625  0            0
-71.017799   -22.19306219  0            0
-70.880699   -22.15021844  0            0
-70.743599   -22.10737469  0            0
-70.606499   -22.06453094  0            0
-70.469398   -22.02168688  0            0
-70.332298   -21.97884313  0            0
-70.195198   -21.93599938  0            0
-70.058098   -21.89315563  0            0
-69.920998   -21.85031188  0            0
-69.783897   -21.80746781  0            0
-69.646797   -21.76462406  0            0
-69.509697   -21.72178031  0            0
-69.372597   -21.67893656  0            0
-69.235497   -21.63609281  0            0
-69.098396   -21.59324875  0            0
-68.961304   -21.5504075   0            0
-68.824203   -21.50756344  0            0
-68.687103   -21.46471969  0            0
-68.550003   -21.42187594  0            0
-68.412903   -21.37903219  0            0
-68.275803   -21.33618844  0            0
-68.138702   -21.29334438  0            0
-68.001602   -21.25050063  0            0
-67.864502   -21.20765688  0            0
-67.727402   -21.16481313  0            0
-67.590302   -21.12196938  0            0
-67.453201   -21.07912531  0            0
-67.316101   -21.03628156  0            0
-67.179001   -20.99343781  0            0
-67.041901   -20.95059406  0            0
-66.9048     -20.90775     0            0
-66.7677     -20.86490625  0            0
-66.6306     -20.8220625   0            0
-66.4935     -20.77921875  0            0
-66.3564     -20.736375    0            0
-66.219299   -20.69353094  0            0
-66.082199   -20.65068719  0            0
-65.945099   -20.60784344  0            0
-65.807999   -20.56499969  0            0
-65.670898   -20.52215563  0            0
-65.533798   -20.47931188  0            0
-65.396698   -20.43646813  0            0
-65.259598   -20.39362438  0            0
-65.122498   -20.35078063  0            0
-64.985397   -20.30793656  0            0
-64.848297   -20.26509281  0            0
-64.711197   -20.22224906  0            0
-64.574097   -20.17940531  0            0
-64.436996   -20.13656125  0            0
-64.299896   -20.0937175   0            0
-64.162804   -20.05087625  0            0
-64.025703   -20.00803219  0            0
-63.888599   -19.96518719  0            0
-63.751499   -19.92234344  0            0
-63.614399   -19.87949969  0            0
-63.477299   -19.83665594  0            0
-63.340199   -19.79381219  0            0
-63.203098   -19.75096813  0            0
-63.066002   -19.70812563  0            0
-62.928902   -19.66528188  0            0
-62.791801   -19.62243781  0            0
-62.654701   -19.57959406  0            0
-62.517601   -19.53675031  0            0
-62.380501   -19.49390656  0            0
-62.243401   -19.45106281  0            0
-62.1063     -19.40821875  0            0
-61.9692     -19.365375    0            0
-61.8321     -19.32253125  0            0
-61.695      -19.2796875   0            0
-61.557899   -19.23684344  0            0
-61.420799   -19.19399969  0            0
-61.283699   -19.15115594  0            0
-61.146599   -19.10831219  0            0
-61.009499   -19.06546844  0            0
-60.872398   -19.02262438  0            0
-60.735298   -18.97978063  0            0
-60.598202   -18.93693813  0            0
-60.461102   -18.89409438  0            0
-60.324001   -18.85125031  0            0
-60.186901   -18.80840656  0            0
-60.049801   -18.76556281  0            0
-59.912701   -18.72271906  0            0
-59.7756     -18.679875    0            0
-59.6385     -18.63703125  0            0
-59.5014     -18.5941875   0            0
-59.3643     -18.55134375  0            0
-59.2272     -18.5085      0            0
-59.090099   -18.46565594  0            0
-58.952999   -18.42281219  0            0
-58.815899   -18.37996844  0            0
-58.678799   -18.33712469  0            0
-58.541698   -18.29428063  0            0
-58.404598   -18.25143688  0            0
-58.267502   -18.20859438  0            0
-58.130402   -18.16575063  0            0
-57.993301   -18.12290656  0            0
-57.856201   -18.08006281  0            0
-57.719101   -18.03721906  0            0
-57.582001   -17.99437531  0            0
-57.444901   -17.95153156  0            0
-57.3078     -17.9086875   0            0
-57.1707     -17.86584375  0            0
-57.0336     -17.823       0            0
-56.8965     -17.78015625  0            0
-56.759399   -17.73731219  0            0
-56.622299   -17.69446844  0            0
-56.485199   -17.65162469  0            0
-56.348099   -17.60878094  0            0
-56.210999   -17.56593719  0            0
-56.073898   -17.52309313  0            0
-55.936798   -17.48024938  0            0
-55.799702   -17.43740688  0            0
-55.662601   -17.39456281  0            0
-55.525501   -17.35171906  0            0
-55.388401   -17.30887531  0            0
-55.251301   -17.26603156  0            0
-55.114201   -17.22318781  0            0
-54.9771     -17.18034375  0            0
-54.84       -17.1375      0            0
-54.7029     -17.09465625  0            0
-54.5658     -17.0518125   0            0
-54.428699   -17.00896844  0            0
-54.291599   -16.96612469  0            0
-54.154499   -16.92328094  0            0
-54.017399   -16.88043719  0            0
-53.880299   -16.83759344  0            0
-53.743198   -16.79474938  0            0
-53.606098   -16.75190563  0            0
-53.469002   -16.70906313  0            0
-53.331902   -16.66621938  0            0
-53.194801   -16.62337531  0            0
-53.057701   -16.58053156  0            0
-52.920601   -16.53768781  0            0
-52.783501   -16.49484406  0            0
-52.6464     -16.452       0            0
-52.5093     -16.40915625  0            0
-52.3722     -16.3663125   0            0
-52.2351     -16.32346875  0            0
-52.098      -16.280625    0            0
-51.960899   -16.23778094  0            0
-51.823799   -16.19493719  0            0
-51.686699   -16.15209344  0            0
-51.549599   -16.10924969  0            0
-51.412498   -16.06640563  0            0
-51.275398   -16.02356188  0            0
-51.138302   -15.98071938  0            0
-51.001202   -15.93787563  0            0
-50.864101   -15.89503156  0            0
-50.727001   -15.85218781  0            0
-50.589901   -15.80934406  0            0
-50.452801   -15.76650031  0            0
-50.315701   -15.72365656  0            0
-50.1786     -15.6808125   0            0
-50.0415     -15.63796875  0            0
-49.9044     -15.595125    0            0
-49.7673     -15.55228125  0            0
-49.630199   -15.50943719  0            0
-49.493099   -15.46659344  0            0
-49.355999   -15.42374969  0            0
-49.218899   -15.38090594  0            0
-49.081799   -15.33806219  0            0
-48.944698   -15.29521813  0            0
-48.807598   -15.25237438  0            0
-48.670502   -15.20953188  0            0
-48.533401   -15.16668781  0            0
-48.396301   -15.12384406  0            0
-48.259201   -15.08100031  0            0
-48.122101   -15.03815656  0            0
-47.985001   -14.99531281  0            0
-47.8479     -14.95246875  0            0
-47.7108     -14.909625    0            0
-47.5737     -14.86678125  0            0
-47.4366     -14.8239375   0            0
-47.2995     -14.78109375  0            0
-47.162399   -14.73824969  0            0
-47.025299   -14.69540594  0            0
-46.888199   -14.65256219  0            0
-46.751099   -14.60971844  0            0
-46.613998   -14.56687438  0            0
-46.476898   -14.52403063  0            0
-46.339802   -14.48118813  0            0
-46.202702   -14.43834438  0            0
-46.065601   -14.39550031  0            0
-45.928501   -14.35265656  0            0
-45.791401   -14.30981281  0            0
-45.654301   -14.26696906  0            0
-45.5172     -14.224125    0            0
-45.3801     -14.18128125  0            0
-45.243      -14.1384375   0            0
-45.1059     -14.09559375  0            0
-44.9688     -14.05275     0            0
-44.831699   -14.00990594  0            0
-44.694599   -13.96706219  0            0
-44.557499   -13.92421844  0            0
-44.420399   -13.88137469  0            0
-44.283298   -13.83853063  0            0
-44.146198   -13.79568688  0            0
-44.009102   -13.75284438  0            0
-43.872002   -13.71000063  0            0
-43.734901   -13.66715656  0            0
-43.597801   -13.62431281  0            0
-43.460701   -13.58146906  0            0
-43.323601   -13.53862531  0            0
-43.186501   -13.49578156  0            0
-43.0494     -13.4529375   0            0
-42.9123     -13.41009375  0            0
-42.7752     -13.36725     0            0
-42.6381     -13.32440625  0            0
-42.500999   -13.28156219  0            0
-42.363899   -13.23871844  0            0
-42.226799   -13.19587469  0            0
-42.089699   -13.15303094  0            0
-41.952599   -13.11018719  0            0
-41.815498   -13.06734313  0            0
-41.678398   -13.02449938  0            0
-41.541302   -12.98165688  0            0
-41.404202   -12.93881313  0            0
-41.267101   -12.89596906  0            0
-41.130001   -12.85312531  0            0
-40.992901   -12.81028156  0            0
-40.855801   -12.76743781  0            0
-40.7187     -12.72459375  0            0
-40.5816     -12.68175     0            0
-40.4445     -12.63890625  0            0
-40.3074     -12.5960625   0            0
-40.1703     -12.55321875  0            0
-40.033199   -12.51037469  0            0
-39.896099   -12.46753094  0            0
-39.758999   -12.42468719  0            0
-39.621899   -12.38184344  0            0
-39.484798   -12.33899938  0            0
-39.347698   -12.29615563  0            0
-39.210602   -12.25331313  0            0
-39.073502   -12.21046938  0            0
-38.936401   -12.16762531  0            0
-38.799301   -12.12478156  0            0
-38.662201   -12.08193781  0            0
-38.525101   -12.03909406  0            0
-38.388      -11.99625     0            0
-38.2509     -11.95340625  0            0
-38.1138     -11.9105625   0            0
-37.9767     -11.86771875  0            0
-37.8396     -11.824875    0            0
-37.702499   -11.78203094  0            0
-37.565399   -11.73918719  0            0
-37.428299   -11.69634344  0            0
-37.291199   -11.65349969  0            0
-37.154099   -11.61065594  0            0
-37.016998   -11.56781188  0            0
-36.879902   -11.52496938  0            0
-36.742802   -11.48212563  0            0
-36.605701   -11.43928156  0            0
-36.468601   -11.39643781  0            0
-36.331501   -11.35359406  0            0
-36.194401   -11.31075031  0            0
-36.057301   -11.26790656  0            0
-35.9202     -11.2250625   0            0
-35.7831     -11.18221875  0            0.00011585
-35.646      -11.139375    0.00011585   0.0002317
-35.5089     -11.09653125  0.00011585   0.00034755
-35.371799   -11.05368719  0.000231701  0.00034755
-35.234699   -11.01084344  0.000231702  0.00057925
-35.097599   -10.96799969  0.000347553  0.00057925
-34.960499   -10.92515594  0.000347555  0.0006951
-34.823399   -10.88231219  0.000347556  0.00081095
-34.686298   -10.83946813  0.000579262  0.0009268
-34.549198   -10.79662438  0.000579266  0.00104265
-34.412102   -10.75378188  0.00057927   0.0011585
-34.275002   -10.71093813  0.000579273  0.0011585
-34.137901   -10.66809406  0.000579275  0.0013902
-34.000801   -10.62525031  0.000695133  0.0013902
-33.863701   -10.58240656  0.000695137  0.0013902
-33.726601   -10.53956281  0.000695141  0.0013902
-33.5895     -10.49671875  0.000695144  0.0013902
-33.4524     -10.453875    0.000579289  0.00127435
-33.3153     -10.41103125  0.00057929   0.00127435
-33.1782     -10.3681875   0.000579291  0.00127435
-33.0411     -10.32534375  0.000579293  0.00127435
-32.903999   -10.28249969  0.000579294  0.00127435
-32.766899   -10.23965594  0.000579295  0.00127435
-32.629799   -10.19681219  0.000579297  0.00127435
-32.492699   -10.15396844  0.000579298  0.00127435
-32.355598   -10.11112438  0.000579299  0.00127435
-32.218498   -10.06828063  0.000579301  0.00127435
-32.081402   -10.02543813  0.000579302  0.00127435
-31.9443     -9.98259375   0.000579303  0.00127435
-31.807199   -9.939749688  0.000579304  0.00127435
-31.670099   -9.896905938  0.000579306  0.00127435
-31.533001   -9.854062813  0.000579307  0.00127435
-31.395901   -9.811219063  0.000579308  0.00127435
-31.258801   -9.768375313  0.000579309  0.00127435
-31.1217     -9.72553125   0.00057931   0.00127435
-30.9846     -9.6826875    0.000579311  0.00127435
-30.8475     -9.63984375   0.000579312  0.00127435
-30.7104     -9.597        0.000579313  0.00127435
-30.573299   -9.554155938  0.000579314  0.00127435
-30.436199   -9.511312188  0.000579315  0.00127435
-30.299101   -9.468469063  0.000579316  0.00127435
-30.162001   -9.425625313  0.000579317  0.00127435
-30.0249     -9.38278125   0.000579318  0.00127435
-29.8878     -9.3399375    0.000579319  0.00127435
-29.7507     -9.29709375   0.00057932   0.00127435
-29.6136     -9.25425      0.000579321  0.00127435
-29.4765     -9.21140625   0.000579322  0.00127435
-29.339399   -9.168562188  0.000579323  0.00127435
-29.202299   -9.125718438  0.000579323  0.00127435
-29.065201   -9.082875313  0.000579324  0.00127435
-28.928101   -9.040031563  0.00069519   0.00127435
-28.791      -8.9971875    0.000695192  0.00127435
-28.6539     -8.95434375   0.000695194  0.00127435
-28.5168     -8.9115       0.000695196  0.00127435
-28.3797     -8.86865625   0.000695198  0.00127435
-28.242599   -8.825812188  0.000695199  0.00127435
-28.105499   -8.782968438  0.000695201  0.00127435
-27.968399   -8.740124688  0.000695202  0.00127435
-27.831301   -8.697281563  0.000695204  0.00127435
-27.694201   -8.654437813  0.000695205  0.00127435
-27.5571     -8.61159375   0.000695206  0.00127435
-27.42       -8.56875      0.000695208  0.00127435
-27.2829     -8.52590625   0.000695209  0.00127435
-27.1458     -8.4830625    0.00069521   0.00127435
-27.008699   -8.440218438  0.000695211  0.00127435
-26.871599   -8.397374688  0.000695213  0.00127435
-26.734501   -8.354531563  0.000695214  0.00127435
-26.597401   -8.311687813  0.000695215  0.00127435
-26.4603     -8.26884375   0.000695216  0.00127435
-26.3232     -8.226        0.000695217  0.00127435
-26.1861     -8.18315625   0.000695218  0.00127435
-26.049      -8.1403125    0.000695219  0.00127435
-25.9119     -8.09746875   0.00069522   0.00127435
-25.774799   -8.054624688  0.000695221  0.00127435
-25.637699   -8.011780938  0.000695222  0.00127435
-25.500601   -7.968937813  0.000695223  0.00127435
-25.363501   -7.926094063  0.000695224  0.00127435
-25.2264     -7.88325      0.000695225  0.00127435
-25.0893     -7.84040625   0.000695226  0.00127435
-24.9522     -7.7975625    0.000695227  0.00127435
-24.8151     -7.75471875   0.000695228  0.00127435
-24.677999   -7.711874688  0.000695229  0.00127435
-24.540899   -7.669030938  0.00069523   0.00127435
-24.403799   -7.626187188  0.000811103  0.00127435
-24.266701   -7.583344063  0.000811105  0.00127435
-24.129601   -7.540500313  0.000811107  0.00127435
-23.9925     -7.49765625   0.000811109  0.00127435
-23.8554     -7.4548125    0.000811111  0.00127435
-23.7183     -7.41196875   0.000811113  0.00127435
-23.5812     -7.369125     0.000811114  0.00127435
-23.444099   -7.326280938  0.000811116  0.00127435
-23.306999   -7.283437188  0.000811117  0.00127435
-23.169901   -7.240594063  0.000811119  0.00127435
-23.032801   -7.197750313  0.00081112   0.00127435
-22.8957     -7.15490625   0.000811121  0.00127435
-22.7586     -7.1120625    0.000811123  0.0013902
-22.6215     -7.06921875   0.000811124  0.0013902
-22.4844     -7.026375     0.000811125  0.0013902
-22.3473     -6.98353125   0.000811126  0.00127435
-22.210199   -6.940687188  0.000811128  0.00127435
-22.073099   -6.897843438  0.000811129  0.00127435
-21.936001   -6.855000313  0.00081113   0.0011585
-21.798901   -6.812156563  0.000811131  0.0011585
-21.6618     -6.7693125    0.000811132  0.00104265
-21.5247     -6.72646875   0.000811134  0.00104265
-21.3876     -6.683625     0.000811135  0.00104265
-21.2505     -6.64078125   0.000811136  0.00104265
-21.1134     -6.5979375    0.000811137  0.00127435
-20.976299   -6.555093438  0.000927015  0.00150605
-20.839199   -6.512249688  0.000927018  0.0018536
-20.702101   -6.469406563  0.00092702   0.002317
-20.565001   -6.426562813  0.000927022  0.00289625
-20.4279     -6.38371875   0.001042902  0.00359135
-20.2908     -6.340875     0.001042906  0.00451815
-20.1537     -6.29803125   0.001158788  0.0055608
-20.0166     -6.2551875    0.001274672  0.00660345
-19.879499   -6.212343438  0.001390559  0.0076461
-19.742399   -6.169499688  0.001506449  0.0088046
-19.605301   -6.126656563  0.001506459  0.0099631
-19.468201   -6.083812813  0.00162235   0.0111216
-19.3311     -6.04096875   0.001738245  0.01216425
-19.194      -5.998125     0.001854142  0.0129752
-19.0569     -5.95528125   0.001854158  0.013902
-18.9198     -5.9124375    0.001970057  0.01448125
-18.7827     -5.86959375   0.001970074  0.0150605
-18.645599   -5.826749688  0.002085976  0.01540805
-18.508499   -5.783905938  0.002201882  0.01563975
-18.371401   -5.741062813  0.002201902  0.01587145
-18.234301   -5.698219063  0.00220192   0.01610315
-18.0972     -5.655375     0.002317827  0.01610315
-17.9601     -5.61253125   0.00243374   0.01610315
-17.823      -5.5696875    0.002433762  0.01610315
-17.6859     -5.52684375   0.002549677  0.016218999
-17.5488     -5.484        0.002665597  0.016450699
-17.411699   -5.441155938  0.00278152   0.016682399
-17.274599   -5.398312188  0.002897447  0.01702995
-17.137501   -5.355469063  0.003013378  0.01749335
-17.000401   -5.312625313  0.003361114  0.01818845
-16.8633     -5.26978125   0.003477066  0.018883551
-16.7262     -5.2269375    0.003708924  0.0196945
-16.5891     -5.18409375   0.0040567    0.0206213
-16.452      -5.14125      0.004404498  0.021663951
-16.314899   -5.098405938  0.004636409  0.022822451
-16.177799   -5.055562188  0.004984243  0.0240968
-16.040701   -5.012719063  0.005332103  0.0252553
-15.9036     -4.969875     0.005795905  0.026529649
-15.7665     -4.92703125   0.006143827  0.027919849
-15.6294     -4.8841875    0.006607698  0.0291942
-15.4923     -4.84134375   0.007071613  0.030584401
-15.3552     -4.7985       0.007535571  0.031974599
-15.2181     -4.75565625   0.007999574  0.033364799
-15.081      -4.7128125    0.008347683  0.03463915
-14.9439     -4.66996875   0.008927707  0.035913501
-14.8068     -4.627125     0.009507803  0.037187848
-14.6697     -4.58428125   0.009972017  0.03834635
-14.5326     -4.5414375    0.010552236  0.039504848
-14.3955     -4.49859375   0.011132531  0.04066335
-14.2584     -4.45575      0.011596933  0.041706
-14.1213     -4.41290625   0.012177358  0.042980351
-13.9842     -4.3700625    0.012641883  0.044138849
-13.8471     -4.32721875   0.013106458  0.045181502
-13.71       -4.284375     0.013571087  0.045992449
-13.5729     -4.24153125   0.013919774  0.046687551
-13.4358     -4.1986875    0.014384489  0.047498502
-13.2987     -4.15584375   0.014733258  0.0481936
-13.1616     -4.113        0.015082053  0.049004551
-13.0245     -4.07015625   0.015430881  0.0495838
-12.8874     -4.0273125    0.015779742  0.050163049
-12.7503     -3.98446875   0.016012605  0.0505106
-12.6132     -3.941625     0.016361511  0.050626449
-12.4761     -3.89878125   0.016594411  0.050742298
-12.339      -3.8559375    0.016711268  0.050742298
-12.2019     -3.81309375   0.016828102  0.050626449
-12.0648     -3.77025      0.01694492   0.050394751
-11.9277     -3.72740625   0.017061728  0.050163049
-11.7906     -3.6845625    0.01717853   0.049815498
-11.6535     -3.64171875   0.017295326  0.049467951
-11.5164     -3.598875     0.017412115  0.0491204
-11.3793     -3.55603125   0.017296732  0.048657
-11.2422     -3.5131875    0.017297373  0.048077751
-11.1051     -3.47034375   0.017297994  0.0477302
-10.968      -3.4275       0.017182496  0.047035102
-10.8309     -3.38465625   0.017066951  0.04634
-10.6938     -3.3418125    0.017067473  0.045760751
-10.5567     -3.29896875   0.01695188   0.045065649
-10.4196     -3.256125     0.016720136  0.0444864
-10.2825     -3.21328125   0.016720565  0.043907151
-10.1454     -3.1704375    0.01660488   0.043443751
-10.0083     -3.12759375   0.016373044  0.0430962
-9.8711996   -3.084749875  0.016373404  0.042748649
-9.7341003   -3.041906344  0.01614152   0.042285249
-9.5970001   -2.999062531  0.016025714  0.041821849
-9.4598999   -2.956218719  0.015793764  0.041242599
-9.3227997   -2.913374906  0.015561774  0.04066335
-9.1857004   -2.870531375  0.015445887  0.040084101
-9.0486002   -2.827687563  0.015213854  0.039620701
-8.9115      -2.78484375   0.01498179   0.038925599
-8.7743998   -2.741999938  0.0147497    0.038230501
-8.6372995   -2.699156094  0.014517586  0.037651248
-8.5002003   -2.656312594  0.01428545   0.03695615
-8.3631001   -2.613468781  0.013937153  0.036145199
-8.2259998   -2.570624938  0.01358882   0.035334252
-8.0888996   -2.527781125  0.013356605  0.034407452
-7.9517999   -2.484937469  0.013124382  0.033480652
-7.8147001   -2.442093781  0.012776003  0.032437999
-7.6775999   -2.399249969  0.012543745  0.03139535
-7.5405002   -2.356406313  0.012195336  0.030352701
-7.4033999   -2.313562469  0.011846907  0.029310049
-7.2663002   -2.270718813  0.011614609  0.028383249
-7.1292      -2.227875     0.011266164  0.027224749
-6.9920998   -2.185031188  0.011033851  0.026297949
-6.855       -2.1421875    0.010685392  0.025371149
-6.7178998   -2.099343688  0.010453067  0.024444349
-6.5808001   -2.056500031  0.010220742  0.0234017
-6.4436998   -2.013656188  0.009872272  0.0224749
-6.3066001   -1.970812531  0.009639937  0.021663951
-6.1694999   -1.927968719  0.009407604  0.020737151
-6.0324001   -1.885125031  0.009175271  0.0199262
-5.8952999   -1.842281219  0.008942939  0.019346951
-5.7582002   -1.799437563  0.008710606  0.018651851
-5.6210999   -1.756593719  0.008594415  0.0180726
-5.4840002   -1.713750063  0.00836209   0.01749335
-5.3469      -1.67090625   0.008129764  0.01702995
-5.2097998   -1.628062438  0.008013576  0.016450699
-5.0727      -1.58521875   0.007781255  0.015987299
-4.9355998   -1.542374938  0.007548933  0.0155239
-4.7985001   -1.499531281  0.007316612  0.0150605
-4.6613998   -1.456687438  0.007316563  0.01471295
-4.5243001   -1.413843781  0.007084253  0.0143654
-4.3871999   -1.370999969  0.006851941  0.01401785
-4.2501001   -1.328156281  0.006851897  0.0136703
-4.1129999   -1.285312469  0.006619595  0.0134386
-3.9758999   -1.242468719  0.006503423  0.01309105
-3.8388      -1.199625     0.006387255  0.01262765
-3.7017      -1.15678125   0.006271089  0.01239595
-3.5646      -1.1139375    0.006271057  0.01216425
-3.4275      -1.07109375   0.006038769  0.0118167
-3.2904      -1.02825      0.005922608  0.01146915
-3.1533      -0.98540625   0.00580645   0.0111216
-3.0162001   -0.942562531  0.005690294  0.01077405
-2.8791001   -0.899718781  0.00557414   0.01054235
-2.7420001   -0.856875031  0.005457988  0.01007895
-2.6048999   -0.814031219  0.005341837  0.0097314
-2.4677999   -0.771187469  0.005225689  0.0094997
-2.3306999   -0.728343719  0.005109541  0.00915215
-2.1935999   -0.685499969  0.005109522  0.00892045
-2.0565      -0.64265625   0.004877255  0.0088046
-1.9194      -0.5998125    0.004761112  0.0085729
-1.7823      -0.55696875   0.004761096  0.0083412
-1.6452      -0.514125     0.004761083  0.00822535
-1.5081      -0.47128125   0.004644949  0.0083412
-1.3710001   -0.428437531  0.004644939  0.00822535
-1.2339      -0.38559375   0.004644931  0.00822535
-1.0968      -0.34275      0.004528803  0.00822535
-0.95969999  -0.299906247  0.004528798  0.0081095
-0.82260001  -0.257062503  0.004412673  0.0081095
-0.68550003  -0.214218759  0.004412671  0.00822535
-0.54839998  -0.171374994  0.004412672  0.00822535
-0.4113      -0.12853125   0.004412676  0.00822535
-0.27419999  -0.085687497  0.00429656   0.00822535
-0.1371      -0.04284375   0.004296569  0.0083412
0            0             0.004412713  0.0083412
0.1371       0.04284375    0.004296569  0.0083412
0.27419999   0.085687497   0.00429656   0.00822535
0.4113       0.12853125    0.004412676  0.00822535
0.54839998   0.171374994   0.004412672  0.00822535
0.68550003   0.214218759   0.004412671  0.00822535
0.82260001   0.257062503   0.004412673  0.0081095
0.95969999   0.299906247   0.004528798  0.0081095
1.0968       0.34275       0.004528803  0.00822535
1.2339       0.38559375    0.004644931  0.00822535
1.3710001    0.428437531   0.004644939  0.00822535
1.5081       0.47128125    0.004644949  0.0083412
1.6452       0.514125      0.004761083  0.00822535
1.7823       0.55696875    0.004761096  0.0083412
1.9194       0.5998125     0.004761112  0.0085729
2.0565       0.64265625    0.004877255  0.0088046
2.1935999    0.685499969   0.005109522  0.00892045
2.3306999    0.728343719   0.005109541  0.00915215
2.4677999    0.771187469   0.005225689  0.0094997
2.6048999    0.814031219   0.005341837  0.0097314
2.7420001    0.856875031   0.005457988  0.01007895
2.8791001    0.899718781   0.00557414   0.01054235
3.0162001    0.942562531   0.005690294  0.01077405
3.1533       0.98540625    0.00580645   0.0111216
3.2904       1.02825       0.005922608  0.01146915
3.4275       1.07109375    0.006038769  0.0118167
3.5646       1.1139375     0.006271057  0.01216425
3.7017       1.15678125    0.006271089  0.01239595
3.8388       1.199625      0.006387255  0.01262765
3.9758999    1.242468719   0.006503423  0.01309105
4.1129999    1.285312469   0.006619595  0.0134386
4.2501001    1.328156281   0.006851897  0.0136703
4.3871999    1.370999969   0.006851941  0.01401785
4.5243001    1.413843781   0.007084253  0.0143654
4.6613998    1.456687438   0.007316563  0.01471295
4.7985001    1.499531281   0.007316612  0.0150605
4.9355998    1.542374938   0.007548933  0.0155239
5.0727       1.58521875    0.007781255  0.015987299
5.2097998    1.628062438   0.008013576  0.016450699
5.3469       1.67090625    0.008129764  0.01702995
5.4840002    1.713750063   0.00836209   0.01749335
5.6210999    1.756593719   0.008594415  0.0180726
5.7582002    1.799437563   0.008710606  0.018651851
5.8952999    1.842281219   0.008942939  0.019346951
6.0324001    1.885125031   0.009175271  0.0199262
6.1694999    1.927968719   0.009407604  0.020737151
6.3066001    1.970812531   0.009639937  0.021663951
6.4436998    2.013656188   0.009872272  0.0224749
6.5808001    2.056500031   0.010220742  0.0234017
6.7178998    2.099343688   0.010453067  0.024444349
6.855        2.1421875     0.010685392  0.025371149
6.9920998    2.185031188   0.011033851  0.026297949
7.1292       2.227875      0.011266164  0.027224749
7.2663002    2.270718813   0.011614609  0.028383249
7.4033999    2.313562469   0.011846907  0.029310049
7.5405002    2.356406313   0.012195336  0.030352701
7.6775999    2.399249969   0.012543745  0.03139535
7.8147001    2.442093781   0.012776003  0.032437999
7.9517999    2.484937469   0.013124382  0.033480652
8.0888996    2.527781125   0.013356605  0.034407452
8.2259998    2.570624938   0.01358882   0.035334252
8.3631001    2.613468781   0.013937153  0.036145199
8.5002003    2.656312594   0.01428545   0.03695615
8.6372995    2.699156094   0.014517586  0.037651248
8.7743998    2.741999938   0.0147497    0.038230501
8.9115       2.78484375    0.01498179   0.038925599
9.0486002    2.827687563   0.015213854  0.039620701
9.1857004    2.870531375   0.015445887  0.040084101
9.3227997    2.913374906   0.015561774  0.04066335
9.4598999    2.956218719   0.015793764  0.041242599
9.5970001    2.999062531   0.016025714  0.041821849
9.7341003    3.041906344   0.01614152   0.042285249
9.8711996    3.084749875   0.016373404  0.042748649
10.0083      3.12759375    0.016373044  0.0430962
10.1454      3.1704375     0.01660488   0.043443751
10.2825      3.21328125    0.016720565  0.043907151
10.4196      3.256125      0.016720136  0.0444864
10.5567      3.29896875    0.01695188   0.045065649
10.6938      3.3418125     0.017067473  0.045760751
10.8309      3.38465625    0.017066951  0.04634
10.968       3.4275        0.017182496  0.047035102
11.1051      3.47034375    0.017297994  0.0477302
11.2422      3.5131875     0.017297373  0.048077751
11.3793      3.55603125    0.017296732  0.048657
11.5164      3.598875      0.017412115  0.0491204
11.6535      3.64171875    0.017295326  0.049467951
11.7906      3.6845625     0.01717853   0.049815498
11.9277      3.72740625    0.017061728  0.050163049
12.0648      3.77025       0.01694492   0.050394751
12.2019      3.81309375    0.016828102  0.050626449
12.339       3.8559375     0.016711268  0.050742298
12.4761      3.89878125    0.016594411  0.050742298
12.6132      3.941625      0.016361511  0.050626449
12.7503      3.98446875    0.016012605  0.0505106
12.8874      4.0273125     0.015779742  0.050163049
13.0245      4.07015625    0.015430881  0.0495838
13.1616      4.113         0.015082053  0.049004551
13.2987      4.15584375    0.014733258  0.0481936
13.4358      4.1986875     0.014384489  0.047498502
13.5729      4.24153125    0.013919774  0.046687551
13.71        4.284375      0.013571087  0.045992449
13.8471      4.32721875    0.013106458  0.045181502
13.9842      4.3700625     0.012641883  0.044138849
14.1213      4.41290625    0.012177358  0.042980351
14.2584      4.45575       0.011596933  0.041706
14.3955      4.49859375    0.011132531  0.04066335
14.5326      4.5414375     0.010552236  0.039504848
14.6697      4.58428125    0.009972017  0.03834635
14.8068      4.627125      0.009507803  0.037187848
14.9439      4.66996875    0.008927707  0.035913501
15.081       4.7128125     0.008347683  0.03463915
15.2181      4.75565625    0.007999574  0.033364799
15.3552      4.7985        0.007535571  0.031974599
15.4923      4.84134375    0.007071613  0.030584401
15.6294      4.8841875     0.006607698  0.0291942
15.7665      4.92703125    0.006143827  0.027919849
15.9036      4.969875      0.005795905  0.026529649
16.040701    5.012719063   0.005332103  0.0252553
16.177799    5.055562188   0.004984243  0.0240968
16.314899    5.098405938   0.004636409  0.022822451
16.452       5.14125       0.004404498  0.021663951
16.5891      5.18409375    0.0040567    0.0206213
16.7262      5.2269375     0.003708924  0.0196945
16.8633      5.26978125    0.003477066  0.018883551
17.000401    5.312625313   0.003361114  0.01818845
17.137501    5.355469063   0.003013378  0.01749335
17.274599    5.398312188   0.002897447  0.01702995
17.411699    5.441155938   0.00278152   0.016682399
17.5488      5.484         0.002665597  0.016450699
17.6859      5.52684375    0.002549677  0.016218999
17.823       5.5696875     0.002433762  0.01610315
17.9601      5.61253125    0.00243374   0.01610315
18.0972      5.655375      0.002317827  0.01610315
18.234301    5.698219063   0.00220192   0.01610315
18.371401    5.741062813   0.002201902  0.01587145
18.508499    5.783905938   0.002201882  0.01563975
18.645599    5.826749688   0.002085976  0.01540805
18.7827      5.86959375    0.001970074  0.0150605
18.9198      5.9124375     0.001970057  0.01448125
19.0569      5.95528125    0.001854158  0.013902
19.194       5.998125      0.001854142  0.0129752
19.3311      6.04096875    0.001738245  0.01216425
19.468201    6.083812813   0.00162235   0.0111216
19.605301    6.126656563   0.001506459  0.0099631
19.742399    6.169499688   0.001506449  0.0088046
19.879499    6.212343438   0.001390559  0.0076461
20.0166      6.2551875     0.001274672  0.00660345
20.1537      6.29803125    0.001158788  0.0055608
20.2908      6.340875      0.001042906  0.00451815
20.4279      6.38371875    0.001042902  0.00359135
20.565001    6.426562813   0.000927022  0.00289625
20.702101    6.469406563   0.00092702   0.002317
20.839199    6.512249688   0.000927018  0.0018536
20.976299    6.555093438   0.000927015  0.00150605
21.1134      6.5979375     0.000811137  0.00127435
21.2505      6.64078125    0.000811136  0.00104265
21.3876      6.683625      0.000811135  0.00104265
21.5247      6.72646875    0.000811134  0.00104265
21.6618      6.7693125     0.000811132  0.00104265
21.798901    6.812156563   0.000811131  0.0011585
21.936001    6.855000313   0.00081113   0.0011585
22.073099    6.897843438   0.000811129  0.00127435
22.210199    6.940687188   0.000811128  0.00127435
22.3473      6.98353125    0.000811126  0.00127435
22.4844      7.026375      0.000811125  0.0013902
22.6215      7.06921875    0.000811124  0.0013902
22.7586      7.1120625     0.000811123  0.0013902
22.8957      7.15490625    0.000811121  0.00127435
23.032801    7.197750313   0.00081112   0.00127435
23.169901    7.240594063   0.000811119  0.00127435
23.306999    7.283437188   0.000811117  0.00127435
23.444099    7.326280938   0.000811116  0.00127435
23.5812      7.369125      0.000811114  0.00127435
23.7183      7.41196875    0.000811113  0.00127435
23.8554      7.4548125     0.000811111  0.00127435
23.9925      7.49765625    0.000811109  0.00127435
24.129601    7.540500313   0.000811107  0.00127435
24.266701    7.583344063   0.000811105  0.00127435
24.403799    7.626187188   0.000811103  0.00127435
24.540899    7.669030938   0.00069523   0.00127435
24.677999    7.711874688   0.000695229  0.00127435
24.8151      7.75471875    0.000695228  0.00127435
24.9522      7.7975625     0.000695227  0.00127435
25.0893      7.84040625    0.000695226  0.00127435
25.2264      7.88325       0.000695225  0.00127435
25.363501    7.926094063   0.000695224  0.00127435
25.500601    7.968937813   0.000695223  0.00127435
25.637699    8.011780938   0.000695222  0.00127435
25.774799    8.054624688   0.000695221  0.00127435
25.9119      8.09746875    0.00069522   0.00127435
26.049       8.1403125     0.000695219  0.00127435
26.1861      8.18315625    0.000695218  0.00127435
26.3232      8.226         0.000695217  0.00127435
26.4603      8.26884375    0.000695216  0.00127435
26.597401    8.311687813   0.000695215  0.00127435
26.734501    8.354531563   0.000695214  0.00127435
26.871599    8.397374688   0.000695213  0.00127435
27.008699    8.440218438   0.000695211  0.00127435
27.1458      8.4830625     0.00069521   0.00127435
27.2829      8.52590625    0.000695209  0.00127435
27.42        8.56875       0.000695208  0.00127435
27.5571      8.61159375    0.000695206  0.00127435
27.694201    8.654437813   0.000695205  0.00127435
27.831301    8.697281563   0.000695204  0.00127435
27.968399    8.740124688   0.000695202  0.00127435
28.105499    8.782968438   0.000695201  0.00127435
28.242599    8.825812188   0.000695199  0.00127435
28.3797      8.86865625    0.000695198  0.00127435
28.5168      8.9115        0.000695196  0.00127435
28.6539      8.95434375    0.000695194  0.00127435
28.791       8.9971875     0.000695192  0.00127435
28.928101    9.040031563   0.00069519   0.00127435
29.065201    9.082875313   0.000579324  0.00127435
29.202299    9.125718438   0.000579323  0.00127435
29.339399    9.168562188   0.000579323  0.00127435
29.4765      9.21140625    0.000579322  0.00127435
29.6136      9.25425       0.000579321  0.00127435
29.7507      9.29709375    0.00057932   0.00127435
29.8878      9.3399375     0.000579319  0.00127435
30.0249      9.38278125    0.000579318  0.00127435
30.162001    9.425625313   0.000579317  0.00127435
30.299101    9.468469063   0.000579316  0.00127435
30.436199    9.511312188   0.000579315  0.00127435
30.573299    9.554155938   0.000579314  0.00127435
30.7104      9.597         0.000579313  0.00127435
30.8475      9.63984375    0.000579312  0.00127435
30.9846      9.6826875     0.000579311  0.00127435
31.1217      9.72553125    0.00057931   0.00127435
31.258801    9.768375313   0.000579309  0.00127435
31.395901    9.811219063   0.000579308  0.00127435
31.533001    9.854062813   0.000579307  0.00127435
31.670099    9.896905938   0.000579306  0.00127435
31.807199    9.939749688   0.000579304  0.00127435
31.9443      9.98259375    0.000579303  0.00127435
32.081402    10.02543813   0.000579302  0.00127435
32.218498    10.06828063   0.000579301  0.00127435
32.355598    10.11112438   0.000579299  0.00127435
32.492699    10.15396844   0.000579298  0.00127435
32.629799    10.19681219   0.000579297  0.00127435
32.766899    10.23965594   0.000579295  0.00127435
32.903999    10.28249969   0.000579294  0.00127435
33.0411      10.32534375   0.000579293  0.00127435
33.1782      10.3681875    0.000579291  0.00127435
33.3153      10.41103125   0.00057929   0.00127435
33.4524      10.453875     0.000579289  0.00127435
33.5895      10.49671875   0.000695144  0.0013902
33.726601    10.53956281   0.000695141  0.0013902
33.863701    10.58240656   0.000695137  0.0013902
34.000801    10.62525031   0.000695133  0.0013902
34.137901    10.66809406   0.000579275  0.0013902
34.275002    10.71093813   0.000579273  0.0011585
34.412102    10.75378188   0.00057927   0.0011585
34.549198    10.79662438   0.000579266  0.00104265
34.686298    10.83946813   0.000579262  0.0009268
34.823399    10.88231219   0.000347556  0.00081095
34.960499    10.92515594   0.000347555  0.0006951
35.097599    10.96799969   0.000347553  0.00057925
35.234699    11.01084344   0.000231702  0.00057925
35.371799    11.05368719   0.000231701  0.00034755
35.5089      11.09653125   0.00011585   0.00034755
35.646       11.139375     0.00011585   0.0002317
35.7831      11.18221875   0            0.00011585
35.9202      11.2250625    0            0
36.057301    11.26790656   0            0
36.194401    11.31075031   0            0
36.331501    11.35359406   0            0
36.468601    11.39643781   0            0
36.605701    11.43928156   0            0
36.742802    11.48212563   0            0
36.879902    11.52496938   0            0
37.016998    11.56781188   0            0
37.154099    11.61065594   0            0
37.291199    11.65349969   0            0
37.428299    11.69634344   0            0
37.565399    11.73918719   0            0
37.702499    11.78203094   0            0
37.8396      11.824875     0            0
37.9767      11.86771875   0            0
38.1138      11.9105625    0            0
38.2509      11.95340625   0            0
38.388       11.99625      0            0
38.525101    12.03909406   0            0
38.662201    12.08193781   0            0
38.799301    12.12478156   0            0
38.936401    12.16762531   0            0
39.073502    12.21046938   0            0
39.210602    12.25331313   0            0
39.347698    12.29615563   0            0
39.484798    12.33899938   0            0
39.621899    12.38184344   0            0
39.758999    12.42468719   0            0
39.896099    12.46753094   0            0
40.033199    12.51037469   0            0
40.1703      12.55321875   0            0
40.3074      12.5960625    0            0
40.4445      12.63890625   0            0
40.5816      12.68175      0            0
40.7187      12.72459375   0            0
40.855801    12.76743781   0            0
40.992901    12.81028156   0            0
41.130001    12.85312531   0            0
41.267101    12.89596906   0            0
41.404202    12.93881313   0            0
41.541302    12.98165688   0            0
41.678398    13.02449938   0            0
41.815498    13.06734313   0            0
41.952599    13.11018719   0            0
42.089699    13.15303094   0            0
42.226799    13.19587469   0            0
42.363899    13.23871844   0            0
42.500999    13.28156219   0            0
42.6381      13.32440625   0            0
42.7752      13.36725      0            0
42.9123      13.41009375   0            0
43.0494      13.4529375    0            0
43.186501    13.49578156   0            0
43.323601    13.53862531   0            0
43.460701    13.58146906   0            0
43.597801    13.62431281   0            0
43.734901    13.66715656   0            0
43.872002    13.71000063   0            0
44.009102    13.75284438   0            0
44.146198    13.79568688   0            0
44.283298    13.83853063   0            0
44.420399    13.88137469   0            0
44.557499    13.92421844   0            0
44.694599    13.96706219   0            0
44.831699    14.00990594   0            0
44.9688      14.05275      0            0
45.1059      14.09559375   0            0
45.243       14.1384375    0            0
45.3801      14.18128125   0            0
45.5172      14.224125     0            0
45.654301    14.26696906   0            0
45.791401    14.30981281   0            0
45.928501    14.35265656   0            0
46.065601    14.39550031   0            0
46.202702    14.43834438   0            0
46.339802    14.48118813   0            0
46.476898    14.52403063   0            0
46.613998    14.56687438   0            0
46.751099    14.60971844   0            0
46.888199    14.65256219   0            0
47.025299    14.69540594   0            0
47.162399    14.73824969   0            0
47.2995      14.78109375   0            0
47.4366      14.8239375    0            0
47.5737      14.86678125   0            0
47.7108      14.909625     0            0
47.8479      14.95246875   0            0
47.985001    14.99531281   0            0
48.122101    15.03815656   0            0
48.259201    15.08100031   0            0
48.396301    15.12384406   0            0
48.533401    15.16668781   0            0
48.670502    15.20953188   0            0
48.807598    15.25237438   0            0
48.944698    15.29521813   0            0
49.081799    15.33806219   0            0
49.218899    15.38090594   0            0
49.355999    15.42374969   0            0
49.493099    15.46659344   0            0
49.630199    15.50943719   0            0
49.7673      15.55228125   0            0
49.9044      15.595125     0            0
50.0415      15.63796875   0            0
50.1786      15.6808125    0            0
50.315701    15.72365656   0            0
50.452801    15.76650031   0            0
50.589901    15.80934406   0            0
50.727001    15.85218781   0            0
50.864101    15.89503156   0            0
51.001202    15.93787563   0            0
51.138302    15.98071938   0            0
51.275398    16.02356188   0            0
51.412498    16.06640563   0            0
51.549599    16.10924969   0            0
51.686699    16.15209344   0            0
51.823799    16.19493719   0            0
51.960899    16.23778094   0            0
52.098       16.280625     0            0
52.2351      16.32346875   0            0
52.3722      16.3663125    0            0
52.5093      16.40915625   0            0
52.6464      16.452        0            0
52.783501    16.49484406   0            0
52.920601    16.53768781   0            0
53.057701    16.58053156   0            0
53.194801    16.62337531   0            0
53.331902    16.66621938   0            0
53.469002    16.70906313   0            0
53.606098    16.75190563   0            0
53.743198    16.79474938   0            0
53.880299    16.83759344   0            0
54.017399    16.88043719   0            0
54.154499    16.92328094   0            0
54.291599    16.96612469   0            0
54.428699    17.00896844   0            0
54.5658      17.0518125    0            0
54.7029      17.09465625   0            0
54.84        17.1375       0            0
54.9771      17.18034375   0            0
55.114201    17.22318781   0            0
55.251301    17.26603156   0            0
55.388401    17.30887531   0            0
55.525501    17.35171906   0            0
55.662601    17.39456281   0            0
55.799702    17.43740688   0            0
55.936798    17.48024938   0            0
56.073898    17.52309313   0            0
56.210999    17.56593719   0            0
56.348099    17.60878094   0            0
56.485199    17.65162469   0            0
56.622299    17.69446844   0            0
56.759399    17.73731219   0            0
56.8965      17.78015625   0            0
57.0336      17.823        0            0
57.1707      17.86584375   0            0
57.3078      17.9086875    0            0
57.444901    17.95153156   0            0
57.582001    17.99437531   0            0
57.719101    18.03721906   0            0
57.856201    18.08006281   0            0
57.993301    18.12290656   0            0
58.130402    18.16575063   0            0
58.267502    18.20859438   0            0
58.404598    18.25143688   0            0
58.541698    18.29428063   0            0
58.678799    18.33712469   0            0
58.815899    18.37996844   0            0
58.952999    18.42281219   0            0
59.090099    18.46565594   0            0
59.2272      18.5085       0            0
59.3643      18.55134375   0            0
59.5014      18.5941875    0            0
59.6385      18.63703125   0            0
59.7756      18.679875     0            0
59.912701    18.72271906   0            0
60.049801    18.76556281   0            0
60.186901    18.80840656   0            0
60.324001    18.85125031   0            0
60.461102    18.89409438   0            0
60.598202    18.93693813   0            0
60.735298    18.97978063   0            0
60.872398    19.02262438   0            0
61.009499    19.06546844   0            0
61.146599    19.10831219   0            0
61.283699    19.15115594   0            0
61.420799    19.19399969   0            0
61.557899    19.23684344   0            0
61.695       19.2796875    0            0
61.8321      19.32253125   0            0
61.9692      19.365375     0            0
62.1063      19.40821875   0            0
62.243401    19.45106281   0            0
62.380501    19.49390656   0            0
62.517601    19.53675031   0            0
62.654701    19.57959406   0            0
62.791801    19.62243781   0            0
62.928902    19.66528188   0            0
63.066002    19.70812563   0            0
63.203098    19.75096813   0            0
63.340199    19.79381219   0            0
63.477299    19.83665594   0            0
63.614399    19.87949969   0            0
63.751499    19.92234344   0            0
63.888599    19.96518719   0            0
64.025703    20.00803219   0            0
64.162804    20.05087625   0            0
64.299896    20.0937175    0            0
64.436996    20.13656125   0            0
64.574097    20.17940531   0            0
64.711197    20.22224906   0            0
64.848297    20.26509281   0            0
64.985397    20.30793656   0            0
65.122498    20.35078063   0            0
65.259598    20.39362438   0            0
65.396698    20.43646813   0            0
65.533798    20.47931188   0            0
65.670898    20.52215563   0            0
65.807999    20.56499969   0            0
65.945099    20.60784344   0            0
66.082199    20.65068719   0            0
66.219299    20.69353094   0            0
66.3564      20.736375     0            0
66.4935      20.77921875   0            0
66.6306      20.8220625    0            0
66.7677      20.86490625   0            0
66.9048      20.90775      0            0
67.041901    20.95059406   0            0
67.179001    20.99343781   0            0
67.316101    21.03628156   0            0
67.453201    21.07912531   0            0
67.590302    21.12196938   0            0
67.727402    21.16481313   0            0
67.864502    21.20765688   0            0
68.001602    21.25050063   0            0
68.138702    21.29334438   0            0
68.275803    21.33618844   0            0
68.412903    21.37903219   0            0
68.550003    21.42187594   0            0
68.687103    21.46471969   0            0
68.824203    21.50756344   0            0
68.961304    21.5504075    0            0
69.098396    21.59324875   0            0
69.235497    21.63609281   0            0
69.372597    21.67893656   0            0
69.509697    21.72178031   0            0
69.646797    21.76462406   0            0
69.783897    21.80746781   0            0
69.920998    21.85031188   0            0
70.058098    21.89315563   0            0
70.195198    21.93599938   0            0
70.332298    21.97884313   0            0
70.469398    22.02168688   0            0
70.606499    22.06453094   0            0
70.743599    22.10737469   0            0
70.880699    22.15021844   0            0
71.017799    22.19306219   0            0
71.1549      22.23590625   0            0
71.292       22.27875      0            0
71.4291      22.32159375   0            0
71.5662      22.3644375    0            0
71.7033      22.40728125   0            0
71.840401    22.45012531   0            0
71.977501    22.49296906   0            0
72.114601    22.53581281   0            0
72.251701    22.57865656   0            0
72.388802    22.62150063   0            0
72.525902    22.66434438   0            0
72.663002    22.70718813   0            0
72.800102    22.75003188   0            0
72.937202    22.79287563   0            0
73.074303    22.83571969   0            0
73.211403    22.87856344   0            0
73.348503    22.92140719   0            0
73.485603    22.96425094   0            0
73.622704    23.007095     0            0
73.759804    23.04993875   0            0
73.896896    23.09278      0            0
74.033997    23.13562406   0            0
74.171097    23.17846781   0            0
74.308197    23.22131156   0            0
74.445297    23.26415531   0            0
74.582397    23.30699906   0            0
74.719498    23.34984313   0            0
74.856598    23.39268688   0            0
74.993698    23.43553063   0            0
75.130798    23.47837438   0            0
75.267899    23.52121844   0            0
75.404999    23.56406219   0            0
75.542099    23.60690594   0            0
75.679199    23.64974969   0            0
75.816299    23.69259344   0            0
75.9534      23.7354375    0            0
76.0905      23.77828125   0            0
76.2276      23.821125     0            0
76.3647      23.86396875   0            0
76.501801    23.90681281   0            0
76.638901    23.94965656   0            0
76.776001    23.99250031   0            0
76.913101    24.03534406   0            0
77.050201    24.07818781   0            0
77.187302    24.12103188   0            0
77.324402    24.16387563   0            0
77.461502    24.20671938   0            0
77.598602    24.24956313   0            0
77.735703    24.29240719   0            0
77.872803    24.33525094   0            0
78.009903    24.37809469   0            0
78.147003    24.42093844   0            0
78.284103    24.46378219   0            0
78.421204    24.50662625   0            0
78.558296    24.5494675    0            0
78.695396    24.59231125   0            0
78.832497    24.63515531   0            0
78.969597    24.67799906   0            0
79.106697    24.72084281   0            0
79.243797    24.76368656   0            0
79.380898    24.80653063   0            0
79.517998    24.84937438   0            0
79.655098    24.89221813   0            0
79.792198    24.93506188   0            0
79.929298    24.97790563   0            0
