#    r         (mm)  r/D  T(K)  std  T  (K)
-50  -15.625   294   0
-45  -14.0625  294   0
-40  -12.5     933   82
-35  -10.9375  1643  137
-30  -9.375    1654  174
-25  -7.8125   1742  104
-20  -6.25     1762  104
-15  -4.6875   1759  102
-10  -3.125    1718  107
-5   -1.5625   1623  118
0    0         1562  140
5    1.5625    1598  137
10   3.125     1674  114
15   4.6875    1729  107
20   6.25      1780  98
25   7.8125    1777  96
30   9.375     1723  104
35   10.9375   1608  218
40   12.5      705   93
45   14.0625   294   0
50   15.625    294   0
