#            x/D           =            70.3125  ~   70     
#            r             (mm)         r/D      fv  (ppm)  rms_fv
-79.929298   -24.97790563  0            0
-79.792198   -24.93506188  0            0
-79.655098   -24.89221813  0            0
-79.517998   -24.84937438  0            0
-79.380898   -24.80653063  0            0
-79.243797   -24.76368656  0            0
-79.106697   -24.72084281  0            0
-78.969597   -24.67799906  0            0
-78.832497   -24.63515531  0            0
-78.695396   -24.59231125  0            0
-78.558296   -24.5494675   0            0
-78.421204   -24.50662625  0            0
-78.284103   -24.46378219  0            0
-78.147003   -24.42093844  0            0
-78.009903   -24.37809469  0            0
-77.872803   -24.33525094  0            0
-77.735703   -24.29240719  0            0
-77.598602   -24.24956313  0            0
-77.461502   -24.20671938  0            0
-77.324402   -24.16387563  0            0
-77.187302   -24.12103188  0            0
-77.050201   -24.07818781  0            0
-76.913101   -24.03534406  0            0
-76.776001   -23.99250031  0            0
-76.638901   -23.94965656  0            0
-76.501801   -23.90681281  0            0
-76.3647     -23.86396875  0            0
-76.2276     -23.821125    0            0
-76.0905     -23.77828125  0            0
-75.9534     -23.7354375   0            0
-75.816299   -23.69259344  0            0
-75.679199   -23.64974969  0            0
-75.542099   -23.60690594  0            0
-75.404999   -23.56406219  0            0
-75.267899   -23.52121844  0            0
-75.130798   -23.47837438  0            0
-74.993698   -23.43553063  0            0
-74.856598   -23.39268688  0            0
-74.719498   -23.34984313  0            0
-74.582397   -23.30699906  0            0
-74.445297   -23.26415531  0            0
-74.308197   -23.22131156  0            0
-74.171097   -23.17846781  0            0
-74.033997   -23.13562406  0            0
-73.896896   -23.09278     0            0
-73.759804   -23.04993875  0            0
-73.622704   -23.007095    0            0
-73.485603   -22.96425094  0            0
-73.348503   -22.92140719  0            0
-73.211403   -22.87856344  0            0
-73.074303   -22.83571969  0            0
-72.937202   -22.79287563  0            0
-72.800102   -22.75003188  0            0
-72.663002   -22.70718813  0            0
-72.525902   -22.66434438  0            0
-72.388802   -22.62150063  0            0
-72.251701   -22.57865656  0            0
-72.114601   -22.53581281  0            0
-71.977501   -22.49296906  0            0
-71.840401   -22.45012531  0            0
-71.7033     -22.40728125  0            0
-71.5662     -22.3644375   0            0
-71.4291     -22.32159375  0            0
-71.292      -22.27875     0            0
-71.1549     -22.23590625  0            0
-71.017799   -22.19306219  0            0
-70.880699   -22.15021844  0            0
-70.743599   -22.10737469  0            0
-70.606499   -22.06453094  0            0
-70.469398   -22.02168688  0            0
-70.332298   -21.97884313  0            0
-70.195198   -21.93599938  0            0
-70.058098   -21.89315563  0            0
-69.920998   -21.85031188  0            0
-69.783897   -21.80746781  0            0
-69.646797   -21.76462406  0            0
-69.509697   -21.72178031  0            0
-69.372597   -21.67893656  0            0
-69.235497   -21.63609281  0            0
-69.098396   -21.59324875  0            0
-68.961304   -21.5504075   0            0
-68.824203   -21.50756344  0            0
-68.687103   -21.46471969  0            0
-68.550003   -21.42187594  0            0
-68.412903   -21.37903219  0            0
-68.275803   -21.33618844  0            0
-68.138702   -21.29334438  0            0
-68.001602   -21.25050063  0            0
-67.864502   -21.20765688  0            0
-67.727402   -21.16481313  0            0
-67.590302   -21.12196938  0            0
-67.453201   -21.07912531  0            0
-67.316101   -21.03628156  0            0
-67.179001   -20.99343781  0            0
-67.041901   -20.95059406  0            0
-66.9048     -20.90775     0            0
-66.7677     -20.86490625  0            0
-66.6306     -20.8220625   0            0
-66.4935     -20.77921875  0            0
-66.3564     -20.736375    0            0
-66.219299   -20.69353094  0            0
-66.082199   -20.65068719  0            0
-65.945099   -20.60784344  0            0
-65.807999   -20.56499969  0            0
-65.670898   -20.52215563  0            0
-65.533798   -20.47931188  0            0
-65.396698   -20.43646813  0            0
-65.259598   -20.39362438  0            0
-65.122498   -20.35078063  0            0
-64.985397   -20.30793656  0            0
-64.848297   -20.26509281  0            0
-64.711197   -20.22224906  0            0
-64.574097   -20.17940531  0            0
-64.436996   -20.13656125  0            0
-64.299896   -20.0937175   0            0
-64.162804   -20.05087625  0            0
-64.025703   -20.00803219  0            0
-63.888599   -19.96518719  0            0
-63.751499   -19.92234344  0            0
-63.614399   -19.87949969  0            0
-63.477299   -19.83665594  0            0
-63.340199   -19.79381219  0            0
-63.203098   -19.75096813  0            0
-63.066002   -19.70812563  0            0
-62.928902   -19.66528188  0            0
-62.791801   -19.62243781  0            0
-62.654701   -19.57959406  0            0
-62.517601   -19.53675031  0            0
-62.380501   -19.49390656  0            0
-62.243401   -19.45106281  0            0
-62.1063     -19.40821875  0            0
-61.9692     -19.365375    0            0
-61.8321     -19.32253125  0            0
-61.695      -19.2796875   0            0
-61.557899   -19.23684344  0            0
-61.420799   -19.19399969  0            0
-61.283699   -19.15115594  0            0
-61.146599   -19.10831219  0            0
-61.009499   -19.06546844  0            0
-60.872398   -19.02262438  0            0
-60.735298   -18.97978063  0            0
-60.598202   -18.93693813  0            0
-60.461102   -18.89409438  0            0
-60.324001   -18.85125031  0            0
-60.186901   -18.80840656  0            0
-60.049801   -18.76556281  0            0
-59.912701   -18.72271906  0            0
-59.7756     -18.679875    0            0
-59.6385     -18.63703125  0            0
-59.5014     -18.5941875   0            0
-59.3643     -18.55134375  0            0
-59.2272     -18.5085      0            0
-59.090099   -18.46565594  0            0
-58.952999   -18.42281219  0            0
-58.815899   -18.37996844  0            0
-58.678799   -18.33712469  0            0
-58.541698   -18.29428063  0            0
-58.404598   -18.25143688  0            0
-58.267502   -18.20859438  0            0
-58.130402   -18.16575063  0            0
-57.993301   -18.12290656  0            0
-57.856201   -18.08006281  0            0
-57.719101   -18.03721906  0            0
-57.582001   -17.99437531  0            0
-57.444901   -17.95153156  0            0
-57.3078     -17.9086875   0            0
-57.1707     -17.86584375  0            0
-57.0336     -17.823       0            0
-56.8965     -17.78015625  0            0
-56.759399   -17.73731219  0            0
-56.622299   -17.69446844  0            0
-56.485199   -17.65162469  0            0
-56.348099   -17.60878094  0            0
-56.210999   -17.56593719  0            0
-56.073898   -17.52309313  0            0
-55.936798   -17.48024938  0            0
-55.799702   -17.43740688  0            0
-55.662601   -17.39456281  0            0
-55.525501   -17.35171906  0            0
-55.388401   -17.30887531  0            0
-55.251301   -17.26603156  0            0
-55.114201   -17.22318781  0            0
-54.9771     -17.18034375  0            0
-54.84       -17.1375      0            0
-54.7029     -17.09465625  0            0
-54.5658     -17.0518125   0            0
-54.428699   -17.00896844  0            0
-54.291599   -16.96612469  0            0
-54.154499   -16.92328094  0            0
-54.017399   -16.88043719  0            0
-53.880299   -16.83759344  0            0
-53.743198   -16.79474938  0            0
-53.606098   -16.75190563  0            0
-53.469002   -16.70906313  0            0
-53.331902   -16.66621938  0            0
-53.194801   -16.62337531  0            0
-53.057701   -16.58053156  0            0
-52.920601   -16.53768781  0            0
-52.783501   -16.49484406  0            0
-52.6464     -16.452       0            0
-52.5093     -16.40915625  0            0
-52.3722     -16.3663125   0            0
-52.2351     -16.32346875  0            0
-52.098      -16.280625    0            0
-51.960899   -16.23778094  0            0
-51.823799   -16.19493719  0            0
-51.686699   -16.15209344  0            0
-51.549599   -16.10924969  0            0
-51.412498   -16.06640563  0            0
-51.275398   -16.02356188  0            0
-51.138302   -15.98071938  0            0
-51.001202   -15.93787563  0            0
-50.864101   -15.89503156  0            0
-50.727001   -15.85218781  0            0
-50.589901   -15.80934406  0            0
-50.452801   -15.76650031  0            0
-50.315701   -15.72365656  0            0
-50.1786     -15.6808125   0            0
-50.0415     -15.63796875  0            0
-49.9044     -15.595125    0            0
-49.7673     -15.55228125  0            0
-49.630199   -15.50943719  0            0
-49.493099   -15.46659344  0            0
-49.355999   -15.42374969  0            0
-49.218899   -15.38090594  0            0
-49.081799   -15.33806219  0            0
-48.944698   -15.29521813  0            0
-48.807598   -15.25237438  0            0
-48.670502   -15.20953188  0            0
-48.533401   -15.16668781  0            0
-48.396301   -15.12384406  0            0
-48.259201   -15.08100031  0            0
-48.122101   -15.03815656  0            0
-47.985001   -14.99531281  0            0
-47.8479     -14.95246875  0            0
-47.7108     -14.909625    0            0
-47.5737     -14.86678125  0            0
-47.4366     -14.8239375   0            0
-47.2995     -14.78109375  0            0
-47.162399   -14.73824969  0            0
-47.025299   -14.69540594  0            0
-46.888199   -14.65256219  0            0
-46.751099   -14.60971844  0            0
-46.613998   -14.56687438  0            0
-46.476898   -14.52403063  0            0
-46.339802   -14.48118813  0            0
-46.202702   -14.43834438  0            0
-46.065601   -14.39550031  0            0
-45.928501   -14.35265656  0            0
-45.791401   -14.30981281  0            0
-45.654301   -14.26696906  0            0
-45.5172     -14.224125    0            0
-45.3801     -14.18128125  0            0
-45.243      -14.1384375   0            0
-45.1059     -14.09559375  0            0
-44.9688     -14.05275     0            0
-44.831699   -14.00990594  0            0
-44.694599   -13.96706219  0            0
-44.557499   -13.92421844  0            0
-44.420399   -13.88137469  0            0
-44.283298   -13.83853063  0            0
-44.146198   -13.79568688  0            0
-44.009102   -13.75284438  0            0
-43.872002   -13.71000063  0            0
-43.734901   -13.66715656  0            0
-43.597801   -13.62431281  0            0
-43.460701   -13.58146906  0            0
-43.323601   -13.53862531  0            0
-43.186501   -13.49578156  0            0
-43.0494     -13.4529375   0            0
-42.9123     -13.41009375  0            0
-42.7752     -13.36725     0            0
-42.6381     -13.32440625  0            0
-42.500999   -13.28156219  0            0
-42.363899   -13.23871844  0            0
-42.226799   -13.19587469  0            0
-42.089699   -13.15303094  0            0
-41.952599   -13.11018719  0            0
-41.815498   -13.06734313  0            0
-41.678398   -13.02449938  0            0
-41.541302   -12.98165688  0            0
-41.404202   -12.93881313  0            0
-41.267101   -12.89596906  0            0
-41.130001   -12.85312531  0            0
-40.992901   -12.81028156  0            0
-40.855801   -12.76743781  0            0
-40.7187     -12.72459375  0            0
-40.5816     -12.68175     0            0
-40.4445     -12.63890625  0            0
-40.3074     -12.5960625   0            0
-40.1703     -12.55321875  0            0
-40.033199   -12.51037469  0            0
-39.896099   -12.46753094  0            0
-39.758999   -12.42468719  0            0
-39.621899   -12.38184344  0            0
-39.484798   -12.33899938  0            0
-39.347698   -12.29615563  0            0
-39.210602   -12.25331313  0            0
-39.073502   -12.21046938  0            0
-38.936401   -12.16762531  0            0
-38.799301   -12.12478156  0            0
-38.662201   -12.08193781  0            0
-38.525101   -12.03909406  0            0
-38.388      -11.99625     0            0
-38.2509     -11.95340625  0            0
-38.1138     -11.9105625   0            0
-37.9767     -11.86771875  0            0
-37.8396     -11.824875    0            0
-37.702499   -11.78203094  0            0
-37.565399   -11.73918719  0            0
-37.428299   -11.69634344  0            0
-37.291199   -11.65349969  0            0
-37.154099   -11.61065594  0            0
-37.016998   -11.56781188  0            0
-36.879902   -11.52496938  0            0
-36.742802   -11.48212563  0            0
-36.605701   -11.43928156  0            0.0016219
-36.468601   -11.39643781  0            0.0034755
-36.331501   -11.35359406  0            0.0053291
-36.194401   -11.31075031  0            0.0074144
-36.057301   -11.26790656  0            0.0097314
-35.9202     -11.2250625   0.00011585   0.0120484
-35.7831     -11.18221875  0.000463401  0.01471295
-35.646      -11.139375    0.00092681   0.017377499
-35.5089     -11.09653125  0.001274383  0.020273751
-35.371799   -11.05368719  0.001853681  0.023285851
-35.234699   -11.01084344  0.002433017  0.026297949
-35.097599   -10.96799969  0.003012401  0.029310049
-34.960499   -10.92515594  0.003475973  0.03232215
-34.823399   -10.88231219  0.004171329  0.035450101
-34.686298   -10.83946813  0.004750896  0.038693901
-34.549198   -10.79662438  0.005562297  0.041706
-34.412102   -10.75378188  0.006142052  0.044833951
-34.275002   -10.71093813  0.006721885  0.047961898
-34.137901   -10.66809406  0.007417708  0.050974
-34.000801   -10.62525031  0.007997747  0.054101951
-33.863701   -10.58240656  0.008346045  0.05711405
-33.726601   -10.53956281  0.008694372  0.060126148
-33.5895     -10.49671875  0.008926807  0.063138247
-33.4524     -10.453875    0.00904331   0.066150352
-33.3153     -10.41103125  0.009159796  0.0692783
-33.1782     -10.3681875   0.009508179  0.072290398
-33.0411     -10.32534375  0.009740666  0.075302497
-32.903999   -10.28249969  0.010089142  0.078314602
-32.766899   -10.23965594  0.010553652  0.081095003
-32.629799   -10.19681219  0.010902276  0.083759546
-32.492699   -10.15396844  0.011134962  0.086308248
-32.355598   -10.11112438  0.011483659  0.088625252
-32.218498   -10.06828063  0.011948422  0.090710551
-32.081402   -10.02543813  0.012297274  0.092564151
-31.9443     -9.98259375   0.012878218  0.094186053
-31.807199   -9.939749688  0.013343278  0.095692098
-31.670099   -9.896905938  0.013924466  0.097545698
-31.533001   -9.854062813  0.014505797  0.1003261
-31.395901   -9.811219063  0.015203322  0.1031065
-31.258801   -9.768375313  0.015784972  0.10623445
-31.1217     -9.72553125   0.016482832  0.10924655
-30.9846     -9.6826875    0.017180887  0.1123745
-30.8475     -9.63984375   0.017879136  0.1153866
-30.7104     -9.597        0.018693689  0.11828285
-30.573299   -9.554155938  0.019392378  0.12083155
-30.436199   -9.511312188  0.02009126   0.1234961
-30.299101   -9.468469063  0.020790337  0.12604479
-30.162001   -9.425625313  0.02160578   0.1285935
-30.0249     -9.38278125   0.022421503  0.1309105
-29.8878     -9.3399375    0.023353686  0.13334335
-29.7507     -9.29709375   0.024286223  0.13577621
-29.6136     -9.25425      0.025219107  0.13820904
-29.4765     -9.21140625   0.026268572  0.14075775
-29.339399   -9.168562188  0.027318477  0.14330645
-29.202299   -9.125718438  0.028368818  0.14585514
-29.065201   -9.082875313  0.029535877  0.14840385
-28.928101   -9.040031563  0.030470874  0.15095255
-28.791      -8.9971875    0.03163884   0.1533854
-28.6539     -8.95434375   0.032691037  0.1559341
-28.5168     -8.9115       0.033510964  0.15836695
-28.3797     -8.86865625   0.034563887  0.1607998
-28.242599   -8.825812188  0.035617312  0.1631168
-28.105499   -8.782968438  0.036671225  0.16543379
-27.968399   -8.740124688  0.037842067  0.16775081
-27.831301   -8.697281563  0.039013517  0.17018364
-27.694201   -8.654437813  0.04030205   0.17250066
-27.5571     -8.61159375   0.041474804  0.17481765
-27.42       -8.56875      0.042881195  0.17713465
-27.2829     -8.52590625   0.044521549  0.17945164
-27.1458     -8.4830625    0.046046456  0.1818845
-27.008699   -8.440218438  0.047688901  0.18420149
-26.871599   -8.397374688  0.049332444  0.1867502
-26.734501   -8.354531563  0.051210383  0.1892989
-26.597401   -8.311687813  0.052973061  0.19173175
-26.4603     -8.26884375   0.05485367   0.19428045
-26.3232     -8.226        0.056735692  0.19682916
-26.1861     -8.18315625   0.05850235   0.19926199
-26.049      -8.1403125    0.060153443  0.20169485
-25.9119     -8.09746875   0.061805617  0.2041277
-25.774799   -8.054624688  0.063225202  0.20690811
-25.637699   -8.011780938  0.064762461  0.20957264
-25.500601   -7.968937813  0.06641771   0.21223719
-25.363501   -7.926094063  0.067957249  0.21490175
-25.2264     -7.88325      0.069614818  0.21779799
-25.0893     -7.84040625   0.071390709  0.2203467
-24.9522     -7.7975625    0.073285131  0.22301126
-24.8151     -7.75471875   0.07518121   0.22567581
-24.677999   -7.711874688  0.07707891   0.22810864
-24.540899   -7.669030938  0.079212579  0.2305415
-24.403799   -7.626187188  0.081348322  0.23297435
-24.266701   -7.583344063  0.083603343  0.23529135
-24.129601   -7.540500313  0.085977895  0.2377242
-23.9925     -7.49765625   0.088354902  0.24015705
-23.8554     -7.4548125    0.090734329  0.24258991
-23.7183     -7.41196875   0.093116185  0.2449069
-23.5812     -7.369125     0.095382973  0.24733976
-23.444099   -7.326280938  0.097534429  0.24977259
-23.306999   -7.283437188  0.099805377  0.2523213
-23.169901   -7.240594063  0.10196102   0.25487
-23.032801   -7.197750313  0.104236326  0.25765041
-22.8957     -7.15490625   0.10627859   0.26031494
-22.7586     -7.1120625    0.108322609  0.26321119
-22.6215     -7.06921875   0.110368483  0.2659916
-22.4844     -7.026375     0.112416262  0.26865616
-22.3473     -6.98353125   0.114583858  0.27143654
-22.210199   -6.940687188  0.116753727  0.27410111
-22.073099   -6.897843438  0.118689852  0.27676564
-21.936001   -6.855000313  0.120745624  0.2791985
-21.798901   -6.812156563  0.122921498  0.28163135
-21.6618     -6.7693125    0.124981591  0.28394836
-21.5247     -6.72646875   0.127398205  0.28603366
-21.3876     -6.683625     0.129817827  0.28800309
-21.2505     -6.64078125   0.132358608  0.28997254
-21.1134     -6.5979375    0.134902552  0.29159445
-20.976299   -6.555093438  0.137567963  0.29333219
-20.839199   -6.512249688  0.1399999    0.29495409
-20.702101   -6.469406563  0.142315971  0.29646015
-20.565001   -6.426562813  0.144634398  0.29796621
-20.4279     -6.38371875   0.146836663  0.29947224
-20.2908     -6.340875     0.14904106   0.30074659
-20.1537     -6.29803125   0.151128971  0.30202094
-20.0166     -6.2551875    0.153337544  0.30317944
-19.879499   -6.212343438  0.155191994  0.30422211
-19.742399   -6.169499688  0.157166546  0.30526474
-19.605301   -6.126656563  0.158905011  0.30619156
-19.468201   -6.083812813  0.160525563  0.30711836
-19.3311     -6.04096875   0.162027891  0.30781344
-19.194      -5.998125     0.163292645  0.30850855
-19.0569     -5.95528125   0.16467657   0.30897194
-18.9198     -5.9124375    0.165822691  0.30955121
-18.7827     -5.86959375   0.166968704  0.30989876
-18.645599   -5.826749688  0.168114858  0.31024629
-18.508499   -5.783905938  0.169261213  0.310478
-18.371401   -5.741062813  0.170646684  0.31082556
-18.234301   -5.698219063  0.171913788  0.31105724
-18.0972     -5.655375     0.173301017  0.31128895
-17.9601     -5.61253125   0.174808865  0.31140479
-17.823      -5.5696875    0.175959177  0.31152064
-17.6859     -5.52684375   0.177109607  0.31140479
-17.5488     -5.484        0.178260304  0.31117311
-17.411699   -5.441155938  0.179291592  0.3109414
-17.274599   -5.398312188  0.180322914  0.31059384
-17.137501   -5.355469063  0.181354352  0.31001461
-17.000401   -5.312625313  0.182385981  0.30955121
-16.8633     -5.26978125   0.183417853  0.30908781
-16.7262     -5.2269375    0.184209952  0.30862439
-16.5891     -5.18409375   0.185001567  0.30816099
-16.452      -5.14125      0.185792868  0.30758175
-16.314899   -5.098405938  0.186463775  0.30700251
-16.177799   -5.055562188  0.187013948  0.30619156
-16.040701   -5.012719063  0.187443085  0.30526474
-15.9036     -4.969875     0.187750903  0.30445379
-15.7665     -4.92703125   0.187937171  0.30341116
-15.6294     -4.8841875    0.187881278  0.30225265
-15.4923     -4.84134375   0.187823413  0.30109414
-15.3552     -4.7985       0.187643456  0.29970396
-15.2181     -4.75565625   0.187582076  0.29842961
-15.081      -4.7128125    0.18739888   0.29703939
-14.9439     -4.66996875   0.187093502  0.2956492
-14.8068     -4.627125     0.186786292  0.2940273
-14.6697     -4.58428125   0.186477448  0.29252124
-14.5326     -4.5414375    0.186167053  0.29078349
-14.3955     -4.49859375   0.185734534  0.28904575
-14.2584     -4.45575      0.185300285  0.28730801
-14.1213     -4.41290625   0.184743745  0.28545439
-13.9842     -4.3700625    0.184306171  0.28360081
-13.8471     -4.32721875   0.183867262  0.28174719
-13.71       -4.284375     0.183547909  0.28000945
-13.5729     -4.24153125   0.18298586   0.2782717
-13.4358     -4.1986875    0.182664001  0.27653396
-13.2987     -4.15584375   0.182099473  0.27479619
-13.1616     -4.113        0.181412492  0.27305844
-13.0245     -4.07015625   0.18096577   0.2713207
-12.8874     -4.0273125    0.180276148  0.26958296
-12.7503     -3.98446875   0.179705983  0.26784521
-12.6132     -3.941625     0.179134722  0.2659916
-12.4761     -3.89878125   0.178441278  0.26425385
-12.339      -3.8559375    0.177746471  0.26263195
-12.2019     -3.81309375   0.177171534  0.26077834
-12.0648     -3.77025      0.176474547  0.25904059
-11.9277     -3.72740625   0.175776384  0.25730285
-11.7906     -3.6845625    0.174955899  0.25533339
-11.6535     -3.64171875   0.174012917  0.25336394
-11.5164     -3.598875     0.173068428  0.25139451
-11.3793     -3.55603125   0.172122611  0.24942505
-11.2422     -3.5131875    0.17105429   0.2474556
-11.1051     -3.47034375   0.169984564  0.24548616
-10.968      -3.4275       0.168792253  0.2435167
-10.8309     -3.38465625   0.167719772  0.24177895
-10.6938     -3.3418125    0.1665249    0.23992535
-10.5567     -3.29896875   0.16532873   0.2381876
-10.4196     -3.256125     0.164131371  0.23644985
-10.2825     -3.21328125   0.162811586  0.23482795
-10.1454     -3.1704375    0.161611848  0.23320605
-10.0083     -3.12759375   0.16041119   0.2314683
-9.8711996   -3.084749875  0.159330951  0.2298464
-9.7341003   -3.041906344  0.158128675  0.22810864
-9.5970001   -2.999062531  0.15704686   0.22625504
-9.4598999   -2.956218719  0.156085774  0.2245173
-9.3227997   -2.913374906  0.155002865  0.2228954
-9.1857004   -2.870531375  0.154162043  0.22115766
-9.0486002   -2.827687563  0.153442328  0.21965159
-8.9115      -2.78484375   0.152601064  0.21791385
-8.7743998   -2.741999938  0.151880776  0.21629195
-8.6372995   -2.699156094  0.151160256  0.21455421
-8.5002003   -2.656312594  0.150318029  0.2129323
-8.3631001   -2.613468781  0.149718166  0.21119455
-8.2259998   -2.570624938  0.148996802  0.20957264
-8.0888996   -2.527781125  0.148396509  0.2078349
-7.9517999   -2.484937469  0.147431765  0.206213
-7.8147001   -2.442093781  0.146709202  0.20470695
-7.6775999   -2.399249969  0.145864944  0.20308505
-7.5405002   -2.356406313  0.145141709  0.201579
-7.4033999   -2.313562469  0.144296773  0.20007294
-7.2663002   -2.270718813  0.143572874  0.1985669
-7.1292      -2.227875     0.142727297  0.19706085
-6.9920998   -2.185031188  0.141881325  0.19555479
-6.855       -2.1421875    0.141035001  0.1941646
-6.7178998   -2.099343688  0.140066879  0.19289026
-6.5808001   -2.056500031  0.139098285  0.19150005
-6.4436998   -2.013656188  0.138007822  0.19010985
-6.3066001   -1.970812531  0.137159836  0.18871965
-6.1694999   -1.927968719  0.136311706  0.1872136
-6.0324001   -1.885125031  0.135341902  0.18593925
-5.8952999   -1.842281219  0.134371768  0.18454905
-5.7582002   -1.799437563  0.133522835  0.1832747
-5.6210999   -1.756593719  0.13267377   0.18200035
-5.4840002   -1.713750063  0.131703048  0.18072601
-5.3469      -1.67090625   0.130732065  0.1795675
-5.2097998   -1.628062438  0.129882332  0.178409
-5.0727      -1.58521875   0.129032525  0.1774822
-4.9355998   -1.542374938  0.128061095  0.1765554
-4.7985001   -1.499531281  0.127332458  0.1756286
-4.6613998   -1.456687438  0.126603859  0.17481765
-4.5243001   -1.413843781  0.125875235  0.17412256
-4.3871999   -1.370999969  0.125268101  0.1735433
-4.2501001   -1.328156281  0.124782532  0.17284819
-4.1129999   -1.285312469  0.124540113  0.1721531
-3.9758999   -1.242468719  0.124176475  0.17157385
-3.8388      -1.199625     0.123812952  0.17087875
-3.7017      -1.15678125   0.123692531  0.1702995
-3.5646      -1.1139375    0.123693892  0.16948855
-3.4275      -1.07109375   0.123452539  0.1686776
-3.2904      -1.02825      0.123454253  0.16775081
-3.1533      -0.98540625   0.123334707  0.16693985
-3.0162001   -0.942562531  0.123336795  0.16624475
-2.8791001   -0.899718781  0.12321758   0.16543379
-2.7420001   -0.856875031  0.123219962  0.16462284
-2.6048999   -0.814031219  0.12297948   0.16392775
-2.4677999   -0.771187469  0.122860522  0.16323265
-2.3306999   -0.728343719  0.122620157  0.1624217
-2.1935999   -0.685499969  0.12225829   0.16172659
-2.0565      -0.64265625   0.121653353  0.16091564
-1.9194      -0.5998125    0.121048294  0.16022055
-1.7823      -0.55696875   0.120321639  0.15952545
-1.6452      -0.514125     0.119594936  0.15883034
-1.5081      -0.47128125   0.118868225  0.15813525
-1.3710001   -0.428437531  0.118020021  0.157556
-1.2339      -0.38559375   0.117293401  0.1568609
-1.0968      -0.34275      0.116566954  0.15639751
-0.95969999  -0.299906247  0.115962265  0.1559341
-0.82260001  -0.257062503  0.115357909  0.15558656
-0.68550003  -0.214218759  0.114753963  0.15535486
-0.54839998  -0.171374994  0.114150536  0.155239
-0.4113      -0.12853125   0.113790953  0.15512314
-0.27419999  -0.085687497  0.113432518  0.1550073
-0.1371      -0.04284375   0.113197611  0.15489145
0            0             0.113089718  0.1550073
0.1371       0.04284375    0.113197611  0.15489145
0.27419999   0.085687497   0.113432518  0.1550073
0.4113       0.12853125    0.113790953  0.15512314
0.54839998   0.171374994   0.114150536  0.155239
0.68550003   0.214218759   0.114753963  0.15535486
0.82260001   0.257062503   0.115357909  0.15558656
0.95969999   0.299906247   0.115962265  0.1559341
1.0968       0.34275       0.116566954  0.15639751
1.2339       0.38559375    0.117293401  0.1568609
1.3710001    0.428437531   0.118020021  0.157556
1.5081       0.47128125    0.118868225  0.15813525
1.6452       0.514125      0.119594936  0.15883034
1.7823       0.55696875    0.120321639  0.15952545
1.9194       0.5998125     0.121048294  0.16022055
2.0565       0.64265625    0.121653353  0.16091564
2.1935999    0.685499969   0.12225829   0.16172659
2.3306999    0.728343719   0.122620157  0.1624217
2.4677999    0.771187469   0.122860522  0.16323265
2.6048999    0.814031219   0.12297948   0.16392775
2.7420001    0.856875031   0.123219962  0.16462284
2.8791001    0.899718781   0.12321758   0.16543379
3.0162001    0.942562531   0.123336795  0.16624475
3.1533       0.98540625    0.123334707  0.16693985
3.2904       1.02825       0.123454253  0.16775081
3.4275       1.07109375    0.123452539  0.1686776
3.5646       1.1139375     0.123693892  0.16948855
3.7017       1.15678125    0.123692531  0.1702995
3.8388       1.199625      0.123812952  0.17087875
3.9758999    1.242468719   0.124176475  0.17157385
4.1129999    1.285312469   0.124540113  0.1721531
4.2501001    1.328156281   0.124782532  0.17284819
4.3871999    1.370999969   0.125268101  0.1735433
4.5243001    1.413843781   0.125875235  0.17412256
4.6613998    1.456687438   0.126603859  0.17481765
4.7985001    1.499531281   0.127332458  0.1756286
4.9355998    1.542374938   0.128061095  0.1765554
5.0727       1.58521875    0.129032525  0.1774822
5.2097998    1.628062438   0.129882332  0.178409
5.3469       1.67090625    0.130732065  0.1795675
5.4840002    1.713750063   0.131703048  0.18072601
5.6210999    1.756593719   0.13267377   0.18200035
5.7582002    1.799437563   0.133522835  0.1832747
5.8952999    1.842281219   0.134371768  0.18454905
6.0324001    1.885125031   0.135341902  0.18593925
6.1694999    1.927968719   0.136311706  0.1872136
6.3066001    1.970812531   0.137159836  0.18871965
6.4436998    2.013656188   0.138007822  0.19010985
6.5808001    2.056500031   0.139098285  0.19150005
6.7178998    2.099343688   0.140066879  0.19289026
6.855        2.1421875     0.141035001  0.1941646
6.9920998    2.185031188   0.141881325  0.19555479
7.1292       2.227875      0.142727297  0.19706085
7.2663002    2.270718813   0.143572874  0.1985669
7.4033999    2.313562469   0.144296773  0.20007294
7.5405002    2.356406313   0.145141709  0.201579
7.6775999    2.399249969   0.145864944  0.20308505
7.8147001    2.442093781   0.146709202  0.20470695
7.9517999    2.484937469   0.147431765  0.206213
8.0888996    2.527781125   0.148396509  0.2078349
8.2259998    2.570624938   0.148996802  0.20957264
8.3631001    2.613468781   0.149718166  0.21119455
8.5002003    2.656312594   0.150318029  0.2129323
8.6372995    2.699156094   0.151160256  0.21455421
8.7743998    2.741999938   0.151880776  0.21629195
8.9115       2.78484375    0.152601064  0.21791385
9.0486002    2.827687563   0.153442328  0.21965159
9.1857004    2.870531375   0.154162043  0.22115766
9.3227997    2.913374906   0.155002865  0.2228954
9.4598999    2.956218719   0.156085774  0.2245173
9.5970001    2.999062531   0.15704686   0.22625504
9.7341003    3.041906344   0.158128675  0.22810864
9.8711996    3.084749875   0.159330951  0.2298464
10.0083      3.12759375    0.16041119   0.2314683
10.1454      3.1704375     0.161611848  0.23320605
10.2825      3.21328125    0.162811586  0.23482795
10.4196      3.256125      0.164131371  0.23644985
10.5567      3.29896875    0.16532873   0.2381876
10.6938      3.3418125     0.1665249    0.23992535
10.8309      3.38465625    0.167719772  0.24177895
10.968       3.4275        0.168792253  0.2435167
11.1051      3.47034375    0.169984564  0.24548616
11.2422      3.5131875     0.17105429   0.2474556
11.3793      3.55603125    0.172122611  0.24942505
11.5164      3.598875      0.173068428  0.25139451
11.6535      3.64171875    0.174012917  0.25336394
11.7906      3.6845625     0.174955899  0.25533339
11.9277      3.72740625    0.175776384  0.25730285
12.0648      3.77025       0.176474547  0.25904059
12.2019      3.81309375    0.177171534  0.26077834
12.339       3.8559375     0.177746471  0.26263195
12.4761      3.89878125    0.178441278  0.26425385
12.6132      3.941625      0.179134722  0.2659916
12.7503      3.98446875    0.179705983  0.26784521
12.8874      4.0273125     0.180276148  0.26958296
13.0245      4.07015625    0.18096577   0.2713207
13.1616      4.113         0.181412492  0.27305844
13.2987      4.15584375    0.182099473  0.27479619
13.4358      4.1986875     0.182664001  0.27653396
13.5729      4.24153125    0.18298586   0.2782717
13.71        4.284375      0.183547909  0.28000945
13.8471      4.32721875    0.183867262  0.28174719
13.9842      4.3700625     0.184306171  0.28360081
14.1213      4.41290625    0.184743745  0.28545439
14.2584      4.45575       0.185300285  0.28730801
14.3955      4.49859375    0.185734534  0.28904575
14.5326      4.5414375     0.186167053  0.29078349
14.6697      4.58428125    0.186477448  0.29252124
14.8068      4.627125      0.186786292  0.2940273
14.9439      4.66996875    0.187093502  0.2956492
15.081       4.7128125     0.18739888   0.29703939
15.2181      4.75565625    0.187582076  0.29842961
15.3552      4.7985        0.187643456  0.29970396
15.4923      4.84134375    0.187823413  0.30109414
15.6294      4.8841875     0.187881278  0.30225265
15.7665      4.92703125    0.187937171  0.30341116
15.9036      4.969875      0.187750903  0.30445379
16.040701    5.012719063   0.187443085  0.30526474
16.177799    5.055562188   0.187013948  0.30619156
16.314899    5.098405938   0.186463775  0.30700251
16.452       5.14125       0.185792868  0.30758175
16.5891      5.18409375    0.185001567  0.30816099
16.7262      5.2269375     0.184209952  0.30862439
16.8633      5.26978125    0.183417853  0.30908781
17.000401    5.312625313   0.182385981  0.30955121
17.137501    5.355469063   0.181354352  0.31001461
17.274599    5.398312188   0.180322914  0.31059384
17.411699    5.441155938   0.179291592  0.3109414
17.5488      5.484         0.178260304  0.31117311
17.6859      5.52684375    0.177109607  0.31140479
17.823       5.5696875     0.175959177  0.31152064
17.9601      5.61253125    0.174808865  0.31140479
18.0972      5.655375      0.173301017  0.31128895
18.234301    5.698219063   0.171913788  0.31105724
18.371401    5.741062813   0.170646684  0.31082556
18.508499    5.783905938   0.169261213  0.310478
18.645599    5.826749688   0.168114858  0.31024629
18.7827      5.86959375    0.166968704  0.30989876
18.9198      5.9124375     0.165822691  0.30955121
19.0569      5.95528125    0.16467657   0.30897194
19.194       5.998125      0.163292645  0.30850855
19.3311      6.04096875    0.162027891  0.30781344
19.468201    6.083812813   0.160525563  0.30711836
19.605301    6.126656563   0.158905011  0.30619156
19.742399    6.169499688   0.157166546  0.30526474
19.879499    6.212343438   0.155191994  0.30422211
20.0166      6.2551875     0.153337544  0.30317944
20.1537      6.29803125    0.151128971  0.30202094
20.2908      6.340875      0.14904106   0.30074659
20.4279      6.38371875    0.146836663  0.29947224
20.565001    6.426562813   0.144634398  0.29796621
20.702101    6.469406563   0.142315971  0.29646015
20.839199    6.512249688   0.1399999    0.29495409
20.976299    6.555093438   0.137567963  0.29333219
21.1134      6.5979375     0.134902552  0.29159445
21.2505      6.64078125    0.132358608  0.28997254
21.3876      6.683625      0.129817827  0.28800309
21.5247      6.72646875    0.127398205  0.28603366
21.6618      6.7693125     0.124981591  0.28394836
21.798901    6.812156563   0.122921498  0.28163135
21.936001    6.855000313   0.120745624  0.2791985
22.073099    6.897843438   0.118689852  0.27676564
22.210199    6.940687188   0.116753727  0.27410111
22.3473      6.98353125    0.114583858  0.27143654
22.4844      7.026375      0.112416262  0.26865616
22.6215      7.06921875    0.110368483  0.2659916
22.7586      7.1120625     0.108322609  0.26321119
22.8957      7.15490625    0.10627859   0.26031494
23.032801    7.197750313   0.104236326  0.25765041
23.169901    7.240594063   0.10196102   0.25487
23.306999    7.283437188   0.099805377  0.2523213
23.444099    7.326280938   0.097534429  0.24977259
23.5812      7.369125      0.095382973  0.24733976
23.7183      7.41196875    0.093116185  0.2449069
23.8554      7.4548125     0.090734329  0.24258991
23.9925      7.49765625    0.088354902  0.24015705
24.129601    7.540500313   0.085977895  0.2377242
24.266701    7.583344063   0.083603343  0.23529135
24.403799    7.626187188   0.081348322  0.23297435
24.540899    7.669030938   0.079212579  0.2305415
24.677999    7.711874688   0.07707891   0.22810864
24.8151      7.75471875    0.07518121   0.22567581
24.9522      7.7975625     0.073285131  0.22301126
25.0893      7.84040625    0.071390709  0.2203467
25.2264      7.88325       0.069614818  0.21779799
25.363501    7.926094063   0.067957249  0.21490175
25.500601    7.968937813   0.06641771   0.21223719
25.637699    8.011780938   0.064762461  0.20957264
25.774799    8.054624688   0.063225202  0.20690811
25.9119      8.09746875    0.061805617  0.2041277
26.049       8.1403125     0.060153443  0.20169485
26.1861      8.18315625    0.05850235   0.19926199
26.3232      8.226         0.056735692  0.19682916
26.4603      8.26884375    0.05485367   0.19428045
26.597401    8.311687813   0.052973061  0.19173175
26.734501    8.354531563   0.051210383  0.1892989
26.871599    8.397374688   0.049332444  0.1867502
27.008699    8.440218438   0.047688901  0.18420149
27.1458      8.4830625     0.046046456  0.1818845
27.2829      8.52590625    0.044521549  0.17945164
27.42        8.56875       0.042881195  0.17713465
27.5571      8.61159375    0.041474804  0.17481765
27.694201    8.654437813   0.04030205   0.17250066
27.831301    8.697281563   0.039013517  0.17018364
27.968399    8.740124688   0.037842067  0.16775081
28.105499    8.782968438   0.036671225  0.16543379
28.242599    8.825812188   0.035617312  0.1631168
28.3797      8.86865625    0.034563887  0.1607998
28.5168      8.9115        0.033510964  0.15836695
28.6539      8.95434375    0.032691037  0.1559341
28.791       8.9971875     0.03163884   0.1533854
28.928101    9.040031563   0.030470874  0.15095255
29.065201    9.082875313   0.029535877  0.14840385
29.202299    9.125718438   0.028368818  0.14585514
29.339399    9.168562188   0.027318477  0.14330645
29.4765      9.21140625    0.026268572  0.14075775
29.6136      9.25425       0.025219107  0.13820904
29.7507      9.29709375    0.024286223  0.13577621
29.8878      9.3399375     0.023353686  0.13334335
30.0249      9.38278125    0.022421503  0.1309105
30.162001    9.425625313   0.02160578   0.1285935
30.299101    9.468469063   0.020790337  0.12604479
30.436199    9.511312188   0.02009126   0.1234961
30.573299    9.554155938   0.019392378  0.12083155
30.7104      9.597         0.018693689  0.11828285
30.8475      9.63984375    0.017879136  0.1153866
30.9846      9.6826875     0.017180887  0.1123745
31.1217      9.72553125    0.016482832  0.10924655
31.258801    9.768375313   0.015784972  0.10623445
31.395901    9.811219063   0.015203322  0.1031065
31.533001    9.854062813   0.014505797  0.1003261
31.670099    9.896905938   0.013924466  0.097545698
31.807199    9.939749688   0.013343278  0.095692098
31.9443      9.98259375    0.012878218  0.094186053
32.081402    10.02543813   0.012297274  0.092564151
32.218498    10.06828063   0.011948422  0.090710551
32.355598    10.11112438   0.011483659  0.088625252
32.492699    10.15396844   0.011134962  0.086308248
32.629799    10.19681219   0.010902276  0.083759546
32.766899    10.23965594   0.010553652  0.081095003
32.903999    10.28249969   0.010089142  0.078314602
33.0411      10.32534375   0.009740666  0.075302497
33.1782      10.3681875    0.009508179  0.072290398
33.3153      10.41103125   0.009159796  0.0692783
33.4524      10.453875     0.00904331   0.066150352
33.5895      10.49671875   0.008926807  0.063138247
33.726601    10.53956281   0.008694372  0.060126148
33.863701    10.58240656   0.008346045  0.05711405
34.000801    10.62525031   0.007997747  0.054101951
34.137901    10.66809406   0.007417708  0.050974
34.275002    10.71093813   0.006721885  0.047961898
34.412102    10.75378188   0.006142052  0.044833951
34.549198    10.79662438   0.005562297  0.041706
34.686298    10.83946813   0.004750896  0.038693901
34.823399    10.88231219   0.004171329  0.035450101
34.960499    10.92515594   0.003475973  0.03232215
35.097599    10.96799969   0.003012401  0.029310049
35.234699    11.01084344   0.002433017  0.026297949
35.371799    11.05368719   0.001853681  0.023285851
35.5089      11.09653125   0.001274383  0.020273751
35.646       11.139375     0.00092681   0.017377499
35.7831      11.18221875   0.000463401  0.01471295
35.9202      11.2250625    0.00011585   0.0120484
36.057301    11.26790656   0            0.0097314
36.194401    11.31075031   0            0.0074144
36.331501    11.35359406   0            0.0053291
36.468601    11.39643781   0            0.0034755
36.605701    11.43928156   0            0.0016219
36.742802    11.48212563   0            0
36.879902    11.52496938   0            0
37.016998    11.56781188   0            0
37.154099    11.61065594   0            0
37.291199    11.65349969   0            0
37.428299    11.69634344   0            0
37.565399    11.73918719   0            0
37.702499    11.78203094   0            0
37.8396      11.824875     0            0
37.9767      11.86771875   0            0
38.1138      11.9105625    0            0
38.2509      11.95340625   0            0
38.388       11.99625      0            0
38.525101    12.03909406   0            0
38.662201    12.08193781   0            0
38.799301    12.12478156   0            0
38.936401    12.16762531   0            0
39.073502    12.21046938   0            0
39.210602    12.25331313   0            0
39.347698    12.29615563   0            0
39.484798    12.33899938   0            0
39.621899    12.38184344   0            0
39.758999    12.42468719   0            0
39.896099    12.46753094   0            0
40.033199    12.51037469   0            0
40.1703      12.55321875   0            0
40.3074      12.5960625    0            0
40.4445      12.63890625   0            0
40.5816      12.68175      0            0
40.7187      12.72459375   0            0
40.855801    12.76743781   0            0
40.992901    12.81028156   0            0
41.130001    12.85312531   0            0
41.267101    12.89596906   0            0
41.404202    12.93881313   0            0
41.541302    12.98165688   0            0
41.678398    13.02449938   0            0
41.815498    13.06734313   0            0
41.952599    13.11018719   0            0
42.089699    13.15303094   0            0
42.226799    13.19587469   0            0
42.363899    13.23871844   0            0
42.500999    13.28156219   0            0
42.6381      13.32440625   0            0
42.7752      13.36725      0            0
42.9123      13.41009375   0            0
43.0494      13.4529375    0            0
43.186501    13.49578156   0            0
43.323601    13.53862531   0            0
43.460701    13.58146906   0            0
43.597801    13.62431281   0            0
43.734901    13.66715656   0            0
43.872002    13.71000063   0            0
44.009102    13.75284438   0            0
44.146198    13.79568688   0            0
44.283298    13.83853063   0            0
44.420399    13.88137469   0            0
44.557499    13.92421844   0            0
44.694599    13.96706219   0            0
44.831699    14.00990594   0            0
44.9688      14.05275      0            0
45.1059      14.09559375   0            0
45.243       14.1384375    0            0
45.3801      14.18128125   0            0
45.5172      14.224125     0            0
45.654301    14.26696906   0            0
45.791401    14.30981281   0            0
45.928501    14.35265656   0            0
46.065601    14.39550031   0            0
46.202702    14.43834438   0            0
46.339802    14.48118813   0            0
46.476898    14.52403063   0            0
46.613998    14.56687438   0            0
46.751099    14.60971844   0            0
46.888199    14.65256219   0            0
47.025299    14.69540594   0            0
47.162399    14.73824969   0            0
47.2995      14.78109375   0            0
47.4366      14.8239375    0            0
47.5737      14.86678125   0            0
47.7108      14.909625     0            0
47.8479      14.95246875   0            0
47.985001    14.99531281   0            0
48.122101    15.03815656   0            0
48.259201    15.08100031   0            0
48.396301    15.12384406   0            0
48.533401    15.16668781   0            0
48.670502    15.20953188   0            0
48.807598    15.25237438   0            0
48.944698    15.29521813   0            0
49.081799    15.33806219   0            0
49.218899    15.38090594   0            0
49.355999    15.42374969   0            0
49.493099    15.46659344   0            0
49.630199    15.50943719   0            0
49.7673      15.55228125   0            0
49.9044      15.595125     0            0
50.0415      15.63796875   0            0
50.1786      15.6808125    0            0
50.315701    15.72365656   0            0
50.452801    15.76650031   0            0
50.589901    15.80934406   0            0
50.727001    15.85218781   0            0
50.864101    15.89503156   0            0
51.001202    15.93787563   0            0
51.138302    15.98071938   0            0
51.275398    16.02356188   0            0
51.412498    16.06640563   0            0
51.549599    16.10924969   0            0
51.686699    16.15209344   0            0
51.823799    16.19493719   0            0
51.960899    16.23778094   0            0
52.098       16.280625     0            0
52.2351      16.32346875   0            0
52.3722      16.3663125    0            0
52.5093      16.40915625   0            0
52.6464      16.452        0            0
52.783501    16.49484406   0            0
52.920601    16.53768781   0            0
53.057701    16.58053156   0            0
53.194801    16.62337531   0            0
53.331902    16.66621938   0            0
53.469002    16.70906313   0            0
53.606098    16.75190563   0            0
53.743198    16.79474938   0            0
53.880299    16.83759344   0            0
54.017399    16.88043719   0            0
54.154499    16.92328094   0            0
54.291599    16.96612469   0            0
54.428699    17.00896844   0            0
54.5658      17.0518125    0            0
54.7029      17.09465625   0            0
54.84        17.1375       0            0
54.9771      17.18034375   0            0
55.114201    17.22318781   0            0
55.251301    17.26603156   0            0
55.388401    17.30887531   0            0
55.525501    17.35171906   0            0
55.662601    17.39456281   0            0
55.799702    17.43740688   0            0
55.936798    17.48024938   0            0
56.073898    17.52309313   0            0
56.210999    17.56593719   0            0
56.348099    17.60878094   0            0
56.485199    17.65162469   0            0
56.622299    17.69446844   0            0
56.759399    17.73731219   0            0
56.8965      17.78015625   0            0
57.0336      17.823        0            0
57.1707      17.86584375   0            0
57.3078      17.9086875    0            0
57.444901    17.95153156   0            0
57.582001    17.99437531   0            0
57.719101    18.03721906   0            0
57.856201    18.08006281   0            0
57.993301    18.12290656   0            0
58.130402    18.16575063   0            0
58.267502    18.20859438   0            0
58.404598    18.25143688   0            0
58.541698    18.29428063   0            0
58.678799    18.33712469   0            0
58.815899    18.37996844   0            0
58.952999    18.42281219   0            0
59.090099    18.46565594   0            0
59.2272      18.5085       0            0
59.3643      18.55134375   0            0
59.5014      18.5941875    0            0
59.6385      18.63703125   0            0
59.7756      18.679875     0            0
59.912701    18.72271906   0            0
60.049801    18.76556281   0            0
60.186901    18.80840656   0            0
60.324001    18.85125031   0            0
60.461102    18.89409438   0            0
60.598202    18.93693813   0            0
60.735298    18.97978063   0            0
60.872398    19.02262438   0            0
61.009499    19.06546844   0            0
61.146599    19.10831219   0            0
61.283699    19.15115594   0            0
61.420799    19.19399969   0            0
61.557899    19.23684344   0            0
61.695       19.2796875    0            0
61.8321      19.32253125   0            0
61.9692      19.365375     0            0
62.1063      19.40821875   0            0
62.243401    19.45106281   0            0
62.380501    19.49390656   0            0
62.517601    19.53675031   0            0
62.654701    19.57959406   0            0
62.791801    19.62243781   0            0
62.928902    19.66528188   0            0
63.066002    19.70812563   0            0
63.203098    19.75096813   0            0
63.340199    19.79381219   0            0
63.477299    19.83665594   0            0
63.614399    19.87949969   0            0
63.751499    19.92234344   0            0
63.888599    19.96518719   0            0
64.025703    20.00803219   0            0
64.162804    20.05087625   0            0
64.299896    20.0937175    0            0
64.436996    20.13656125   0            0
64.574097    20.17940531   0            0
64.711197    20.22224906   0            0
64.848297    20.26509281   0            0
64.985397    20.30793656   0            0
65.122498    20.35078063   0            0
65.259598    20.39362438   0            0
65.396698    20.43646813   0            0
65.533798    20.47931188   0            0
65.670898    20.52215563   0            0
65.807999    20.56499969   0            0
65.945099    20.60784344   0            0
66.082199    20.65068719   0            0
66.219299    20.69353094   0            0
66.3564      20.736375     0            0
66.4935      20.77921875   0            0
66.6306      20.8220625    0            0
66.7677      20.86490625   0            0
66.9048      20.90775      0            0
67.041901    20.95059406   0            0
67.179001    20.99343781   0            0
67.316101    21.03628156   0            0
67.453201    21.07912531   0            0
67.590302    21.12196938   0            0
67.727402    21.16481313   0            0
67.864502    21.20765688   0            0
68.001602    21.25050063   0            0
68.138702    21.29334438   0            0
68.275803    21.33618844   0            0
68.412903    21.37903219   0            0
68.550003    21.42187594   0            0
68.687103    21.46471969   0            0
68.824203    21.50756344   0            0
68.961304    21.5504075    0            0
69.098396    21.59324875   0            0
69.235497    21.63609281   0            0
69.372597    21.67893656   0            0
69.509697    21.72178031   0            0
69.646797    21.76462406   0            0
69.783897    21.80746781   0            0
69.920998    21.85031188   0            0
70.058098    21.89315563   0            0
70.195198    21.93599938   0            0
70.332298    21.97884313   0            0
70.469398    22.02168688   0            0
70.606499    22.06453094   0            0
70.743599    22.10737469   0            0
70.880699    22.15021844   0            0
71.017799    22.19306219   0            0
71.1549      22.23590625   0            0
71.292       22.27875      0            0
71.4291      22.32159375   0            0
71.5662      22.3644375    0            0
71.7033      22.40728125   0            0
71.840401    22.45012531   0            0
71.977501    22.49296906   0            0
72.114601    22.53581281   0            0
72.251701    22.57865656   0            0
72.388802    22.62150063   0            0
72.525902    22.66434438   0            0
72.663002    22.70718813   0            0
72.800102    22.75003188   0            0
72.937202    22.79287563   0            0
73.074303    22.83571969   0            0
73.211403    22.87856344   0            0
73.348503    22.92140719   0            0
73.485603    22.96425094   0            0
73.622704    23.007095     0            0
73.759804    23.04993875   0            0
73.896896    23.09278      0            0
74.033997    23.13562406   0            0
74.171097    23.17846781   0            0
74.308197    23.22131156   0            0
74.445297    23.26415531   0            0
74.582397    23.30699906   0            0
74.719498    23.34984313   0            0
74.856598    23.39268688   0            0
74.993698    23.43553063   0            0
75.130798    23.47837438   0            0
75.267899    23.52121844   0            0
75.404999    23.56406219   0            0
75.542099    23.60690594   0            0
75.679199    23.64974969   0            0
75.816299    23.69259344   0            0
75.9534      23.7354375    0            0
76.0905      23.77828125   0            0
76.2276      23.821125     0            0
76.3647      23.86396875   0            0
76.501801    23.90681281   0            0
76.638901    23.94965656   0            0
76.776001    23.99250031   0            0
76.913101    24.03534406   0            0
77.050201    24.07818781   0            0
77.187302    24.12103188   0            0
77.324402    24.16387563   0            0
77.461502    24.20671938   0            0
77.598602    24.24956313   0            0
77.735703    24.29240719   0            0
77.872803    24.33525094   0            0
78.009903    24.37809469   0            0
78.147003    24.42093844   0            0
78.284103    24.46378219   0            0
78.421204    24.50662625   0            0
78.558296    24.5494675    0            0
78.695396    24.59231125   0            0
78.832497    24.63515531   0            0
78.969597    24.67799906   0            0
79.106697    24.72084281   0            0
79.243797    24.76368656   0            0
79.380898    24.80653063   0            0
79.517998    24.84937438   0            0
79.655098    24.89221813   0            0
79.792198    24.93506188   0            0
79.929298    24.97790563   0            0
