#    r         (mm)  r/D  T(K)  std  T  (K)
-50  -15.625   294   0
-45  -14.0625  294   0
-40  -12.5     1483  256
-35  -10.9375  1651  136
-30  -9.375    1706  98
-25  -7.8125   1720  103
-20  -6.25     1713  107
-15  -4.6875   1669  117
-10  -3.125    1613  121
-5   -1.5625   1497  145
0    0         1467  146
5    1.5625    1476  149
10   3.125     1560  127
15   4.6875    1634  116
20   6.25      1713  105
25   7.8125    1726  101
30   9.375     1699  91
35   10.9375   1694  87
40   12.5      1644  136
45   14.0625   294   0
50   15.625    294   0
