#    r         (mm)  r/D  T(K)  std  T  (K)
-50  -15.625   294   0
-45  -14.0625  1511  215
-40  -12.5     1657  92
-35  -10.9375  1661  124
-30  -9.375    1698  97
-25  -7.8125   1702  99
-20  -6.25     1678  106
-15  -4.6875   1647  114
-10  -3.125    1557  125
-5   -1.5625   1525  122
0    0         1501  114
5    1.5625    1505  116
10   3.125     1536  121
15   4.6875    1617  122
20   6.25      1648  113
25   7.8125    1681  100
30   9.375     1667  116
35   10.9375   1675  95
40   12.5      1657  119
45   14.0625   1646  110
50   15.625    294   0
