#            x/D           =            85.9375  ~   86     
#            r             (mm)         r/D      fv  (ppm)  rms_fv
-79.929298   -24.97790563  0            0
-79.792198   -24.93506188  0            0
-79.655098   -24.89221813  0            0
-79.517998   -24.84937438  0            0
-79.380898   -24.80653063  0            0
-79.243797   -24.76368656  0            0
-79.106697   -24.72084281  0            0
-78.969597   -24.67799906  0            0
-78.832497   -24.63515531  0            0
-78.695396   -24.59231125  0            0
-78.558296   -24.5494675   0            0
-78.421204   -24.50662625  0            0
-78.284103   -24.46378219  0            0
-78.147003   -24.42093844  0            0
-78.009903   -24.37809469  0            0
-77.872803   -24.33525094  0            0
-77.735703   -24.29240719  0            0
-77.598602   -24.24956313  0            0
-77.461502   -24.20671938  0            0
-77.324402   -24.16387563  0            0
-77.187302   -24.12103188  0            0
-77.050201   -24.07818781  0            0
-76.913101   -24.03534406  0            0
-76.776001   -23.99250031  0            0
-76.638901   -23.94965656  0            0
-76.501801   -23.90681281  0            0
-76.3647     -23.86396875  0            0
-76.2276     -23.821125    0            0
-76.0905     -23.77828125  0            0
-75.9534     -23.7354375   0            0
-75.816299   -23.69259344  0            0
-75.679199   -23.64974969  0            0
-75.542099   -23.60690594  0            0
-75.404999   -23.56406219  0            0
-75.267899   -23.52121844  0            0
-75.130798   -23.47837438  0            0
-74.993698   -23.43553063  0            0
-74.856598   -23.39268688  0            0
-74.719498   -23.34984313  0            0
-74.582397   -23.30699906  0            0
-74.445297   -23.26415531  0            0
-74.308197   -23.22131156  0            0
-74.171097   -23.17846781  0            0
-74.033997   -23.13562406  0            0
-73.896896   -23.09278     0            0
-73.759804   -23.04993875  0            0
-73.622704   -23.007095    0            0
-73.485603   -22.96425094  0            0
-73.348503   -22.92140719  0            0
-73.211403   -22.87856344  0            0
-73.074303   -22.83571969  0            0
-72.937202   -22.79287563  0            0
-72.800102   -22.75003188  0            0
-72.663002   -22.70718813  0            0
-72.525902   -22.66434438  0            0
-72.388802   -22.62150063  0            0
-72.251701   -22.57865656  0            0
-72.114601   -22.53581281  0            0
-71.977501   -22.49296906  0            0
-71.840401   -22.45012531  0            0
-71.7033     -22.40728125  0            0
-71.5662     -22.3644375   0            0
-71.4291     -22.32159375  0            0
-71.292      -22.27875     0            0
-71.1549     -22.23590625  0            0
-71.017799   -22.19306219  0            0
-70.880699   -22.15021844  0            0
-70.743599   -22.10737469  0            0
-70.606499   -22.06453094  0            0
-70.469398   -22.02168688  0            0
-70.332298   -21.97884313  0            0
-70.195198   -21.93599938  0            0
-70.058098   -21.89315563  0            0
-69.920998   -21.85031188  0            0
-69.783897   -21.80746781  0            0
-69.646797   -21.76462406  0            0
-69.509697   -21.72178031  0            0
-69.372597   -21.67893656  0            0
-69.235497   -21.63609281  0            0
-69.098396   -21.59324875  0            0
-68.961304   -21.5504075   0            0
-68.824203   -21.50756344  0            0
-68.687103   -21.46471969  0            0
-68.550003   -21.42187594  0            0
-68.412903   -21.37903219  0            0
-68.275803   -21.33618844  0            0
-68.138702   -21.29334438  0            0
-68.001602   -21.25050063  0            0
-67.864502   -21.20765688  0            0
-67.727402   -21.16481313  0            0
-67.590302   -21.12196938  0            0
-67.453201   -21.07912531  0            0
-67.316101   -21.03628156  0            0
-67.179001   -20.99343781  0            0
-67.041901   -20.95059406  0            0
-66.9048     -20.90775     0            0
-66.7677     -20.86490625  0.00011585   0.00011585
-66.6306     -20.8220625   0.000347551  0.00034755
-66.4935     -20.77921875  0.000463405  0.0004634
-66.3564     -20.736375    0.000579262  0.0006951
-66.219299   -20.69353094  0.000810975  0.0009268
-66.082199   -20.65068719  0.000926842  0.0011585
-65.945099   -20.60784344  0.001158569  0.0013902
-65.807999   -20.56499969  0.001390308  0.00173775
-65.670898   -20.52215563  0.001506199  0.0018536
-65.533798   -20.47931188  0.001737958  0.00220115
-65.396698   -20.43646813  0.001853866  0.00243285
-65.259598   -20.39362438  0.002201517  0.00266455
-65.122498   -20.35078063  0.002433327  0.0030121
-64.985397   -20.30793656  0.002549278  0.0032438
-64.848297   -20.26509281  0.002781113  0.0034755
-64.711197   -20.22224906  0.003012969  0.0037072
-64.574097   -20.17940531  0.003128959  0.00405475
-64.436996   -20.13656125  0.003476736  0.00428645
-64.299896   -20.0937175   0.003592765  0.00451815
-64.162804   -20.05087625  0.003824696  0.004634
-64.025703   -20.00803219  0.004056654  0.00498155
-63.888599   -19.96518719  0.004056818  0.00521325
-63.751499   -19.92234344  0.004288791  0.00544495
-63.614399   -19.87949969  0.004404878  0.0055608
-63.477299   -19.83665594  0.004636893  0.0057925
-63.340199   -19.79381219  0.004637084  0.0057925
-63.203098   -19.75096813  0.004753188  0.0060242
-63.066002   -19.70812563  0.004869304  0.0060242
-62.928902   -19.66528188  0.004985429  0.0062559
-62.791801   -19.62243781  0.004985619  0.0062559
-62.654701   -19.57959406  0.004985796  0.0062559
-62.517601   -19.53675031  0.004985963  0.0062559
-62.380501   -19.49390656  0.004986122  0.0062559
-62.243401   -19.45106281  0.004986276  0.0062559
-62.1063     -19.40821875  0.00487046   0.00614005
-61.9692     -19.365375    0.004870586  0.0060242
-61.8321     -19.32253125  0.004754742  0.00590835
-61.695      -19.2796875   0.004638877  0.00590835
-61.557899   -19.23684344  0.004638969  0.00590835
-61.420799   -19.19399969  0.004639065  0.00590835
-61.283699   -19.15115594  0.004639161  0.00590835
-61.146599   -19.10831219  0.004639257  0.00590835
-61.009499   -19.06546844  0.004639352  0.00590835
-60.872398   -19.02262438  0.004639446  0.00590835
-60.735298   -18.97978063  0.004639539  0.00590835
-60.598202   -18.93693813  0.004639631  0.00590835
-60.461102   -18.89409438  0.004639721  0.00590835
-60.324001   -18.85125031  0.00463981   0.00590835
-60.186901   -18.80840656  0.004639898  0.00590835
-60.049801   -18.76556281  0.004755984  0.00590835
-59.912701   -18.72271906  0.004756086  0.00590835
-59.7756     -18.679875    0.004756182  0.00590835
-59.6385     -18.63703125  0.004756275  0.00590835
-59.5014     -18.5941875   0.004872376  0.00590835
-59.3643     -18.55134375  0.004872481  0.00590835
-59.2272     -18.5085      0.004872581  0.00590835
-59.090099   -18.46565594  0.004872677  0.00590835
-58.952999   -18.42281219  0.004872771  0.00590835
-58.815899   -18.37996844  0.004872863  0.0060242
-58.678799   -18.33712469  0.004872954  0.0060242
-58.541698   -18.29428063  0.004873042  0.0060242
-58.404598   -18.25143688  0.00487313   0.0060242
-58.267502   -18.20859438  0.004873215  0.0060242
-58.130402   -18.16575063  0.0048733    0.00614005
-57.993301   -18.12290656  0.004873383  0.00614005
-57.856201   -18.08006281  0.004873466  0.00614005
-57.719101   -18.03721906  0.004873547  0.00614005
-57.582001   -17.99437531  0.004873627  0.0060242
-57.444901   -17.95153156  0.004873706  0.0060242
-57.3078     -17.9086875   0.004873784  0.0060242
-57.1707     -17.86584375  0.004989906  0.0060242
-57.0336     -17.823       0.004989998  0.00590835
-56.8965     -17.78015625  0.004990086  0.00590835
-56.759399   -17.73731219  0.00499017   0.00590835
-56.622299   -17.69446844  0.004990253  0.0057925
-56.485199   -17.65162469  0.004990334  0.0057925
-56.348099   -17.60878094  0.004990414  0.00590835
-56.210999   -17.56593719  0.004990493  0.00590835
-56.073898   -17.52309313  0.00499057   0.00590835
-55.936798   -17.48024938  0.005106709  0.00590835
-55.799702   -17.43740688  0.0051068    0.0060242
-55.662601   -17.39456281  0.005106887  0.0060242
-55.525501   -17.35171906  0.005106971  0.00614005
-55.388401   -17.30887531  0.005107053  0.0062559
-55.251301   -17.26603156  0.005107133  0.0064876
-55.114201   -17.22318781  0.005107212  0.0064876
-54.9771     -17.18034375  0.005223365  0.00660345
-54.84       -17.1375      0.005223458  0.0067193
-54.7029     -17.09465625  0.005223545  0.00683515
-54.5658     -17.0518125   0.00522363   0.00683515
-54.428699   -17.00896844  0.005223713  0.006951
-54.291599   -16.96612469  0.005223794  0.006951
-54.154499   -16.92328094  0.005223874  0.00706685
-54.017399   -16.88043719  0.005223953  0.00706685
-53.880299   -16.83759344  0.00522403   0.0071827
-53.743198   -16.79474938  0.005224107  0.0071827
-53.606098   -16.75190563  0.005224182  0.0071827
-53.469002   -16.70906313  0.005340352  0.00706685
-53.331902   -16.66621938  0.005340442  0.0071827
-53.194801   -16.62337531  0.005340527  0.0071827
-53.057701   -16.58053156  0.005340609  0.0071827
-52.920601   -16.53768781  0.005340689  0.0071827
-52.783501   -16.49484406  0.005340768  0.00706685
-52.6464     -16.452       0.005340846  0.00706685
-52.5093     -16.40915625  0.005340922  0.00706685
-52.3722     -16.3663125   0.005340998  0.006951
-52.2351     -16.32346875  0.005341072  0.006951
-52.098      -16.280625    0.005341146  0.00683515
-51.960899   -16.23778094  0.005341219  0.0067193
-51.823799   -16.19493719  0.005341291  0.00660345
-51.686699   -16.15209344  0.005341362  0.00660345
-51.549599   -16.10924969  0.005341432  0.0064876
-51.412498   -16.06640563  0.005341502  0.00637175
-51.275398   -16.02356188  0.005341571  0.00637175
-51.138302   -15.98071938  0.00534164   0.0062559
-51.001202   -15.93787563  0.005457832  0.00614005
-50.864101   -15.89503156  0.005457915  0.00614005
-50.727001   -15.85218781  0.005457994  0.0060242
-50.589901   -15.80934406  0.00545807   0.0060242
-50.452801   -15.76650031  0.005458144  0.00590835
-50.315701   -15.72365656  0.005458217  0.00590835
-50.1786     -15.6808125   0.005458289  0.0057925
-50.0415     -15.63796875  0.005574495  0.0057925
-49.9044     -15.595125    0.005574582  0.00590835
-49.7673     -15.55228125  0.005574663  0.00590835
-49.630199   -15.50943719  0.005690882  0.0060242
-49.493099   -15.46659344  0.005690975  0.0062559
-49.355999   -15.42374969  0.005807206  0.0064876
-49.218899   -15.38090594  0.005807308  0.0067193
-49.081799   -15.33806219  0.005807402  0.006951
-48.944698   -15.29521813  0.005807492  0.0071827
-48.807598   -15.25237438  0.005923732  0.0074144
-48.670502   -15.20953188  0.005923835  0.00776195
-48.533401   -15.16668781  0.005923931  0.00799365
-48.396301   -15.12384406  0.006156339  0.0085729
-48.259201   -15.08100031  0.006156465  0.00892045
-48.122101   -15.03815656  0.006156579  0.00961555
-47.985001   -14.99531281  0.006272851  0.0104265
-47.8479     -14.95246875  0.006272974  0.0113533
-47.7108     -14.909625    0.006389257  0.0125118
-47.5737     -14.86678125  0.006505555  0.0136703
-47.4366     -14.8239375   0.006621867  0.0150605
-47.2995     -14.78109375  0.006738191  0.016682399
-47.162399   -14.73824969  0.006854527  0.0183043
-47.025299   -14.69540594  0.007087055  0.020042051
-46.888199   -14.65256219  0.007087249  0.0217798
-46.751099   -14.60971844  0.0073198    0.023749251
-46.613998   -14.56687438  0.007436199  0.0257187
-46.476898   -14.52403063  0.007668798  0.027688149
-46.339802   -14.48118813  0.007901433  0.02954175
-46.202702   -14.43834438  0.007901698  0.03139535
-46.065601   -14.39550031  0.008134347  0.033133101
-45.928501   -14.35265656  0.008250828  0.034870852
-45.791401   -14.30981281  0.008367315  0.03649275
-45.654301   -14.26696906  0.008600026  0.038230501
-45.5172     -14.224125    0.008716555  0.03973655
-45.3801     -14.18128125  0.008833088  0.041242599
-45.243      -14.1384375   0.009065858  0.042864501
-45.1059     -14.09559375  0.009298669  0.044370551
-44.9688     -14.05275     0.009415277  0.0458766
-44.831699   -14.00990594  0.009648129  0.047382649
-44.694599   -13.96706219  0.009764774  0.048888698
-44.557499   -13.92421844  0.010113923  0.050278898
-44.420399   -13.88137469  0.010230636  0.0514374
-44.283298   -13.83853063  0.010347342  0.052711751
-44.146198   -13.79568688  0.010696586  0.05387025
-44.009102   -13.75284438  0.010813366  0.055028751
-43.872002   -13.71000063  0.011046416  0.056071401
-43.734901   -13.66715656  0.011395791  0.056998201
-43.597801   -13.62431281  0.011628955  0.05804085
-43.460701   -13.58146906  0.011862148  0.05896765
-43.323601   -13.53862531  0.012095374  0.060010299
-43.186501   -13.49578156  0.012328635  0.061052948
-43.0494     -13.4529375   0.012678245  0.061979748
-42.9123     -13.41009375  0.012911615  0.063022397
-42.7752     -13.36725     0.013261339  0.063833348
-42.6381     -13.32440625  0.01349481   0.064760149
-42.500999   -13.28156219  0.013844649  0.06545525
-42.363899   -13.23871844  0.014194568  0.066266201
-42.226799   -13.19587469  0.014544565  0.067193002
-42.089699   -13.15303094  0.014894633  0.068119802
-41.952599   -13.11018719  0.015361149  0.069046602
-41.815498   -13.06734313  0.015711414  0.0702051
-41.678398   -13.02449938  0.016061741  0.071595304
-41.541302   -12.98165688  0.016528538  0.072869651
-41.404202   -12.93881313  0.016995467  0.074375696
-41.267101   -12.89596906  0.01746252   0.075881749
-41.130001   -12.85312531  0.017929696  0.077387802
-40.992901   -12.81028156  0.018513433  0.078777999
-40.855801   -12.76743781  0.019097356  0.08051575
-40.7187     -12.72459375  0.019565004  0.082137652
-40.5816     -12.68175     0.02014923   0.083759546
-40.4445     -12.63890625  0.020733646  0.085265599
-40.3074     -12.5960625   0.021318248  0.086887501
-40.1703     -12.55321875  0.021903033  0.088161848
-40.033199   -12.51037469  0.022488005  0.089436203
-39.896099   -12.46753094  0.022956631  0.090594701
-39.758999   -12.42468719  0.023658451  0.0917532
-39.621899   -12.38184344  0.024244     0.09268
-39.484798   -12.33899938  0.024946306  0.093722649
-39.347698   -12.29615563  0.025415719  0.094649449
-39.210602   -12.25331313  0.026118421  0.095692098
-39.073502   -12.21046938  0.026704806  0.096618898
-38.936401   -12.16762531  0.027408008  0.097429849
-38.799301   -12.12478156  0.028111503  0.098472498
-38.662201   -12.08193781  0.028581961  0.099399298
-38.525101   -12.03909406  0.029285847  0.1003261
-38.388      -11.99625     0.029873357  0.1012529
-38.2509     -11.95340625  0.030577771  0.10206385
-38.1138     -11.9105625   0.031282489  0.10299065
-37.9767     -11.86771875  0.031987509  0.10391745
-37.8396     -11.824875    0.032692821  0.1047284
-37.702499   -11.78203094  0.033281654  0.10577105
-37.565399   -11.73918719  0.033987459  0.10692955
-37.428299   -11.69634344  0.034693586  0.1079722
-37.291199   -11.65349969  0.035516847  0.10924655
-37.154099   -11.61065594  0.036340538  0.11063675
-37.016998   -11.56781188  0.037047765  0.1119111
-36.879902   -11.52496938  0.037872161  0.1133013
-36.742802   -11.48212563  0.03869698   0.1146915
-36.605701   -11.43928156  0.039405278  0.11596585
-36.468601   -11.39643781  0.040230803  0.11735605
-36.331501   -11.35359406  0.041173729  0.11851455
-36.194401   -11.31075031  0.041883226  0.1197889
-36.057301   -11.26790656  0.042709991  0.12106325
-35.9202     -11.2250625   0.043654223  0.1223376
-35.7831     -11.18221875  0.044481965  0.12361195
-35.646      -11.139375    0.045427184  0.1248863
-35.5089     -11.09653125  0.046372965  0.12650821
-35.371799   -11.05368719  0.047319292  0.12813009
-35.234699   -11.01084344  0.048383311  0.12986785
-35.097599   -10.96799969  0.049330855  0.13183729
-34.960499   -10.92515594  0.044360297  0.15720844
-34.823399   -10.88231219  0.045243891  0.15906206
-34.686298   -10.83946813  0.046070639  0.16108942
-34.549198   -10.79662438  0.047074203  0.1631168
-34.412102   -10.75378188  0.048078709  0.16514418
-34.275002   -10.71093813  0.049084008  0.16740325
-34.137901   -10.66809406  0.050148703  0.16972025
-34.000801   -10.62525031  0.051214168  0.17197932
-33.863701   -10.58240656  0.052339049  0.17441218
-33.726601   -10.53956281  0.053523425  0.17690295
-33.5895     -10.49671875  0.054767364  0.17950958
-33.4524     -10.453875    0.056129655  0.18217413
-33.3153     -10.41103125  0.057434297  0.1848966
-33.1782     -10.3681875   0.058798635  0.18750322
-33.0411     -10.32534375  0.060105264  0.19028363
-32.903999   -10.28249969  0.061530371  0.19289026
-32.766899   -10.23965594  0.062956627  0.19555479
-32.629799   -10.19681219  0.064442799  0.19827726
-32.492699   -10.15396844  0.065871373  0.20094183
-32.355598   -10.11112438  0.067359888  0.20360637
-32.218498   -10.06828063  0.068731919  0.206213
-32.081402   -10.02543813  0.070163819  0.20876171
-31.9443     -9.98259375   0.07153798   0.2110787
-31.807199   -9.939749688  0.072972063  0.21333778
-31.670099   -9.896905938  0.074348406  0.21553893
-31.533001   -9.854062813  0.075784731  0.21762422
-31.395901   -9.811219063  0.077163294  0.21988329
-31.258801   -9.768375313  0.078601883  0.22196859
-31.1217     -9.72553125   0.080100666  0.22411183
-30.9846     -9.6826875    0.081600774  0.2263709
-30.8475     -9.63984375   0.083102188  0.22862998
-30.7104     -9.597        0.084722986  0.2307732
-30.573299   -9.554155938  0.086286293  0.23303227
-30.436199   -9.511312188  0.08791007   0.23529135
-30.299101   -9.468469063  0.089535388  0.23760834
-30.162001   -9.425625313  0.091280476  0.2400412
-30.0249     -9.38278125   0.093027357  0.24247405
-29.8878     -9.3399375    0.094835159  0.24496482
-29.7507     -9.29709375   0.096644849  0.24739768
-29.6136     -9.25425      0.098515602  0.25000429
-29.4765     -9.21140625   0.100447589  0.25255299
-29.339399   -9.168562188  0.102322456  0.25521755
-29.202299   -9.125718438  0.104377097  0.25794002
-29.065201   -9.082875313  0.106493458  0.26072043
-28.928101   -9.040031563  0.108553033  0.26361668
-28.791      -8.9971875    0.110614938  0.26633915
-28.6539     -8.95434375   0.112738534  0.26906163
-28.5168     -8.9115       0.114805253  0.27172616
-28.3797     -8.86865625   0.116933715  0.27421695
-28.242599   -8.825812188  0.119124139  0.27688149
-28.105499   -8.782968438  0.121257786  0.27937227
-27.968399   -8.740124688  0.123453407  0.28192097
-27.831301   -8.697281563  0.125592202  0.28441176
-27.694201   -8.654437813  0.127912134  0.28701839
-27.5571     -8.61159375   0.13017558   0.28950915
-27.42       -8.56875      0.132322642  0.29211578
-27.2829     -8.52590625   0.134591414  0.29466447
-27.1458     -8.4830625    0.136863117  0.29715526
-27.008699   -8.440218438  0.139078005  0.29970396
-26.871599   -8.397374688  0.141415008  0.30207887
-26.734501   -8.354531563  0.143695414  0.30439588
-26.597401   -8.311687813  0.145859136  0.3067129
-26.4603     -8.26884375   0.147965532  0.30891404
-26.3232     -8.226        0.1500743    0.3109414
-26.1861     -8.18315625   0.152185536  0.31291085
-26.049      -8.1403125    0.154179482  0.31482238
-25.9119     -8.09746875   0.15611557   0.31650218
-25.774799   -8.054624688  0.157993702  0.31812409
-25.637699   -8.011780938  0.159933662  0.31957224
-25.500601   -7.968937813  0.161755758  0.32102033
-25.363501   -7.926094063  0.163699701  0.32235262
-25.2264     -7.88325      0.165405587  0.32385868
-25.0893     -7.84040625   0.167353292  0.32536474
-24.9522     -7.7975625    0.169243273  0.32681283
-24.8151     -7.75471875   0.171075206  0.32826096
-24.677999   -7.711874688  0.172848821  0.32965118
-24.540899   -7.669030938  0.174744621  0.33104137
-24.403799   -7.626187188  0.176522155  0.33248949
-24.266701   -7.583344063  0.178361724  0.33387971
-24.129601   -7.540500313  0.180203348  0.3352699
-23.9925     -7.49765625   0.182107388  0.33660218
-23.8554     -7.4548125    0.183892908  0.33805031
-23.7183     -7.41196875   0.185801063  0.33938259
-23.5812     -7.369125     0.18753018   0.34071484
-23.444099   -7.326280938  0.189260823  0.34193128
-23.306999   -7.283437188  0.191174686  0.34320563
-23.169901   -7.240594063  0.192848822  0.34442204
-23.032801   -7.197750313  0.194524295  0.34558055
-22.8957     -7.15490625   0.196322506  0.34679699
-22.7586     -7.1120625    0.198001491  0.34789756
-22.6215     -7.06921875   0.199681996  0.34899813
-22.4844     -7.026375     0.201364072  0.34998286
-22.3473     -6.98353125   0.202987036  0.35102549
-22.210199   -6.940687188  0.204732938  0.35201022
-22.073099   -6.897843438  0.206359196  0.35299495
-21.936001   -6.855000313  0.208047668  0.35392174
-21.798901   -6.812156563  0.209737861  0.35490647
-21.6618     -6.7693125    0.211429772  0.3558912
-21.5247     -6.72646875   0.21306243   0.35687593
-21.3876     -6.683625     0.214757515  0.35791856
-21.2505     -6.64078125   0.216332353  0.35896122
-21.1134     -6.5979375    0.218030461  0.36000389
-20.976299   -6.555093438  0.219669331  0.36104652
-20.839199   -6.512249688  0.221370778  0.36208919
-20.702101   -6.469406563  0.222951795  0.36301598
-20.565001   -6.426562813  0.224534032  0.36400071
-20.4279     -6.38371875   0.226056393  0.36481166
-20.2908     -6.340875     0.227518634  0.36562261
-20.1537     -6.29803125   0.228859298  0.36625978
-20.0166     -6.2551875    0.230139135  0.36678112
-19.879499   -6.212343438  0.231358026  0.36736035
-19.742399   -6.169499688  0.232638469  0.36793959
-19.605301   -6.126656563  0.233735454  0.36834508
-19.468201   -6.083812813  0.234893668  0.36880848
-19.3311     -6.04096875   0.236052171  0.36932981
-19.194      -5.998125     0.237088134  0.36973527
-19.0569     -5.95528125   0.23812393   0.37019867
-18.9198     -5.9124375    0.239159721  0.37060416
-18.7827     -5.86959375   0.240134047  0.37095171
-18.645599   -5.826749688  0.24116981   0.37135717
-18.508499   -5.783905938  0.242082569  0.37158889
-18.371401   -5.741062813  0.243056649  0.37193641
-18.234301   -5.698219063  0.243845838  0.37211019
-18.0972     -5.655375     0.244757691  0.3723419
-17.9601     -5.61253125   0.245546131  0.37245774
-17.823      -5.5696875    0.246334038  0.37274736
-17.6859     -5.52684375   0.247059778  0.3728053
-17.5488     -5.484        0.247661327  0.37286323
-17.411699   -5.441155938  0.248385504  0.37286323
-17.274599   -5.398312188  0.24892383   0.37286323
-17.137501   -5.355469063  0.249399175  0.37274739
-17.000401   -5.312625313  0.249873324  0.37251568
-16.8633     -5.26978125   0.250408385  0.37239984
-16.7262     -5.2269375    0.250756934  0.37205228
-16.5891     -5.18409375   0.251166034  0.37176266
-16.452      -5.14125      0.251512157  0.37141508
-16.314899   -5.098405938  0.251919117  0.37106755
-16.177799   -5.055562188  0.252325272  0.37083584
-16.040701   -5.012719063  0.252730597  0.37054622
-15.9036     -4.969875     0.253073046  0.37014073
-15.7665     -4.92703125   0.253352356  0.36985111
-15.6294     -4.8841875    0.253754776  0.36944565
-15.4923     -4.84134375   0.254032296  0.36904016
-15.3552     -4.7985       0.254308688  0.36857677
-15.2181     -4.75565625   0.254521868  0.36805546
-15.081      -4.7128125    0.25460938   0.36741826
-14.9439     -4.66996875   0.25469534   0.36683902
-14.8068     -4.627125     0.254779862  0.36625978
-14.6697     -4.58428125   0.254800812  0.36550674
-14.5326     -4.5414375    0.254820284  0.36481166
-14.3955     -4.49859375   0.254713739  0.36411655
-14.2584     -4.45575      0.254605432  0.36318976
-14.1213     -4.41290625   0.254308466  0.36226296
-13.9842     -4.3700625    0.254134055  0.36139408
-13.8471     -4.32721875   0.253833395  0.36040935
-13.71       -4.284375     0.253468401  0.35942462
-13.5729     -4.24153125   0.253101436  0.35832405
-13.4358     -4.1986875    0.252670194  0.35722348
-13.2987     -4.15584375   0.252174573  0.35623875
-13.1616     -4.113        0.251864384  0.35508025
-13.0245     -4.07015625   0.251427954  0.35415345
-12.8874     -4.0273125    0.250989819  0.35311079
-12.7503     -3.98446875   0.25048755   0.35189438
-12.6132     -3.941625     0.249920976  0.35079381
-12.4761     -3.89878125   0.249352554  0.3496353
-12.339      -3.8559375    0.248844978  0.34836096
-12.2019     -3.81309375   0.24821081   0.34702867
-12.0648     -3.77025      0.247637412  0.34581223
-11.9277     -3.72740625   0.246874711  0.34447998
-11.7906     -3.6845625    0.246172583  0.3431477
-11.6535     -3.64171875   0.245531438  0.34175751
-11.5164     -3.598875     0.244700954  0.34042522
-11.3793     -3.55603125   0.243931148  0.33903503
-11.2422     -3.5131875    0.24315979   0.33758691
-11.1051     -3.47034375   0.24232421   0.33613878
-10.968      -3.4275       0.241486972  0.33457482
-10.8309     -3.38465625   0.240522785  0.33301082
-10.6938     -3.3418125    0.239556738  0.33138892
-10.5567     -3.29896875   0.238714472  0.32976702
-10.4196     -3.256125     0.237682746  0.32808721
-10.2825     -3.21328125   0.236712012  0.32640737
-10.1454     -3.1704375    0.235614337  0.32472757
-10.0083     -3.12759375   0.234577687  0.32304773
-9.8711996   -3.084749875  0.233476866  0.32125205
-9.7341003   -3.041906344  0.232562829  0.31945637
-9.5970001   -2.999062531  0.231333947  0.31771863
-9.4598999   -2.956218719  0.230166052  0.3158071
-9.3227997   -2.913374906  0.228933929  0.31383765
-9.1857004   -2.870531375  0.227637509  0.31192613
-9.0486002   -2.827687563  0.22640236   0.30995667
-8.9115      -2.78484375   0.225103123  0.30804515
-8.7743998   -2.741999938  0.223865323  0.30601779
-8.6372995   -2.699156094  0.222563577  0.30399039
-8.5002003   -2.656312594  0.221260602  0.30213681
-8.3631001   -2.613468781  0.220082093  0.30028319
-8.2259998   -2.570624938  0.218902755  0.29860339
-8.0888996   -2.527781125  0.217722592  0.29674977
-7.9517999   -2.484937469  0.216478716  0.29512787
-7.8147001   -2.442093781  0.21542241   0.29339013
-7.6775999   -2.399249969  0.214177058  0.29165238
-7.5405002   -2.356406313  0.213056452  0.29003048
-7.4033999   -2.313562469  0.211998097  0.28829274
-7.2663002   -2.270718813  0.210876368  0.28672874
-7.1292      -2.227875     0.209879685  0.28522271
-6.9920998   -2.185031188  0.208819758  0.28365871
-6.855       -2.1421875    0.207885009  0.28221059
-6.7178998   -2.099343688  0.20701282   0.2808204
-6.5808001   -2.056500031  0.20607753   0.27954605
-6.4436998   -2.013656188  0.205267566  0.27832961
-6.3066001   -1.970812531  0.204520317  0.27705526
-6.1694999   -1.927968719  0.203772949  0.27578092
-6.0324001   -1.885125031  0.203025388  0.27462244
-5.8952999   -1.842281219  0.202340516  0.27346393
-5.7582002   -1.799437563  0.201466891  0.27224749
-5.6210999   -1.756593719  0.20078146   0.27108899
-5.4840002   -1.713750063  0.199970195  0.26981464
-5.3469      -1.67090625   0.199158583  0.26859823
-5.2097998   -1.628062438  0.198409566  0.26743972
-5.0727      -1.58521875   0.197597509  0.26616538
-4.9355998   -1.542374938  0.196785158  0.26489103
-4.7985001   -1.499531281  0.195972574  0.26361668
-4.6613998   -1.456687438  0.195159744  0.26240024
-4.5243001   -1.413843781  0.194409591  0.26129967
-4.3871999   -1.370999969  0.193722251  0.2601991
-4.2501001   -1.328156281  0.193034839  0.25915644
-4.1129999   -1.285312469  0.192347379  0.2581138
-3.9758999   -1.242468719  0.191722745  0.25718701
-3.8388      -1.199625     0.191035224  0.25614434
-3.7017      -1.15678125   0.190347614  0.25515962
-3.5646      -1.1139375    0.189785755  0.25423282
-3.4275      -1.07109375   0.189161075  0.25336394
-3.2904      -1.02825      0.189039646  0.25307432
-3.1533      -0.98540625   0.188415528  0.25226337
-3.0162001   -0.942562531  0.187791267  0.25145242
-2.8791001   -0.899718781  0.18729277   0.2506994
-2.7420001   -0.856875031  0.186857312  0.25006223
-2.6048999   -0.814031219  0.186422019  0.24942505
-2.4677999   -0.771187469  0.186049839  0.24901958
-2.3306999   -0.728343719  0.185866637  0.2486141
-2.1935999   -0.685499969  0.185558008  0.24832447
-2.0565      -0.64265625   0.185438374  0.24803485
-1.9194      -0.5998125    0.185193332  0.24780315
-1.7823      -0.55696875   0.185137352  0.2476873
-1.6452      -0.514125     0.185018955  0.2474556
-1.5081      -0.47128125   0.184963911  0.2472239
-1.3710001   -0.428437531  0.184783497  0.24710806
-1.2339      -0.38559375   0.184729414  0.2469922
-1.0968      -0.34275      0.184738903  0.2469922
-0.95969999  -0.299906247  0.184749147  0.2469922
-0.82260001  -0.257062503  0.18469729   0.24710806
-0.68550003  -0.214218759  0.184709398  0.2472239
-0.54839998  -0.171374994  0.184785813  0.24733976
-0.4113      -0.12853125   0.184864057  0.2474556
-0.27419999  -0.085687497  0.184945031  0.24751353
-0.1371      -0.04284375   0.184967883  0.24762937
0            0             0.185067721  0.2476873
0.1371       0.04284375    0.184967883  0.24762937
0.27419999   0.085687497   0.184945031  0.24751353
0.4113       0.12853125    0.184864057  0.2474556
0.54839998   0.171374994   0.184785813  0.24733976
0.68550003   0.214218759   0.184709398  0.2472239
0.82260001   0.257062503   0.18469729   0.24710806
0.95969999   0.299906247   0.184749147  0.2469922
1.0968       0.34275       0.184738903  0.2469922
1.2339       0.38559375    0.184729414  0.2469922
1.3710001    0.428437531   0.184783497  0.24710806
1.5081       0.47128125    0.184963911  0.2472239
1.6452       0.514125      0.185018955  0.2474556
1.7823       0.55696875    0.185137352  0.2476873
1.9194       0.5998125     0.185193332  0.24780315
2.0565       0.64265625    0.185438374  0.24803485
2.1935999    0.685499969   0.185558008  0.24832447
2.3306999    0.728343719   0.185866637  0.2486141
2.4677999    0.771187469   0.186049839  0.24901958
2.6048999    0.814031219   0.186422019  0.24942505
2.7420001    0.856875031   0.186857312  0.25006223
2.8791001    0.899718781   0.18729277   0.2506994
3.0162001    0.942562531   0.187791267  0.25145242
3.1533       0.98540625    0.188415528  0.25226337
3.2904       1.02825       0.189039646  0.25307432
3.4275       1.07109375    0.189161075  0.25336394
3.5646       1.1139375     0.189785755  0.25423282
3.7017       1.15678125    0.190347614  0.25515962
3.8388       1.199625      0.191035224  0.25614434
3.9758999    1.242468719   0.191722745  0.25718701
4.1129999    1.285312469   0.192347379  0.2581138
4.2501001    1.328156281   0.193034839  0.25915644
4.3871999    1.370999969   0.193722251  0.2601991
4.5243001    1.413843781   0.194409591  0.26129967
4.6613998    1.456687438   0.195159744  0.26240024
4.7985001    1.499531281   0.195972574  0.26361668
4.9355998    1.542374938   0.196785158  0.26489103
5.0727       1.58521875    0.197597509  0.26616538
5.2097998    1.628062438   0.198409566  0.26743972
5.3469       1.67090625    0.199158583  0.26859823
5.4840002    1.713750063   0.199970195  0.26981464
5.6210999    1.756593719   0.20078146   0.27108899
5.7582002    1.799437563   0.201466891  0.27224749
5.8952999    1.842281219   0.202340516  0.27346393
6.0324001    1.885125031   0.203025388  0.27462244
6.1694999    1.927968719   0.203772949  0.27578092
6.3066001    1.970812531   0.204520317  0.27705526
6.4436998    2.013656188   0.205267566  0.27832961
6.5808001    2.056500031   0.20607753   0.27954605
6.7178998    2.099343688   0.20701282   0.2808204
6.855        2.1421875     0.207885009  0.28221059
6.9920998    2.185031188   0.208819758  0.28365871
7.1292       2.227875      0.209879685  0.28522271
7.2663002    2.270718813   0.210876368  0.28672874
7.4033999    2.313562469   0.211998097  0.28829274
7.5405002    2.356406313   0.213056452  0.29003048
7.6775999    2.399249969   0.214177058  0.29165238
7.8147001    2.442093781   0.21542241   0.29339013
7.9517999    2.484937469   0.216478716  0.29512787
8.0888996    2.527781125   0.217722592  0.29674977
8.2259998    2.570624938   0.218902755  0.29860339
8.3631001    2.613468781   0.220082093  0.30028319
8.5002003    2.656312594   0.221260602  0.30213681
8.6372995    2.699156094   0.222563577  0.30399039
8.7743998    2.741999938   0.223865323  0.30601779
8.9115       2.78484375    0.225103123  0.30804515
9.0486002    2.827687563   0.22640236   0.30995667
9.1857004    2.870531375   0.227637509  0.31192613
9.3227997    2.913374906   0.228933929  0.31383765
9.4598999    2.956218719   0.230166052  0.3158071
9.5970001    2.999062531   0.231333947  0.31771863
9.7341003    3.041906344   0.232562829  0.31945637
9.8711996    3.084749875   0.233476866  0.32125205
10.0083      3.12759375    0.234577687  0.32304773
10.1454      3.1704375     0.235614337  0.32472757
10.2825      3.21328125    0.236712012  0.32640737
10.4196      3.256125      0.237682746  0.32808721
10.5567      3.29896875    0.238714472  0.32976702
10.6938      3.3418125     0.239556738  0.33138892
10.8309      3.38465625    0.240522785  0.33301082
10.968       3.4275        0.241486972  0.33457482
11.1051      3.47034375    0.24232421   0.33613878
11.2422      3.5131875     0.24315979   0.33758691
11.3793      3.55603125    0.243931148  0.33903503
11.5164      3.598875      0.244700954  0.34042522
11.6535      3.64171875    0.245531438  0.34175751
11.7906      3.6845625     0.246172583  0.3431477
11.9277      3.72740625    0.246874711  0.34447998
12.0648      3.77025       0.247637412  0.34581223
12.2019      3.81309375    0.24821081   0.34702867
12.339       3.8559375     0.248844978  0.34836096
12.4761      3.89878125    0.249352554  0.3496353
12.6132      3.941625      0.249920976  0.35079381
12.7503      3.98446875    0.25048755   0.35189438
12.8874      4.0273125     0.250989819  0.35311079
13.0245      4.07015625    0.251427954  0.35415345
13.1616      4.113         0.251864384  0.35508025
13.2987      4.15584375    0.252174573  0.35623875
13.4358      4.1986875     0.252670194  0.35722348
13.5729      4.24153125    0.253101436  0.35832405
13.71        4.284375      0.253468401  0.35942462
13.8471      4.32721875    0.253833395  0.36040935
13.9842      4.3700625     0.254134055  0.36139408
14.1213      4.41290625    0.254308466  0.36226296
14.2584      4.45575       0.254605432  0.36318976
14.3955      4.49859375    0.254713739  0.36411655
14.5326      4.5414375     0.254820284  0.36481166
14.6697      4.58428125    0.254800812  0.36550674
14.8068      4.627125      0.254779862  0.36625978
14.9439      4.66996875    0.25469534   0.36683902
15.081       4.7128125     0.25460938   0.36741826
15.2181      4.75565625    0.254521868  0.36805546
15.3552      4.7985        0.254308688  0.36857677
15.4923      4.84134375    0.254032296  0.36904016
15.6294      4.8841875     0.253754776  0.36944565
15.7665      4.92703125    0.253352356  0.36985111
15.9036      4.969875      0.253073046  0.37014073
16.040701    5.012719063   0.252730597  0.37054622
16.177799    5.055562188   0.252325272  0.37083584
16.314899    5.098405938   0.251919117  0.37106755
16.452       5.14125       0.251512157  0.37141508
16.5891      5.18409375    0.251166034  0.37176266
16.7262      5.2269375     0.250756934  0.37205228
16.8633      5.26978125    0.250408385  0.37239984
17.000401    5.312625313   0.249873324  0.37251568
17.137501    5.355469063   0.249399175  0.37274739
17.274599    5.398312188   0.24892383   0.37286323
17.411699    5.441155938   0.248385504  0.37286323
17.5488      5.484         0.247661327  0.37286323
17.6859      5.52684375    0.247059778  0.3728053
17.823       5.5696875     0.246334038  0.37274736
17.9601      5.61253125    0.245546131  0.37245774
18.0972      5.655375      0.244757691  0.3723419
18.234301    5.698219063   0.243845838  0.37211019
18.371401    5.741062813   0.243056649  0.37193641
18.508499    5.783905938   0.242082569  0.37158889
18.645599    5.826749688   0.24116981   0.37135717
18.7827      5.86959375    0.240134047  0.37095171
18.9198      5.9124375     0.239159721  0.37060416
19.0569      5.95528125    0.23812393   0.37019867
19.194       5.998125      0.237088134  0.36973527
19.3311      6.04096875    0.236052171  0.36932981
19.468201    6.083812813   0.234893668  0.36880848
19.605301    6.126656563   0.233735454  0.36834508
19.742399    6.169499688   0.232638469  0.36793959
19.879499    6.212343438   0.231358026  0.36736035
20.0166      6.2551875     0.230139135  0.36678112
20.1537      6.29803125    0.228859298  0.36625978
20.2908      6.340875      0.227518634  0.36562261
20.4279      6.38371875    0.226056393  0.36481166
20.565001    6.426562813   0.224534032  0.36400071
20.702101    6.469406563   0.222951795  0.36301598
20.839199    6.512249688   0.221370778  0.36208919
20.976299    6.555093438   0.219669331  0.36104652
21.1134      6.5979375     0.218030461  0.36000389
21.2505      6.64078125    0.216332353  0.35896122
21.3876      6.683625      0.214757515  0.35791856
21.5247      6.72646875    0.21306243   0.35687593
21.6618      6.7693125     0.211429772  0.3558912
21.798901    6.812156563   0.209737861  0.35490647
21.936001    6.855000313   0.208047668  0.35392174
22.073099    6.897843438   0.206359196  0.35299495
22.210199    6.940687188   0.204732938  0.35201022
22.3473      6.98353125    0.202987036  0.35102549
22.4844      7.026375      0.201364072  0.34998286
22.6215      7.06921875    0.199681996  0.34899813
22.7586      7.1120625     0.198001491  0.34789756
22.8957      7.15490625    0.196322506  0.34679699
23.032801    7.197750313   0.194524295  0.34558055
23.169901    7.240594063   0.192848822  0.34442204
23.306999    7.283437188   0.191174686  0.34320563
23.444099    7.326280938   0.189260823  0.34193128
23.5812      7.369125      0.18753018   0.34071484
23.7183      7.41196875    0.185801063  0.33938259
23.8554      7.4548125     0.183892908  0.33805031
23.9925      7.49765625    0.182107388  0.33660218
24.129601    7.540500313   0.180203348  0.3352699
24.266701    7.583344063   0.178361724  0.33387971
24.403799    7.626187188   0.176522155  0.33248949
24.540899    7.669030938   0.174744621  0.33104137
24.677999    7.711874688   0.172848821  0.32965118
24.8151      7.75471875    0.171075206  0.32826096
24.9522      7.7975625     0.169243273  0.32681283
25.0893      7.84040625    0.167353292  0.32536474
25.2264      7.88325       0.165405587  0.32385868
25.363501    7.926094063   0.163699701  0.32235262
25.500601    7.968937813   0.161755758  0.32102033
25.637699    8.011780938   0.159933662  0.31957224
25.774799    8.054624688   0.157993702  0.31812409
25.9119      8.09746875    0.15611557   0.31650218
26.049       8.1403125     0.154179482  0.31482238
26.1861      8.18315625    0.152185536  0.31291085
26.3232      8.226         0.1500743    0.3109414
26.4603      8.26884375    0.147965532  0.30891404
26.597401    8.311687813   0.145859136  0.3067129
26.734501    8.354531563   0.143695414  0.30439588
26.871599    8.397374688   0.141415008  0.30207887
27.008699    8.440218438   0.139078005  0.29970396
27.1458      8.4830625     0.136863117  0.29715526
27.2829      8.52590625    0.134591414  0.29466447
27.42        8.56875       0.132322642  0.29211578
27.5571      8.61159375    0.13017558   0.28950915
27.694201    8.654437813   0.127912134  0.28701839
27.831301    8.697281563   0.125592202  0.28441176
27.968399    8.740124688   0.123453407  0.28192097
28.105499    8.782968438   0.121257786  0.27937227
28.242599    8.825812188   0.119124139  0.27688149
28.3797      8.86865625    0.116933715  0.27421695
28.5168      8.9115        0.114805253  0.27172616
28.6539      8.95434375    0.112738534  0.26906163
28.791       8.9971875     0.110614938  0.26633915
28.928101    9.040031563   0.108553033  0.26361668
29.065201    9.082875313   0.106493458  0.26072043
29.202299    9.125718438   0.104377097  0.25794002
29.339399    9.168562188   0.102322456  0.25521755
29.4765      9.21140625    0.100447589  0.25255299
29.6136      9.25425       0.098515602  0.25000429
29.7507      9.29709375    0.096644849  0.24739768
29.8878      9.3399375     0.094835159  0.24496482
30.0249      9.38278125    0.093027357  0.24247405
30.162001    9.425625313   0.091280476  0.2400412
30.299101    9.468469063   0.089535388  0.23760834
30.436199    9.511312188   0.08791007   0.23529135
30.573299    9.554155938   0.086286293  0.23303227
30.7104      9.597         0.084722986  0.2307732
30.8475      9.63984375    0.083102188  0.22862998
30.9846      9.6826875     0.081600774  0.2263709
31.1217      9.72553125    0.080100666  0.22411183
31.258801    9.768375313   0.078601883  0.22196859
31.395901    9.811219063   0.077163294  0.21988329
31.533001    9.854062813   0.075784731  0.21762422
31.670099    9.896905938   0.074348406  0.21553893
31.807199    9.939749688   0.072972063  0.21333778
31.9443      9.98259375    0.07153798   0.2110787
32.081402    10.02543813   0.070163819  0.20876171
32.218498    10.06828063   0.068731919  0.206213
32.355598    10.11112438   0.067359888  0.20360637
32.492699    10.15396844   0.065871373  0.20094183
32.629799    10.19681219   0.064442799  0.19827726
32.766899    10.23965594   0.062956627  0.19555479
32.903999    10.28249969   0.061530371  0.19289026
33.0411      10.32534375   0.060105264  0.19028363
33.1782      10.3681875    0.058798635  0.18750322
33.3153      10.41103125   0.057434297  0.1848966
33.4524      10.453875     0.056129655  0.18217413
33.5895      10.49671875   0.054767364  0.17950958
33.726601    10.53956281   0.053523425  0.17690295
33.863701    10.58240656   0.052339049  0.17441218
34.000801    10.62525031   0.051214168  0.17197932
34.137901    10.66809406   0.050148703  0.16972025
34.275002    10.71093813   0.049084008  0.16740325
34.412102    10.75378188   0.048078709  0.16514418
34.549198    10.79662438   0.047074203  0.1631168
34.686298    10.83946813   0.046070639  0.16108942
34.823399    10.88231219   0.045243891  0.15906206
34.960499    10.92515594   0.044360297  0.15720844
35.097599    10.96799969   0.049330855  0.13183729
35.234699    11.01084344   0.048383311  0.12986785
35.371799    11.05368719   0.047319292  0.12813009
35.5089      11.09653125   0.046372965  0.12650821
35.646       11.139375     0.045427184  0.1248863
35.7831      11.18221875   0.044481965  0.12361195
35.9202      11.2250625    0.043654223  0.1223376
36.057301    11.26790656   0.042709991  0.12106325
36.194401    11.31075031   0.041883226  0.1197889
36.331501    11.35359406   0.041173729  0.11851455
36.468601    11.39643781   0.040230803  0.11735605
36.605701    11.43928156   0.039405278  0.11596585
36.742802    11.48212563   0.03869698   0.1146915
36.879902    11.52496938   0.037872161  0.1133013
37.016998    11.56781188   0.037047765  0.1119111
37.154099    11.61065594   0.036340538  0.11063675
37.291199    11.65349969   0.035516847  0.10924655
37.428299    11.69634344   0.034693586  0.1079722
37.565399    11.73918719   0.033987459  0.10692955
37.702499    11.78203094   0.033281654  0.10577105
37.8396      11.824875     0.032692821  0.1047284
37.9767      11.86771875   0.031987509  0.10391745
38.1138      11.9105625    0.031282489  0.10299065
38.2509      11.95340625   0.030577771  0.10206385
38.388       11.99625      0.029873357  0.1012529
38.525101    12.03909406   0.029285847  0.1003261
38.662201    12.08193781   0.028581961  0.099399298
38.799301    12.12478156   0.028111503  0.098472498
38.936401    12.16762531   0.027408008  0.097429849
39.073502    12.21046938   0.026704806  0.096618898
39.210602    12.25331313   0.026118421  0.095692098
39.347698    12.29615563   0.025415719  0.094649449
39.484798    12.33899938   0.024946306  0.093722649
39.621899    12.38184344   0.024244     0.09268
39.758999    12.42468719   0.023658451  0.0917532
39.896099    12.46753094   0.022956631  0.090594701
40.033199    12.51037469   0.022488005  0.089436203
40.1703      12.55321875   0.021903033  0.088161848
40.3074      12.5960625    0.021318248  0.086887501
40.4445      12.63890625   0.020733646  0.085265599
40.5816      12.68175      0.02014923   0.083759546
40.7187      12.72459375   0.019565004  0.082137652
40.855801    12.76743781   0.019097356  0.08051575
40.992901    12.81028156   0.018513433  0.078777999
41.130001    12.85312531   0.017929696  0.077387802
41.267101    12.89596906   0.01746252   0.075881749
41.404202    12.93881313   0.016995467  0.074375696
41.541302    12.98165688   0.016528538  0.072869651
41.678398    13.02449938   0.016061741  0.071595304
41.815498    13.06734313   0.015711414  0.0702051
41.952599    13.11018719   0.015361149  0.069046602
42.089699    13.15303094   0.014894633  0.068119802
42.226799    13.19587469   0.014544565  0.067193002
42.363899    13.23871844   0.014194568  0.066266201
42.500999    13.28156219   0.013844649  0.06545525
42.6381      13.32440625   0.01349481   0.064760149
42.7752      13.36725      0.013261339  0.063833348
42.9123      13.41009375   0.012911615  0.063022397
43.0494      13.4529375    0.012678245  0.061979748
43.186501    13.49578156   0.012328635  0.061052948
43.323601    13.53862531   0.012095374  0.060010299
43.460701    13.58146906   0.011862148  0.05896765
43.597801    13.62431281   0.011628955  0.05804085
43.734901    13.66715656   0.011395791  0.056998201
43.872002    13.71000063   0.011046416  0.056071401
44.009102    13.75284438   0.010813366  0.055028751
44.146198    13.79568688   0.010696586  0.05387025
44.283298    13.83853063   0.010347342  0.052711751
44.420399    13.88137469   0.010230636  0.0514374
44.557499    13.92421844   0.010113923  0.050278898
44.694599    13.96706219   0.009764774  0.048888698
44.831699    14.00990594   0.009648129  0.047382649
44.9688      14.05275      0.009415277  0.0458766
45.1059      14.09559375   0.009298669  0.044370551
45.243       14.1384375    0.009065858  0.042864501
45.3801      14.18128125   0.008833088  0.041242599
45.5172      14.224125     0.008716555  0.03973655
45.654301    14.26696906   0.008600026  0.038230501
45.791401    14.30981281   0.008367315  0.03649275
45.928501    14.35265656   0.008250828  0.034870852
46.065601    14.39550031   0.008134347  0.033133101
46.202702    14.43834438   0.007901698  0.03139535
46.339802    14.48118813   0.007901433  0.02954175
46.476898    14.52403063   0.007668798  0.027688149
46.613998    14.56687438   0.007436199  0.0257187
46.751099    14.60971844   0.0073198    0.023749251
46.888199    14.65256219   0.007087249  0.0217798
47.025299    14.69540594   0.007087055  0.020042051
47.162399    14.73824969   0.006854527  0.0183043
47.2995      14.78109375   0.006738191  0.016682399
47.4366      14.8239375    0.006621867  0.0150605
47.5737      14.86678125   0.006505555  0.0136703
47.7108      14.909625     0.006389257  0.0125118
47.8479      14.95246875   0.006272974  0.0113533
47.985001    14.99531281   0.006272851  0.0104265
48.122101    15.03815656   0.006156579  0.00961555
48.259201    15.08100031   0.006156465  0.00892045
48.396301    15.12384406   0.006156339  0.0085729
48.533401    15.16668781   0.005923931  0.00799365
48.670502    15.20953188   0.005923835  0.00776195
48.807598    15.25237438   0.005923732  0.0074144
48.944698    15.29521813   0.005807492  0.0071827
49.081799    15.33806219   0.005807402  0.006951
49.218899    15.38090594   0.005807308  0.0067193
49.355999    15.42374969   0.005807206  0.0064876
49.493099    15.46659344   0.005690975  0.0062559
49.630199    15.50943719   0.005690882  0.0060242
49.7673      15.55228125   0.005574663  0.00590835
49.9044      15.595125     0.005574582  0.00590835
50.0415      15.63796875   0.005574495  0.0057925
50.1786      15.6808125    0.005458289  0.0057925
50.315701    15.72365656   0.005458217  0.00590835
50.452801    15.76650031   0.005458144  0.00590835
50.589901    15.80934406   0.00545807   0.0060242
50.727001    15.85218781   0.005457994  0.0060242
50.864101    15.89503156   0.005457915  0.00614005
51.001202    15.93787563   0.005457832  0.00614005
51.138302    15.98071938   0.00534164   0.0062559
51.275398    16.02356188   0.005341571  0.00637175
51.412498    16.06640563   0.005341502  0.00637175
51.549599    16.10924969   0.005341432  0.0064876
51.686699    16.15209344   0.005341362  0.00660345
51.823799    16.19493719   0.005341291  0.00660345
51.960899    16.23778094   0.005341219  0.0067193
52.098       16.280625     0.005341146  0.00683515
52.2351      16.32346875   0.005341072  0.006951
52.3722      16.3663125    0.005340998  0.006951
52.5093      16.40915625   0.005340922  0.00706685
52.6464      16.452        0.005340846  0.00706685
52.783501    16.49484406   0.005340768  0.00706685
52.920601    16.53768781   0.005340689  0.0071827
53.057701    16.58053156   0.005340609  0.0071827
53.194801    16.62337531   0.005340527  0.0071827
53.331902    16.66621938   0.005340442  0.0071827
53.469002    16.70906313   0.005340352  0.00706685
53.606098    16.75190563   0.005224182  0.0071827
53.743198    16.79474938   0.005224107  0.0071827
53.880299    16.83759344   0.00522403   0.0071827
54.017399    16.88043719   0.005223953  0.00706685
54.154499    16.92328094   0.005223874  0.00706685
54.291599    16.96612469   0.005223794  0.006951
54.428699    17.00896844   0.005223713  0.006951
54.5658      17.0518125    0.00522363   0.00683515
54.7029      17.09465625   0.005223545  0.00683515
54.84        17.1375       0.005223458  0.0067193
54.9771      17.18034375   0.005223365  0.00660345
55.114201    17.22318781   0.005107212  0.0064876
55.251301    17.26603156   0.005107133  0.0064876
55.388401    17.30887531   0.005107053  0.0062559
55.525501    17.35171906   0.005106971  0.00614005
55.662601    17.39456281   0.005106887  0.0060242
55.799702    17.43740688   0.0051068    0.0060242
55.936798    17.48024938   0.005106709  0.00590835
56.073898    17.52309313   0.00499057   0.00590835
56.210999    17.56593719   0.004990493  0.00590835
56.348099    17.60878094   0.004990414  0.00590835
56.485199    17.65162469   0.004990334  0.0057925
56.622299    17.69446844   0.004990253  0.0057925
56.759399    17.73731219   0.00499017   0.00590835
56.8965      17.78015625   0.004990086  0.00590835
57.0336      17.823        0.004989998  0.00590835
57.1707      17.86584375   0.004989906  0.0060242
57.3078      17.9086875    0.004873784  0.0060242
57.444901    17.95153156   0.004873706  0.0060242
57.582001    17.99437531   0.004873627  0.0060242
57.719101    18.03721906   0.004873547  0.00614005
57.856201    18.08006281   0.004873466  0.00614005
57.993301    18.12290656   0.004873383  0.00614005
58.130402    18.16575063   0.0048733    0.00614005
58.267502    18.20859438   0.004873215  0.0060242
58.404598    18.25143688   0.00487313   0.0060242
58.541698    18.29428063   0.004873042  0.0060242
58.678799    18.33712469   0.004872954  0.0060242
58.815899    18.37996844   0.004872863  0.0060242
58.952999    18.42281219   0.004872771  0.00590835
59.090099    18.46565594   0.004872677  0.00590835
59.2272      18.5085       0.004872581  0.00590835
59.3643      18.55134375   0.004872481  0.00590835
59.5014      18.5941875    0.004872376  0.00590835
59.6385      18.63703125   0.004756275  0.00590835
59.7756      18.679875     0.004756182  0.00590835
59.912701    18.72271906   0.004756086  0.00590835
60.049801    18.76556281   0.004755984  0.00590835
60.186901    18.80840656   0.004639898  0.00590835
60.324001    18.85125031   0.00463981   0.00590835
60.461102    18.89409438   0.004639721  0.00590835
60.598202    18.93693813   0.004639631  0.00590835
60.735298    18.97978063   0.004639539  0.00590835
60.872398    19.02262438   0.004639446  0.00590835
61.009499    19.06546844   0.004639352  0.00590835
61.146599    19.10831219   0.004639257  0.00590835
61.283699    19.15115594   0.004639161  0.00590835
61.420799    19.19399969   0.004639065  0.00590835
61.557899    19.23684344   0.004638969  0.00590835
61.695       19.2796875    0.004638877  0.00590835
61.8321      19.32253125   0.004754742  0.00590835
61.9692      19.365375     0.004870586  0.0060242
62.1063      19.40821875   0.00487046   0.00614005
62.243401    19.45106281   0.004986276  0.0062559
62.380501    19.49390656   0.004986122  0.0062559
62.517601    19.53675031   0.004985963  0.0062559
62.654701    19.57959406   0.004985796  0.0062559
62.791801    19.62243781   0.004985619  0.0062559
62.928902    19.66528188   0.004985429  0.0062559
63.066002    19.70812563   0.004869304  0.0060242
63.203098    19.75096813   0.004753188  0.0060242
63.340199    19.79381219   0.004637084  0.0057925
63.477299    19.83665594   0.004636893  0.0057925
63.614399    19.87949969   0.004404878  0.0055608
63.751499    19.92234344   0.004288791  0.00544495
63.888599    19.96518719   0.004056818  0.00521325
64.025703    20.00803219   0.004056654  0.00498155
64.162804    20.05087625   0.003824696  0.004634
64.299896    20.0937175    0.003592765  0.00451815
64.436996    20.13656125   0.003476736  0.00428645
64.574097    20.17940531   0.003128959  0.00405475
64.711197    20.22224906   0.003012969  0.0037072
64.848297    20.26509281   0.002781113  0.0034755
64.985397    20.30793656   0.002549278  0.0032438
65.122498    20.35078063   0.002433327  0.0030121
65.259598    20.39362438   0.002201517  0.00266455
65.396698    20.43646813   0.001853866  0.00243285
65.533798    20.47931188   0.001737958  0.00220115
65.670898    20.52215563   0.001506199  0.0018536
65.807999    20.56499969   0.001390308  0.00173775
65.945099    20.60784344   0.001158569  0.0013902
66.082199    20.65068719   0.000926842  0.0011585
66.219299    20.69353094   0.000810975  0.0009268
66.3564      20.736375     0.000579262  0.0006951
66.4935      20.77921875   0.000463405  0.0004634
66.6306      20.8220625    0.000347551  0.00034755
66.7677      20.86490625   0.00011585   0.00011585
66.9048      20.90775      0            0
67.041901    20.95059406   0            0
67.179001    20.99343781   0            0
67.316101    21.03628156   0            0
67.453201    21.07912531   0            0
67.590302    21.12196938   0            0
67.727402    21.16481313   0            0
67.864502    21.20765688   0            0
68.001602    21.25050063   0            0
68.138702    21.29334438   0            0
68.275803    21.33618844   0            0
68.412903    21.37903219   0            0
68.550003    21.42187594   0            0
68.687103    21.46471969   0            0
68.824203    21.50756344   0            0
68.961304    21.5504075    0            0
69.098396    21.59324875   0            0
69.235497    21.63609281   0            0
69.372597    21.67893656   0            0
69.509697    21.72178031   0            0
69.646797    21.76462406   0            0
69.783897    21.80746781   0            0
69.920998    21.85031188   0            0
70.058098    21.89315563   0            0
70.195198    21.93599938   0            0
70.332298    21.97884313   0            0
70.469398    22.02168688   0            0
70.606499    22.06453094   0            0
70.743599    22.10737469   0            0
70.880699    22.15021844   0            0
71.017799    22.19306219   0            0
71.1549      22.23590625   0            0
71.292       22.27875      0            0
71.4291      22.32159375   0            0
71.5662      22.3644375    0            0
71.7033      22.40728125   0            0
71.840401    22.45012531   0            0
71.977501    22.49296906   0            0
72.114601    22.53581281   0            0
72.251701    22.57865656   0            0
72.388802    22.62150063   0            0
72.525902    22.66434438   0            0
72.663002    22.70718813   0            0
72.800102    22.75003188   0            0
72.937202    22.79287563   0            0
73.074303    22.83571969   0            0
73.211403    22.87856344   0            0
73.348503    22.92140719   0            0
73.485603    22.96425094   0            0
73.622704    23.007095     0            0
73.759804    23.04993875   0            0
73.896896    23.09278      0            0
74.033997    23.13562406   0            0
74.171097    23.17846781   0            0
74.308197    23.22131156   0            0
74.445297    23.26415531   0            0
74.582397    23.30699906   0            0
74.719498    23.34984313   0            0
74.856598    23.39268688   0            0
74.993698    23.43553063   0            0
75.130798    23.47837438   0            0
75.267899    23.52121844   0            0
75.404999    23.56406219   0            0
75.542099    23.60690594   0            0
75.679199    23.64974969   0            0
75.816299    23.69259344   0            0
75.9534      23.7354375    0            0
76.0905      23.77828125   0            0
76.2276      23.821125     0            0
76.3647      23.86396875   0            0
76.501801    23.90681281   0            0
76.638901    23.94965656   0            0
76.776001    23.99250031   0            0
76.913101    24.03534406   0            0
77.050201    24.07818781   0            0
77.187302    24.12103188   0            0
77.324402    24.16387563   0            0
77.461502    24.20671938   0            0
77.598602    24.24956313   0            0
77.735703    24.29240719   0            0
77.872803    24.33525094   0            0
78.009903    24.37809469   0            0
78.147003    24.42093844   0            0
78.284103    24.46378219   0            0
78.421204    24.50662625   0            0
78.558296    24.5494675    0            0
78.695396    24.59231125   0            0
78.832497    24.63515531   0            0
78.969597    24.67799906   0            0
79.106697    24.72084281   0            0
79.243797    24.76368656   0            0
79.380898    24.80653063   0            0
79.517998    24.84937438   0            0
79.655098    24.89221813   0            0
79.792198    24.93506188   0            0
79.929298    24.97790563   0            0
