#    r         (mm)  r/D  T(K)  std  T  (K)
-50  -15.625   294   0
-45  -14.0625  1643  102
-40  -12.5     1656  98
-35  -10.9375  1671  98
-30  -9.375    1678  96
-25  -7.8125   1669  106
-20  -6.25     1651  105
-15  -4.6875   1622  104
-10  -3.125    1568  107
-5   -1.5625   1497  111
0    0         1542  94
5    1.5625    1503  95
10   3.125     1535  98
15   4.6875    1569  102
20   6.25      1605  101
25   7.8125    1633  105
30   9.375     1641  110
35   10.9375   1643  107
40   12.5      1652  104
45   14.0625   1651  98
50   15.625    294   0
