#            x/D           =            101.5625  ~   102    
#            r             (mm)         r/D       fv  (ppm)  rms_fv
-79.929298   -24.97790563  0            0
-79.792198   -24.93506188  0            0
-79.655098   -24.89221813  0            0
-79.517998   -24.84937438  0            0
-79.380898   -24.80653063  0            0
-79.243797   -24.76368656  0            0
-79.106697   -24.72084281  0            0
-78.969597   -24.67799906  0            0
-78.832497   -24.63515531  0            0
-78.695396   -24.59231125  0            0
-78.558296   -24.5494675   0            0
-78.421204   -24.50662625  0            0
-78.284103   -24.46378219  0            0
-78.147003   -24.42093844  0            0
-78.009903   -24.37809469  0            0
-77.872803   -24.33525094  0            0
-77.735703   -24.29240719  0            0
-77.598602   -24.24956313  0            0
-77.461502   -24.20671938  0            0
-77.324402   -24.16387563  0            0
-77.187302   -24.12103188  0            0
-77.050201   -24.07818781  0            0
-76.913101   -24.03534406  0            0
-76.776001   -23.99250031  0            0
-76.638901   -23.94965656  0            0
-76.501801   -23.90681281  0            0
-76.3647     -23.86396875  0            0
-76.2276     -23.821125    0            0
-76.0905     -23.77828125  0            0
-75.9534     -23.7354375   0            0
-75.816299   -23.69259344  0            0
-75.679199   -23.64974969  0            0
-75.542099   -23.60690594  0            0
-75.404999   -23.56406219  0            0
-75.267899   -23.52121844  0            0
-75.130798   -23.47837438  0            0
-74.993698   -23.43553063  0            0
-74.856598   -23.39268688  0            0
-74.719498   -23.34984313  0            0
-74.582397   -23.30699906  0            0
-74.445297   -23.26415531  0            0
-74.308197   -23.22131156  0            0
-74.171097   -23.17846781  0            0
-74.033997   -23.13562406  0            0
-73.896896   -23.09278     0            0
-73.759804   -23.04993875  0            0
-73.622704   -23.007095    0            0
-73.485603   -22.96425094  0            0
-73.348503   -22.92140719  0            0
-73.211403   -22.87856344  0            0
-73.074303   -22.83571969  0            0
-72.937202   -22.79287563  0            0
-72.800102   -22.75003188  0            0
-72.663002   -22.70718813  0            0
-72.525902   -22.66434438  0            0
-72.388802   -22.62150063  0            0
-72.251701   -22.57865656  0            0
-72.114601   -22.53581281  0            0
-71.977501   -22.49296906  0            0
-71.840401   -22.45012531  0            0
-71.7033     -22.40728125  0            0
-71.5662     -22.3644375   0            0
-71.4291     -22.32159375  0            0
-71.292      -22.27875     0            0
-71.1549     -22.23590625  0            0
-71.017799   -22.19306219  0            0
-70.880699   -22.15021844  0            0
-70.743599   -22.10737469  0            0
-70.606499   -22.06453094  0            0
-70.469398   -22.02168688  0            0
-70.332298   -21.97884313  0            0
-70.195198   -21.93599938  0            0
-70.058098   -21.89315563  0            0
-69.920998   -21.85031188  0            0
-69.783897   -21.80746781  0            0
-69.646797   -21.76462406  0            0
-69.509697   -21.72178031  0            0
-69.372597   -21.67893656  0            0
-69.235497   -21.63609281  0            0
-69.098396   -21.59324875  0            0
-68.961304   -21.5504075   0            0
-68.824203   -21.50756344  0            0
-68.687103   -21.46471969  0            0
-68.550003   -21.42187594  0            0
-68.412903   -21.37903219  0            0
-68.275803   -21.33618844  0            0
-68.138702   -21.29334438  0            0
-68.001602   -21.25050063  0            0
-67.864502   -21.20765688  0            0
-67.727402   -21.16481313  0            0
-67.590302   -21.12196938  0            0
-67.453201   -21.07912531  0            0
-67.316101   -21.03628156  0            0
-67.179001   -20.99343781  0            0
-67.041901   -20.95059406  0            0
-66.9048     -20.90775     0            0.00011585
-66.7677     -20.86490625  0.00011585   0.0002317
-66.6306     -20.8220625   0.000347551  0.0004634
-66.4935     -20.77921875  0.000463405  0.00081095
-66.3564     -20.736375    0.000810967  0.0011585
-66.219299   -20.69353094  0.001042688  0.00127435
-66.082199   -20.65068719  0.001274421  0.0016219
-65.945099   -20.60784344  0.001506165  0.00196945
-65.807999   -20.56499969  0.001853785  0.00243285
-65.670898   -20.52215563  0.001969703  0.0027804
-65.533798   -20.47931188  0.00231736   0.00312795
-65.396698   -20.43646813  0.002549178  0.0034755
-65.259598   -20.39362438  0.00289689   0.0037072
-65.122498   -20.35078063  0.003128759  0.00405475
-64.985397   -20.30793656  0.003476532  0.0044023
-64.848297   -20.26509281  0.003708458  0.004634
-64.711197   -20.22224906  0.004056299  0.0048657
-64.574097   -20.17940531  0.004288287  0.0050974
-64.436996   -20.13656125  0.004520298  0.00521325
-64.299896   -20.0937175   0.004868244  0.00544495
-64.162804   -20.05087625  0.005100327  0.00567665
-64.025703   -20.00803219  0.005332433  0.0060242
-63.888599   -19.96518719  0.005680496  0.00637175
-63.751499   -19.92234344  0.005912682  0.00660345
-63.614399   -19.87949969  0.006028953  0.006951
-63.477299   -19.83665594  0.006261169  0.0074144
-63.340199   -19.79381219  0.006493419  0.00776195
-63.203098   -19.75096813  0.006609742  0.00822535
-63.066002   -19.70812563  0.006842032  0.00868875
-62.928902   -19.66528188  0.006842414  0.00915215
-62.791801   -19.62243781  0.006958743  0.00938385
-62.654701   -19.57959406  0.007075084  0.0097314
-62.517601   -19.53675031  0.007075444  0.01007895
-62.380501   -19.49390656  0.007075782  0.01031065
-62.243401   -19.45106281  0.007076103  0.0104265
-62.1063     -19.40821875  0.007076412  0.0106582
-61.9692     -19.365375    0.006960698  0.01077405
-61.8321     -19.32253125  0.006844944  0.0106582
-61.695      -19.2796875   0.00672916   0.01100575
-61.557899   -19.23684344  0.006845396  0.01123745
-61.420799   -19.19399969  0.006845636  0.01146915
-61.283699   -19.15115594  0.006845869  0.0118167
-61.146599   -19.10831219  0.006846096  0.0120484
-61.009499   -19.06546844  0.007078398  0.01239595
-60.872398   -19.02262438  0.007078666  0.0127435
-60.735298   -18.97978063  0.007078917  0.01309105
-60.598202   -18.93693813  0.007195211  0.0134386
-60.461102   -18.89409438  0.007195471  0.013902
-60.324001   -18.85125031  0.007195719  0.01448125
-60.186901   -18.80840656  0.007312023  0.01517635
-60.049801   -18.76556281  0.007312281  0.015755599
-59.912701   -18.72271906  0.0074286    0.016450699
-59.7756     -18.679875    0.007428864  0.01702995
-59.6385     -18.63703125  0.007429116  0.01772505
-59.5014     -18.5941875   0.007545444  0.018420151
-59.3643     -18.55134375  0.007545707  0.0192311
-59.2272     -18.5085      0.007778141  0.0199262
-59.090099   -18.46565594  0.007778437  0.020737151
-58.952999   -18.42281219  0.007778713  0.021432251
-58.815899   -18.37996844  0.007895082  0.022127351
-58.678799   -18.33712469  0.007895365  0.022822451
-58.541698   -18.29428063  0.007895635  0.0234017
-58.404598   -18.25143688  0.008012012  0.023980949
-58.267502   -18.20859438  0.008012293  0.0245602
-58.130402   -18.16575063  0.00801256   0.0252553
-57.993301   -18.12290656  0.008128948  0.025834549
-57.856201   -18.08006281  0.00824536   0.026529649
-57.719101   -18.03721906  0.008245655  0.0271089
-57.582001   -17.99437531  0.008362075  0.027688149
-57.444901   -17.95153156  0.008362373  0.028383249
-57.3078     -17.9086875   0.008362656  0.0289625
-57.1707     -17.86584375  0.008479082  0.0294259
-57.0336     -17.823       0.008479377  0.0298893
-56.8965     -17.78015625  0.008479659  0.03023685
-56.759399   -17.73731219  0.008479932  0.030584401
-56.622299   -17.69446844  0.008596366  0.03070025
-56.485199   -17.65162469  0.008596654  0.030584401
-56.348099   -17.60878094  0.008596931  0.03046855
-56.210999   -17.56593719  0.008597199  0.030121
-56.073898   -17.52309313  0.008597462  0.0298893
-55.936798   -17.48024938  0.008597719  0.02954175
-55.799702   -17.43740688  0.00871416   0.0291942
-55.662601   -17.39456281  0.008714436  0.0287308
-55.525501   -17.35171906  0.008714702  0.0282674
-55.388401   -17.30887531  0.00859876   0.027919849
-55.251301   -17.26603156  0.008598986  0.0275723
-55.114201   -17.22318781  0.008599214  0.027456449
-54.9771     -17.18034375  0.008599441  0.0273406
-54.84       -17.1375      0.008599666  0.0273406
-54.7029     -17.09465625  0.008716104  0.0273406
-54.5658     -17.0518125   0.008832571  0.027456449
-54.428699   -17.00896844  0.008832837  0.027688149
-54.291599   -16.96612469  0.008833091  0.027919849
-54.154499   -16.92328094  0.008833338  0.0282674
-54.017399   -16.88043719  0.008833579  0.0284991
-53.880299   -16.83759344  0.008833815  0.0289625
-53.743198   -16.79474938  0.008950285  0.029310049
-53.606098   -16.75190563  0.008950542  0.0296576
-53.469002   -16.70906313  0.008950789  0.03000515
-53.331902   -16.66621938  0.009067276  0.03046855
-53.194801   -16.62337531  0.00906754   0.030816101
-53.057701   -16.58053156  0.009067792  0.031279501
-52.920601   -16.53768781  0.009068038  0.031511199
-52.783501   -16.49484406  0.009184538  0.031974599
-52.6464     -16.452       0.009184803  0.03232215
-52.5093     -16.40915625  0.009301322  0.032437999
-52.3722     -16.3663125   0.009301597  0.032553852
-52.2351     -16.32346875  0.009301859  0.032669701
-52.098      -16.280625    0.009302114  0.032669701
-51.960899   -16.23778094  0.009302363  0.032669701
-51.823799   -16.19493719  0.009302608  0.032669701
-51.686699   -16.15209344  0.009302848  0.03278555
-51.549599   -16.10924969  0.009419373  0.032901399
-51.412498   -16.06640563  0.009419635  0.033133101
-51.275398   -16.02356188  0.009419885  0.03324895
-51.138302   -15.98071938  0.00942013   0.033364799
-51.001202   -15.93787563  0.009536671  0.033480652
-50.864101   -15.89503156  0.00965324   0.033480652
-50.727001   -15.85218781  0.009653522  0.03371235
-50.589901   -15.80934406  0.009770101  0.033828199
-50.452801   -15.76650031  0.009770391  0.03417575
-50.315701   -15.72365656  0.009886983  0.034870852
-50.1786     -15.6808125   0.010003601  0.035450101
-50.0415     -15.63796875  0.010236562  0.036376901
-49.9044     -15.595125    0.010236919  0.037303701
-49.7673     -15.55228125  0.010469914  0.03834635
-49.630199   -15.50943719  0.010586629  0.039620701
-49.493099   -15.46659344  0.010819693  0.04112675
-49.355999   -15.42374969  0.011052808  0.0426328
-49.218899   -15.38090594  0.011285967  0.044254702
-49.081799   -15.33806219  0.011519168  0.046224151
-48.944698   -15.29521813  0.011868771  0.048309449
-48.807598   -15.25237438  0.01210209   0.050626449
-48.670502   -15.20953188  0.012335441  0.053059299
-48.533401   -15.16668781  0.012568829  0.055608001
-48.396301   -15.12384406  0.013035024  0.058388401
-48.259201   -15.08100031  0.013268571  0.061052948
-48.122101   -15.03815656  0.013618537  0.063833348
-47.985001   -14.99531281  0.01408499   0.066729598
-47.8479     -14.95246875  0.01443516   0.069857553
-47.7108     -14.909625    0.014785401  0.072753802
-47.5737     -14.86678125  0.015135712  0.075881749
-47.4366     -14.8239375   0.015602537  0.078777999
-47.2995     -14.78109375  0.015953052  0.081790097
-47.162399   -14.73824969  0.016420089  0.084802203
-47.025299   -14.69540594  0.016770796  0.087814301
-46.888199   -14.65256219  0.017238044  0.090710551
-46.751099   -14.60971844  0.017705431  0.093375102
-46.613998   -14.56687438  0.018056458  0.095923796
-46.476898   -14.52403063  0.018524049  0.098009102
-46.339802   -14.48118813  0.018991785  0.099862702
-46.202702   -14.43834438  0.019343133  0.10136875
-46.065601   -14.39550031  0.01981108   0.10275895
-45.928501   -14.35265656  0.02004608   0.10391745
-45.791401   -14.30981281  0.020514188  0.1049601
-45.654301   -14.26696906  0.020865892  0.10600275
-45.5172     -14.224125    0.021334251  0.1068137
-45.3801     -14.18128125  0.021686178  0.10785635
-45.243      -14.1384375   0.022038175  0.1086673
-45.1059     -14.09559375  0.022390251  0.10947825
-44.9688     -14.05275     0.022859041  0.1102892
-44.831699   -14.00990594  0.02321136   0.1107526
-44.694599   -13.96706219  0.023563755  0.111216
-44.557499   -13.92421844  0.024032898  0.11179525
-44.420399   -13.88137469  0.024385538  0.11225865
-44.283298   -13.83853063  0.024854942  0.11295375
-44.146198   -13.79568688  0.025324519  0.11388055
-44.009102   -13.75284438  0.025910975  0.11503905
-43.872002   -13.71000063  0.026497683  0.11619755
-43.734901   -13.66715656  0.026967885  0.11758775
-43.597801   -13.62431281  0.027671737  0.1188621
-43.460701   -13.58146906  0.028259163  0.1202523
-43.323601   -13.53862531  0.028846803  0.12152665
-43.186501   -13.49578156  0.02943467   0.12291685
-43.0494     -13.4529375   0.030139582  0.12407535
-42.9123     -13.41009375  0.030727995  0.12546556
-42.7752     -13.36725     0.031433471  0.12685575
-42.6381     -13.32440625  0.032139285  0.12813009
-42.500999   -13.28156219  0.032728537  0.12963615
-42.363899   -13.23871844  0.033551796  0.13102636
-42.226799   -13.19587469  0.034141672  0.1325324
-42.089699   -13.15303094  0.034848677  0.1341543
-41.952599   -13.11018719  0.035672982  0.13554449
-41.815498   -13.06734313  0.036380762  0.1371664
-41.678398   -13.02449938  0.037205851  0.1387883
-41.541302   -12.98165688  0.037914371  0.14052606
-41.404202   -12.93881313  0.038740237  0.14214794
-41.267101   -12.89596906  0.03956656   0.14400154
-41.130001   -12.85312531  0.040510408  0.1457393
-40.992901   -12.81028156  0.041337737  0.14770874
-40.855801   -12.76743781  0.042282606  0.14956234
-40.7187     -12.72459375  0.043228052  0.15164766
-40.5816     -12.68175     0.044174065  0.15350126
-40.4445     -12.63890625  0.045237838  0.1554707
-40.3074     -12.5960625   0.046067887  0.15720844
-40.1703     -12.55321875  0.047132797  0.15906204
-40.033199   -12.51037469  0.048081185  0.16068394
-39.896099   -12.46753094  0.049147413  0.1624217
-39.758999   -12.42468719  0.050097053  0.16439115
-39.621899   -12.38184344  0.051164582  0.16624475
-39.484798   -12.33899938  0.052115478  0.16809835
-39.347698   -12.29615563  0.053301724  0.1698361
-39.210602   -12.25331313  0.05425405   0.17157385
-39.073502   -12.21046938  0.055324343  0.17331161
-38.936401   -12.16762531  0.056395397  0.17516521
-38.799301   -12.12478156  0.057467183  0.17690295
-38.662201   -12.08193781  0.058422169  0.17852485
-38.525101   -12.03909406  0.059612853  0.18014675
-38.388      -11.99625     0.06068691   0.18200035
-38.2509     -11.95340625  0.061879336  0.1837381
-38.1138     -11.9105625   0.062955053  0.18570755
-37.9767     -11.86771875  0.064266896  0.187677
-37.8396     -11.824875    0.065579917  0.18987815
-37.702499   -11.78203094  0.066894063  0.19207931
-37.565399   -11.73918719  0.068209323  0.1943963
-37.428299   -11.69634344  0.069525675  0.19659746
-37.291199   -11.65349969  0.070961001  0.19891445
-37.154099   -11.61065594  0.072515586  0.20123145
-37.016998   -11.56781188  0.073953776  0.2034326
-36.879902   -11.52496938  0.075393213  0.2057496
-36.742802   -11.48212563  0.076951952  0.20795076
-36.605701   -11.43928156  0.078394184  0.2101519
-36.468601   -11.39643781  0.079837668  0.21246891
-36.331501   -11.35359406  0.081400575  0.2147859
-36.194401   -11.31075031  0.082965066  0.2171029
-36.057301   -11.26790656  0.084649325  0.21953575
-35.9202     -11.2250625   0.086335398  0.22208445
-35.7831     -11.18221875  0.087904944  0.2245173
-35.646      -11.139375    0.089594316  0.22695015
-35.5089     -11.09653125  0.091285497  0.22926715
-35.371799   -11.05368719  0.092978475  0.23181584
-35.234699   -11.01084344  0.094673239  0.23413286
-35.097599   -10.96799969  0.09648833   0.23668155
-34.960499   -10.92515594  0.101329403  0.27242127
-34.823399   -10.88231219  0.102799952  0.27450657
-34.686298   -10.83946813  0.104329334  0.2766498
-34.549198   -10.79662438  0.10585947   0.2787351
-34.412102   -10.75378188  0.107450086  0.28093624
-34.275002   -10.71093813  0.109042137  0.28319532
-34.137901   -10.66809406  0.110754578  0.28539649
-34.000801   -10.62525031  0.112587872  0.28782934
-33.863701   -10.58240656  0.1143639    0.29026216
-33.726601   -10.53956281  0.116201461  0.29281089
-33.5895     -10.49671875  0.11816034   0.29547542
-33.4524     -10.453875    0.120181364  0.29813996
-33.3153     -10.41103125  0.122205089  0.3009783
-33.1782     -10.3681875   0.124291091  0.30364284
-33.0411     -10.32534375  0.12632025   0.30630741
-32.903999   -10.28249969  0.128471391  0.30891404
-32.766899   -10.23965594  0.13056581   0.31152067
-32.629799   -10.19681219  0.132603231  0.3141852
-32.492699   -10.15396844  0.134762802  0.3167339
-32.355598   -10.11112438  0.136865599  0.31922469
-32.218498   -10.06828063  0.138971159  0.32177338
-32.081402   -10.02543813  0.141139418  0.32420623
-31.9443     -9.98259375   0.143130983  0.32663909
-31.807199   -9.939749688  0.145184842  0.329014
-31.670099   -9.896905938  0.147241414  0.33127308
-31.533001   -9.854062813  0.149300682  0.33347422
-31.395901   -9.811219063  0.151362681  0.33561745
-31.258801   -9.768375313  0.153367359  0.33764482
-31.1217     -9.72553125   0.155314466  0.33961427
-30.9846     -9.6826875    0.157384196  0.34152579
-30.8475     -9.63984375   0.159396665  0.34343731
-30.7104     -9.597        0.161351552  0.34540677
-30.573299   -9.554155938  0.163429324  0.34720245
-30.436199   -9.511312188  0.165630623  0.34917191
-30.299101   -9.468469063  0.167654412  0.35102549
-30.162001   -9.425625313  0.169801435  0.35293701
-30.0249     -9.38278125   0.172012014  0.35490647
-29.8878     -9.3399375    0.174165558  0.35699177
-29.7507     -9.29709375   0.176443042  0.35901916
-29.6136     -9.25425      0.1788451    0.36110446
-29.4765     -9.21140625   0.181130166  0.36318976
-29.339399   -9.168562188  0.183479186  0.36521712
-29.202299   -9.125718438  0.185892484  0.36741829
-29.065201   -9.082875313  0.188370369  0.36956149
-28.928101   -9.040031563  0.190852416  0.37170473
-28.791      -8.9971875    0.193399252  0.37407964
-28.6539     -8.95434375   0.196011185  0.37628081
-28.5168     -8.9115       0.198627669  0.3785978
-28.3797     -8.86865625   0.201187829  0.38091481
-28.242599   -8.825812188  0.203813024  0.38305801
-28.105499   -8.782968438  0.206320921  0.38531709
-27.968399   -8.740124688  0.208893622  0.38740239
-27.831301   -8.697281563  0.211409622  0.38948771
-27.694201   -8.654437813  0.213990596  0.39145714
-27.5571     -8.61159375   0.216392733  0.39348453
-27.42       -8.56875      0.218920439  0.39528021
-27.2829     -8.52590625   0.221268896  0.39724964
-27.1458     -8.4830625    0.223681726  0.39898741
-27.008699   -8.440218438  0.226098248  0.40089893
-26.871599   -8.397374688  0.228518499  0.40269461
-26.734501   -8.354531563  0.230942474  0.40431648
-26.597401   -8.311687813  0.233308884  0.40599632
-26.4603     -8.26884375   0.235740123  0.407792
-26.3232     -8.226        0.237990929  0.4094139
-26.1861     -8.18315625   0.240183138  0.41091996
-26.049      -8.1403125    0.242439569  0.41242599
-25.9119     -8.09746875   0.244699227  0.41387412
-25.774799   -8.054624688  0.246777306  0.41509056
-25.637699   -8.011780938  0.248857615  0.41636491
-25.500601   -7.968937813  0.250878731  0.41758132
-25.363501   -7.926094063  0.252902072  0.41873983
-25.2264     -7.88325      0.254804255  0.41989833
-25.0893     -7.84040625   0.256584575  0.42088306
-24.9522     -7.7975625    0.258428038  0.42192569
-24.8151     -7.75471875   0.260211454  0.42291042
-24.677999   -7.711874688  0.261934507  0.42377931
-24.540899   -7.669030938  0.26365891   0.42464817
-24.403799   -7.626187188  0.265322791  0.42551705
-24.266701   -7.583344063  0.26704996   0.42644385
-24.129601   -7.540500313  0.268840951  0.42737064
-23.9925     -7.49765625   0.270447534  0.42823952
-23.8554     -7.4548125    0.272241663  0.42899254
-23.7183     -7.41196875   0.273913536  0.42980349
-23.5812     -7.369125     0.275649078  0.43061444
-23.444099   -7.326280938  0.277261872  0.43148333
-23.306999   -7.283437188  0.279062834  0.43235219
-23.169901   -7.240594063  0.280741336  0.43310523
-23.032801   -7.197750313  0.282483748  0.43397409
-22.8957     -7.15490625   0.284228084  0.43484297
-22.7586     -7.1120625    0.286036825  0.4358277
-22.6215     -7.06921875   0.287785241  0.43675449
-22.4844     -7.026375     0.289598053  0.43768129
-22.3473     -6.98353125   0.291350389  0.43860811
-22.210199   -6.940687188  0.293104564  0.43941906
-22.073099   -6.897843438  0.294797809  0.44017208
-21.936001   -6.855000313  0.296555295  0.44098303
-21.798901   -6.812156563  0.298126337  0.44173604
-21.6618     -6.7693125    0.299823829  0.44237322
-21.5247     -6.72646875   0.301397339  0.44295248
-21.3876     -6.683625     0.303034731  0.4437055
-21.2505     -6.64078125   0.304673594  0.44440061
-21.1134     -6.5979375    0.306250913  0.44503778
-20.976299   -6.555093438  0.308018414  0.44573286
-20.839199   -6.512249688  0.30966207   0.44637004
-20.702101   -6.469406563  0.311307039  0.44712308
-20.565001   -6.426562813  0.312953465  0.44776025
-20.4279     -6.38371875   0.314474979  0.44833949
-20.2908     -6.340875     0.315997184  0.44880289
-20.1537     -6.29803125   0.317520312  0.44932422
-20.0166     -6.2551875    0.318981058  0.44972971
-19.879499   -6.212343438  0.320379154  0.45019311
-19.742399   -6.169499688  0.321904345  0.45059857
-19.605301   -6.126656563  0.323303964  0.45094612
-19.468201   -6.083812813  0.324704004  0.45135161
-19.3311     -6.04096875   0.326104635  0.45175707
-19.194      -5.998125     0.327505854  0.45204669
-19.0569     -5.95528125   0.329034858  0.45245218
-18.9198     -5.9124375    0.330310876  0.4527418
-18.7827     -5.86959375   0.331650309  0.45308936
-18.645599   -5.826749688  0.332990211  0.45337898
-18.508499   -5.783905938  0.33433058   0.45372653
-18.371401   -5.741062813  0.33567141   0.45413199
-18.234301   -5.698219063  0.337140363  0.45465332
-18.0972     -5.655375     0.338546743  0.45511672
-17.9601     -5.61253125   0.339890022  0.45569599
-17.823      -5.5696875    0.341233657  0.45615938
-17.6859     -5.52684375   0.342577797  0.45656484
-17.5488     -5.484        0.34392241   0.4569703
-17.411699   -5.441155938  0.345139569  0.45731789
-17.274599   -5.398312188  0.346292431  0.45754957
-17.137501   -5.355469063  0.347380836  0.45772335
-17.000401   -5.312625313  0.348532732  0.45789713
-16.8633     -5.26978125   0.349556302  0.45795503
-16.7262     -5.2269375    0.350514882  0.4580709
-16.5891     -5.18409375   0.351536694  0.45812881
-16.452      -5.14125      0.352493854  0.45812884
-16.314899   -5.098405938  0.353450211  0.4580709
-16.177799   -5.055562188  0.354277315  0.45801297
-16.040701   -5.012719063  0.355038707  0.45789713
-15.9036     -4.969875     0.355798675  0.45760751
-15.7665     -4.92703125   0.356428556  0.45731789
-15.6294     -4.8841875    0.357056541  0.4569124
-15.4923     -4.84134375   0.357618453  0.45650694
-15.3552     -4.7985       0.358114008  0.45610145
-15.2181     -4.75565625   0.358607558  0.45563805
-15.081      -4.7128125    0.359034745  0.45517465
-14.9439     -4.66996875   0.359395275  0.45471126
-14.8068     -4.627125     0.359688943  0.45401615
-14.6697     -4.58428125   0.360044917  0.45337898
-14.5326     -4.5414375    0.360269694  0.45268387
-14.3955     -4.49859375   0.360427275  0.45187292
-14.2584     -4.45575      0.360582277  0.45100406
-14.1213     -4.41290625   0.360540584  0.45001933
-13.9842     -4.3700625    0.360560466  0.44909254
-13.8471     -4.32721875   0.360577759  0.44810781
-13.71       -4.284375     0.360462943  0.44700721
-13.5729     -4.24153125   0.360409984  0.44602251
-13.4358     -4.1986875    0.360289685  0.44503778
-13.2987     -4.15584375   0.360231648  0.44393721
-13.1616     -4.113        0.360041508  0.44283661
-13.0245     -4.07015625   0.359783559  0.44167814
-12.8874     -4.0273125    0.35965271   0.44051963
-12.7503     -3.98446875   0.35932466   0.43936113
-12.6132     -3.941625     0.359123667  0.43826056
-12.4761     -3.89878125   0.358920502  0.43721789
-12.339      -3.8559375    0.358650049  0.43611732
-12.2019     -3.81309375   0.358572478  0.43519053
-12.0648     -3.77025      0.358428372  0.4342058
-11.9277     -3.72740625   0.358347481  0.43345279
-11.7906     -3.6845625    0.35819992   0.43264183
-11.6535     -3.64171875   0.35798525   0.43165711
-11.5164     -3.598875     0.357768449  0.43073031
-11.3793     -3.55603125   0.357484386  0.42980349
-11.2422     -3.5131875    0.357263351  0.42893463
-11.1051     -3.47034375   0.357040495  0.42818162
-10.968      -3.4275       0.356750515  0.4272548
-10.8309     -3.38465625   0.356523744  0.42644385
-10.6938     -3.3418125    0.356229974  0.42551705
-10.5567     -3.29896875   0.355999576  0.4247061
-10.4196     -3.256125     0.355636846  0.42389515
-10.2825     -3.21328125   0.355402679  0.4230842
-10.1454     -3.1704375    0.355101622  0.42221531
-10.0083     -3.12759375   0.354798751  0.4214623
-9.8711996   -3.084749875  0.354363284  0.4205355
-9.7341003   -3.041906344  0.353925583  0.41966662
-9.5970001   -2.999062531  0.353551265  0.41879776
-9.4598999   -2.956218719  0.353109797  0.41787094
-9.3227997   -2.913374906  0.352731876  0.41705999
-9.1857004   -2.870531375  0.352417834  0.41624907
-9.0486002   -2.827687563  0.352102434  0.41555396
-8.9115      -2.78484375   0.351785624  0.41491678
-8.7743998   -2.741999938  0.351598515  0.41433752
-8.6372995   -2.699156094  0.351344912  0.41370034
-8.5002003   -2.656312594  0.351089989  0.41300526
-8.3631001   -2.613468781  0.350899431  0.41242599
-8.2259998   -2.570624938  0.350642207  0.41184676
-8.0888996   -2.527781125  0.350383703  0.41115165
-7.9517999   -2.484937469  0.35005829   0.41051447
-7.8147001   -2.442093781  0.349731398  0.40999314
-7.6775999   -2.399249969  0.349468775  0.40929806
-7.5405002   -2.356406313  0.34920503   0.40866086
-7.4033999   -2.313562469  0.348940135  0.40802369
-7.2663002   -2.270718813  0.348674089  0.40738651
-7.1292      -2.227875     0.3484069    0.40674937
-6.9920998   -2.185031188  0.348007132  0.40622801
-6.855       -2.1421875    0.347802982  0.40553293
-6.7178998   -2.099343688  0.347466634  0.40495366
-6.5808001   -2.056500031  0.347194702  0.40437442
-6.4436998   -2.013656188  0.346921723  0.40385309
-6.3066001   -1.970812531  0.346581974  0.40321591
-6.1694999   -1.927968719  0.346306786  0.40252084
-6.0324001   -1.885125031  0.345964844  0.40194157
-5.8952999   -1.842281219  0.345687537  0.40136233
-5.7582002   -1.799437563  0.345475099  0.40078306
-5.6210999   -1.756593719  0.345130304  0.40020382
-5.4840002   -1.713750063  0.344850172  0.39956665
-5.3469      -1.67090625   0.344569151  0.39904532
-5.2097998   -1.628062438  0.34435309   0.39852399
-5.0727      -1.58521875   0.344136296  0.39817646
-4.9355998   -1.542374938  0.343984638  0.39771307
-4.7985001   -1.499531281  0.34383245   0.39736551
-4.6613998   -1.456687438  0.34381136   0.3971338
-4.5243001   -1.413843781  0.343724093  0.39690208
-4.3871999   -1.370999969  0.343636307  0.3966704
-4.2501001   -1.328156281  0.343613853  0.39638078
-4.1129999   -1.285312469  0.343525132  0.396207
-3.9758999   -1.242468719  0.343435824  0.39585945
-3.8388      -1.199625     0.343280025  0.39562777
-3.7017      -1.15678125   0.343189447  0.39528021
-3.5646      -1.1139375    0.343098433  0.39493266
-3.4275      -1.07109375   0.343006944  0.39464301
-3.2904      -1.02825      0.343244777  0.39464301
-3.1533      -0.98540625   0.343021136  0.39417961
-3.0162001   -0.942562531  0.342928561  0.39383209
-2.8791001   -0.899718781  0.342835592  0.3934266
-2.7420001   -0.856875031  0.342742255  0.39313698
-2.6048999   -0.814031219  0.342780575  0.39278942
-2.4677999   -0.771187469  0.342686889  0.39238396
-2.3306999   -0.728343719  0.342592875  0.39203641
-2.1935999   -0.685499969  0.3424987    0.39163092
-2.0565      -0.64265625   0.342470418  0.39116752
-1.9194      -0.5998125    0.342376222  0.39070413
-1.7823      -0.55696875   0.342282036  0.39035657
-1.6452      -0.514125     0.34218806   0.38995111
-1.5081      -0.47128125   0.34216047   0.38960356
-1.3710001   -0.428437531  0.342133442  0.38931391
-1.2339      -0.38559375   0.342107188  0.38896638
-1.0968      -0.34275      0.342015902  0.38867676
-0.95969999  -0.299906247  0.342058044  0.38832921
-0.82260001  -0.257062503  0.34196995   0.38809749
-0.68550003  -0.214218759  0.341950325  0.38780788
-0.54839998  -0.171374994  0.342000334  0.38757616
-0.4113      -0.12853125   0.341989429  0.38734448
-0.27419999  -0.085687497  0.341986755  0.38722864
-0.1371      -0.04284375   0.342065666  0.3871707
0            0             0.342125104  0.3871707
0.1371       0.04284375    0.342065666  0.3871707
0.27419999   0.085687497   0.341986755  0.38722864
0.4113       0.12853125    0.341989429  0.38734448
0.54839998   0.171374994   0.342000334  0.38757616
0.68550003   0.214218759   0.341950325  0.38780788
0.82260001   0.257062503   0.34196995   0.38809749
0.95969999   0.299906247   0.342058044  0.38832921
1.0968       0.34275       0.342015902  0.38867676
1.2339       0.38559375    0.342107188  0.38896638
1.3710001    0.428437531   0.342133442  0.38931391
1.5081       0.47128125    0.34216047   0.38960356
1.6452       0.514125      0.34218806   0.38995111
1.7823       0.55696875    0.342282036  0.39035657
1.9194       0.5998125     0.342376222  0.39070413
2.0565       0.64265625    0.342470418  0.39116752
2.1935999    0.685499969   0.3424987    0.39163092
2.3306999    0.728343719   0.342592875  0.39203641
2.4677999    0.771187469   0.342686889  0.39238396
2.6048999    0.814031219   0.342780575  0.39278942
2.7420001    0.856875031   0.342742255  0.39313698
2.8791001    0.899718781   0.342835592  0.3934266
3.0162001    0.942562531   0.342928561  0.39383209
3.1533       0.98540625    0.343021136  0.39417961
3.2904       1.02825       0.343244777  0.39464301
3.4275       1.07109375    0.343006944  0.39464301
3.5646       1.1139375     0.343098433  0.39493266
3.7017       1.15678125    0.343189447  0.39528021
3.8388       1.199625      0.343280025  0.39562777
3.9758999    1.242468719   0.343435824  0.39585945
4.1129999    1.285312469   0.343525132  0.396207
4.2501001    1.328156281   0.343613853  0.39638078
4.3871999    1.370999969   0.343636307  0.3966704
4.5243001    1.413843781   0.343724093  0.39690208
4.6613998    1.456687438   0.34381136   0.3971338
4.7985001    1.499531281   0.34383245   0.39736551
4.9355998    1.542374938   0.343984638  0.39771307
5.0727       1.58521875    0.344136296  0.39817646
5.2097998    1.628062438   0.34435309   0.39852399
5.3469       1.67090625    0.344569151  0.39904532
5.4840002    1.713750063   0.344850172  0.39956665
5.6210999    1.756593719   0.345130304  0.40020382
5.7582002    1.799437563   0.345475099  0.40078306
5.8952999    1.842281219   0.345687537  0.40136233
6.0324001    1.885125031   0.345964844  0.40194157
6.1694999    1.927968719   0.346306786  0.40252084
6.3066001    1.970812531   0.346581974  0.40321591
6.4436998    2.013656188   0.346921723  0.40385309
6.5808001    2.056500031   0.347194702  0.40437442
6.7178998    2.099343688   0.347466634  0.40495366
6.855        2.1421875     0.347802982  0.40553293
6.9920998    2.185031188   0.348007132  0.40622801
7.1292       2.227875      0.3484069    0.40674937
7.2663002    2.270718813   0.348674089  0.40738651
7.4033999    2.313562469   0.348940135  0.40802369
7.5405002    2.356406313   0.34920503   0.40866086
7.6775999    2.399249969   0.349468775  0.40929806
7.8147001    2.442093781   0.349731398  0.40999314
7.9517999    2.484937469   0.35005829   0.41051447
8.0888996    2.527781125   0.350383703  0.41115165
8.2259998    2.570624938   0.350642207  0.41184676
8.3631001    2.613468781   0.350899431  0.41242599
8.5002003    2.656312594   0.351089989  0.41300526
8.6372995    2.699156094   0.351344912  0.41370034
8.7743998    2.741999938   0.351598515  0.41433752
8.9115       2.78484375    0.351785624  0.41491678
9.0486002    2.827687563   0.352102434  0.41555396
9.1857004    2.870531375   0.352417834  0.41624907
9.3227997    2.913374906   0.352731876  0.41705999
9.4598999    2.956218719   0.353109797  0.41787094
9.5970001    2.999062531   0.353551265  0.41879776
9.7341003    3.041906344   0.353925583  0.41966662
9.8711996    3.084749875   0.354363284  0.4205355
10.0083      3.12759375    0.354798751  0.4214623
10.1454      3.1704375     0.355101622  0.42221531
10.2825      3.21328125    0.355402679  0.4230842
10.4196      3.256125      0.355636846  0.42389515
10.5567      3.29896875    0.355999576  0.4247061
10.6938      3.3418125     0.356229974  0.42551705
10.8309      3.38465625    0.356523744  0.42644385
10.968       3.4275        0.356750515  0.4272548
11.1051      3.47034375    0.357040495  0.42818162
11.2422      3.5131875     0.357263351  0.42893463
11.3793      3.55603125    0.357484386  0.42980349
11.5164      3.598875      0.357768449  0.43073031
11.6535      3.64171875    0.35798525   0.43165711
11.7906      3.6845625     0.35819992   0.43264183
11.9277      3.72740625    0.358347481  0.43345279
12.0648      3.77025       0.358428372  0.4342058
12.2019      3.81309375    0.358572478  0.43519053
12.339       3.8559375     0.358650049  0.43611732
12.4761      3.89878125    0.358920502  0.43721789
12.6132      3.941625      0.359123667  0.43826056
12.7503      3.98446875    0.35932466   0.43936113
12.8874      4.0273125     0.35965271   0.44051963
13.0245      4.07015625    0.359783559  0.44167814
13.1616      4.113         0.360041508  0.44283661
13.2987      4.15584375    0.360231648  0.44393721
13.4358      4.1986875     0.360289685  0.44503778
13.5729      4.24153125    0.360409984  0.44602251
13.71        4.284375      0.360462943  0.44700721
13.8471      4.32721875    0.360577759  0.44810781
13.9842      4.3700625     0.360560466  0.44909254
14.1213      4.41290625    0.360540584  0.45001933
14.2584      4.45575       0.360582277  0.45100406
14.3955      4.49859375    0.360427275  0.45187292
14.5326      4.5414375     0.360269694  0.45268387
14.6697      4.58428125    0.360044917  0.45337898
14.8068      4.627125      0.359688943  0.45401615
14.9439      4.66996875    0.359395275  0.45471126
15.081       4.7128125     0.359034745  0.45517465
15.2181      4.75565625    0.358607558  0.45563805
15.3552      4.7985        0.358114008  0.45610145
15.4923      4.84134375    0.357618453  0.45650694
15.6294      4.8841875     0.357056541  0.4569124
15.7665      4.92703125    0.356428556  0.45731789
15.9036      4.969875      0.355798675  0.45760751
16.040701    5.012719063   0.355038707  0.45789713
16.177799    5.055562188   0.354277315  0.45801297
16.314899    5.098405938   0.353450211  0.4580709
16.452       5.14125       0.352493854  0.45812884
16.5891      5.18409375    0.351536694  0.45812881
16.7262      5.2269375     0.350514882  0.4580709
16.8633      5.26978125    0.349556302  0.45795503
17.000401    5.312625313   0.348532732  0.45789713
17.137501    5.355469063   0.347380836  0.45772335
17.274599    5.398312188   0.346292431  0.45754957
17.411699    5.441155938   0.345139569  0.45731789
17.5488      5.484         0.34392241   0.4569703
17.6859      5.52684375    0.342577797  0.45656484
17.823       5.5696875     0.341233657  0.45615938
17.9601      5.61253125    0.339890022  0.45569599
18.0972      5.655375      0.338546743  0.45511672
18.234301    5.698219063   0.337140363  0.45465332
18.371401    5.741062813   0.33567141   0.45413199
18.508499    5.783905938   0.33433058   0.45372653
18.645599    5.826749688   0.332990211  0.45337898
18.7827      5.86959375    0.331650309  0.45308936
18.9198      5.9124375     0.330310876  0.4527418
19.0569      5.95528125    0.329034858  0.45245218
19.194       5.998125      0.327505854  0.45204669
19.3311      6.04096875    0.326104635  0.45175707
19.468201    6.083812813   0.324704004  0.45135161
19.605301    6.126656563   0.323303964  0.45094612
19.742399    6.169499688   0.321904345  0.45059857
19.879499    6.212343438   0.320379154  0.45019311
20.0166      6.2551875     0.318981058  0.44972971
20.1537      6.29803125    0.317520312  0.44932422
20.2908      6.340875      0.315997184  0.44880289
20.4279      6.38371875    0.314474979  0.44833949
20.565001    6.426562813   0.312953465  0.44776025
20.702101    6.469406563   0.311307039  0.44712308
20.839199    6.512249688   0.30966207   0.44637004
20.976299    6.555093438   0.308018414  0.44573286
21.1134      6.5979375     0.306250913  0.44503778
21.2505      6.64078125    0.304673594  0.44440061
21.3876      6.683625      0.303034731  0.4437055
21.5247      6.72646875    0.301397339  0.44295248
21.6618      6.7693125     0.299823829  0.44237322
21.798901    6.812156563   0.298126337  0.44173604
21.936001    6.855000313   0.296555295  0.44098303
22.073099    6.897843438   0.294797809  0.44017208
22.210199    6.940687188   0.293104564  0.43941906
22.3473      6.98353125    0.291350389  0.43860811
22.4844      7.026375      0.289598053  0.43768129
22.6215      7.06921875    0.287785241  0.43675449
22.7586      7.1120625     0.286036825  0.4358277
22.8957      7.15490625    0.284228084  0.43484297
23.032801    7.197750313   0.282483748  0.43397409
23.169901    7.240594063   0.280741336  0.43310523
23.306999    7.283437188   0.279062834  0.43235219
23.444099    7.326280938   0.277261872  0.43148333
23.5812      7.369125      0.275649078  0.43061444
23.7183      7.41196875    0.273913536  0.42980349
23.8554      7.4548125     0.272241663  0.42899254
23.9925      7.49765625    0.270447534  0.42823952
24.129601    7.540500313   0.268840951  0.42737064
24.266701    7.583344063   0.26704996   0.42644385
24.403799    7.626187188   0.265322791  0.42551705
24.540899    7.669030938   0.26365891   0.42464817
24.677999    7.711874688   0.261934507  0.42377931
24.8151      7.75471875    0.260211454  0.42291042
24.9522      7.7975625     0.258428038  0.42192569
25.0893      7.84040625    0.256584575  0.42088306
25.2264      7.88325       0.254804255  0.41989833
25.363501    7.926094063   0.252902072  0.41873983
25.500601    7.968937813   0.250878731  0.41758132
25.637699    8.011780938   0.248857615  0.41636491
25.774799    8.054624688   0.246777306  0.41509056
25.9119      8.09746875    0.244699227  0.41387412
26.049       8.1403125     0.242439569  0.41242599
26.1861      8.18315625    0.240183138  0.41091996
26.3232      8.226         0.237990929  0.4094139
26.4603      8.26884375    0.235740123  0.407792
26.597401    8.311687813   0.233308884  0.40599632
26.734501    8.354531563   0.230942474  0.40431648
26.871599    8.397374688   0.228518499  0.40269461
27.008699    8.440218438   0.226098248  0.40089893
27.1458      8.4830625     0.223681726  0.39898741
27.2829      8.52590625    0.221268896  0.39724964
27.42        8.56875       0.218920439  0.39528021
27.5571      8.61159375    0.216392733  0.39348453
27.694201    8.654437813   0.213990596  0.39145714
27.831301    8.697281563   0.211409622  0.38948771
27.968399    8.740124688   0.208893622  0.38740239
28.105499    8.782968438   0.206320921  0.38531709
28.242599    8.825812188   0.203813024  0.38305801
28.3797      8.86865625    0.201187829  0.38091481
28.5168      8.9115        0.198627669  0.3785978
28.6539      8.95434375    0.196011185  0.37628081
28.791       8.9971875     0.193399252  0.37407964
28.928101    9.040031563   0.190852416  0.37170473
29.065201    9.082875313   0.188370369  0.36956149
29.202299    9.125718438   0.185892484  0.36741829
29.339399    9.168562188   0.183479186  0.36521712
29.4765      9.21140625    0.181130166  0.36318976
29.6136      9.25425       0.1788451    0.36110446
29.7507      9.29709375    0.176443042  0.35901916
29.8878      9.3399375     0.174165558  0.35699177
30.0249      9.38278125    0.172012014  0.35490647
30.162001    9.425625313   0.169801435  0.35293701
30.299101    9.468469063   0.167654412  0.35102549
30.436199    9.511312188   0.165630623  0.34917191
30.573299    9.554155938   0.163429324  0.34720245
30.7104      9.597         0.161351552  0.34540677
30.8475      9.63984375    0.159396665  0.34343731
30.9846      9.6826875     0.157384196  0.34152579
31.1217      9.72553125    0.155314466  0.33961427
31.258801    9.768375313   0.153367359  0.33764482
31.395901    9.811219063   0.151362681  0.33561745
31.533001    9.854062813   0.149300682  0.33347422
31.670099    9.896905938   0.147241414  0.33127308
31.807199    9.939749688   0.145184842  0.329014
31.9443      9.98259375    0.143130983  0.32663909
32.081402    10.02543813   0.141139418  0.32420623
32.218498    10.06828063   0.138971159  0.32177338
32.355598    10.11112438   0.136865599  0.31922469
32.492699    10.15396844   0.134762802  0.3167339
32.629799    10.19681219   0.132603231  0.3141852
32.766899    10.23965594   0.13056581   0.31152067
32.903999    10.28249969   0.128471391  0.30891404
33.0411      10.32534375   0.12632025   0.30630741
33.1782      10.3681875    0.124291091  0.30364284
33.3153      10.41103125   0.122205089  0.3009783
33.4524      10.453875     0.120181364  0.29813996
33.5895      10.49671875   0.11816034   0.29547542
33.726601    10.53956281   0.116201461  0.29281089
33.863701    10.58240656   0.1143639    0.29026216
34.000801    10.62525031   0.112587872  0.28782934
34.137901    10.66809406   0.110754578  0.28539649
34.275002    10.71093813   0.109042137  0.28319532
34.412102    10.75378188   0.107450086  0.28093624
34.549198    10.79662438   0.10585947   0.2787351
34.686298    10.83946813   0.104329334  0.2766498
34.823399    10.88231219   0.102799952  0.27450657
34.960499    10.92515594   0.101329403  0.27242127
35.097599    10.96799969   0.09648833   0.23668155
35.234699    11.01084344   0.094673239  0.23413286
35.371799    11.05368719   0.092978475  0.23181584
35.5089      11.09653125   0.091285497  0.22926715
35.646       11.139375     0.089594316  0.22695015
35.7831      11.18221875   0.087904944  0.2245173
35.9202      11.2250625    0.086335398  0.22208445
36.057301    11.26790656   0.084649325  0.21953575
36.194401    11.31075031   0.082965066  0.2171029
36.331501    11.35359406   0.081400575  0.2147859
36.468601    11.39643781   0.079837668  0.21246891
36.605701    11.43928156   0.078394184  0.2101519
36.742802    11.48212563   0.076951952  0.20795076
36.879902    11.52496938   0.075393213  0.2057496
37.016998    11.56781188   0.073953776  0.2034326
37.154099    11.61065594   0.072515586  0.20123145
37.291199    11.65349969   0.070961001  0.19891445
37.428299    11.69634344   0.069525675  0.19659746
37.565399    11.73918719   0.068209323  0.1943963
37.702499    11.78203094   0.066894063  0.19207931
37.8396      11.824875     0.065579917  0.18987815
37.9767      11.86771875   0.064266896  0.187677
38.1138      11.9105625    0.062955053  0.18570755
38.2509      11.95340625   0.061879336  0.1837381
38.388       11.99625      0.06068691   0.18200035
38.525101    12.03909406   0.059612853  0.18014675
38.662201    12.08193781   0.058422169  0.17852485
38.799301    12.12478156   0.057467183  0.17690295
38.936401    12.16762531   0.056395397  0.17516521
39.073502    12.21046938   0.055324343  0.17331161
39.210602    12.25331313   0.05425405   0.17157385
39.347698    12.29615563   0.053301724  0.1698361
39.484798    12.33899938   0.052115478  0.16809835
39.621899    12.38184344   0.051164582  0.16624475
39.758999    12.42468719   0.050097053  0.16439115
39.896099    12.46753094   0.049147413  0.1624217
40.033199    12.51037469   0.048081185  0.16068394
40.1703      12.55321875   0.047132797  0.15906204
40.3074      12.5960625    0.046067887  0.15720844
40.4445      12.63890625   0.045237838  0.1554707
40.5816      12.68175      0.044174065  0.15350126
40.7187      12.72459375   0.043228052  0.15164766
40.855801    12.76743781   0.042282606  0.14956234
40.992901    12.81028156   0.041337737  0.14770874
41.130001    12.85312531   0.040510408  0.1457393
41.267101    12.89596906   0.03956656   0.14400154
41.404202    12.93881313   0.038740237  0.14214794
41.541302    12.98165688   0.037914371  0.14052606
41.678398    13.02449938   0.037205851  0.1387883
41.815498    13.06734313   0.036380762  0.1371664
41.952599    13.11018719   0.035672982  0.13554449
42.089699    13.15303094   0.034848677  0.1341543
42.226799    13.19587469   0.034141672  0.1325324
42.363899    13.23871844   0.033551796  0.13102636
42.500999    13.28156219   0.032728537  0.12963615
42.6381      13.32440625   0.032139285  0.12813009
42.7752      13.36725      0.031433471  0.12685575
42.9123      13.41009375   0.030727995  0.12546556
43.0494      13.4529375    0.030139582  0.12407535
43.186501    13.49578156   0.02943467   0.12291685
43.323601    13.53862531   0.028846803  0.12152665
43.460701    13.58146906   0.028259163  0.1202523
43.597801    13.62431281   0.027671737  0.1188621
43.734901    13.66715656   0.026967885  0.11758775
43.872002    13.71000063   0.026497683  0.11619755
44.009102    13.75284438   0.025910975  0.11503905
44.146198    13.79568688   0.025324519  0.11388055
44.283298    13.83853063   0.024854942  0.11295375
44.420399    13.88137469   0.024385538  0.11225865
44.557499    13.92421844   0.024032898  0.11179525
44.694599    13.96706219   0.023563755  0.111216
44.831699    14.00990594   0.02321136   0.1107526
44.9688      14.05275      0.022859041  0.1102892
45.1059      14.09559375   0.022390251  0.10947825
45.243       14.1384375    0.022038175  0.1086673
45.3801      14.18128125   0.021686178  0.10785635
45.5172      14.224125     0.021334251  0.1068137
45.654301    14.26696906   0.020865892  0.10600275
45.791401    14.30981281   0.020514188  0.1049601
45.928501    14.35265656   0.02004608   0.10391745
46.065601    14.39550031   0.01981108   0.10275895
46.202702    14.43834438   0.019343133  0.10136875
46.339802    14.48118813   0.018991785  0.099862702
46.476898    14.52403063   0.018524049  0.098009102
46.613998    14.56687438   0.018056458  0.095923796
46.751099    14.60971844   0.017705431  0.093375102
46.888199    14.65256219   0.017238044  0.090710551
47.025299    14.69540594   0.016770796  0.087814301
47.162399    14.73824969   0.016420089  0.084802203
47.2995      14.78109375   0.015953052  0.081790097
47.4366      14.8239375    0.015602537  0.078777999
47.5737      14.86678125   0.015135712  0.075881749
47.7108      14.909625     0.014785401  0.072753802
47.8479      14.95246875   0.01443516   0.069857553
47.985001    14.99531281   0.01408499   0.066729598
48.122101    15.03815656   0.013618537  0.063833348
48.259201    15.08100031   0.013268571  0.061052948
48.396301    15.12384406   0.013035024  0.058388401
48.533401    15.16668781   0.012568829  0.055608001
48.670502    15.20953188   0.012335441  0.053059299
48.807598    15.25237438   0.01210209   0.050626449
48.944698    15.29521813   0.011868771  0.048309449
49.081799    15.33806219   0.011519168  0.046224151
49.218899    15.38090594   0.011285967  0.044254702
49.355999    15.42374969   0.011052808  0.0426328
49.493099    15.46659344   0.010819693  0.04112675
49.630199    15.50943719   0.010586629  0.039620701
49.7673      15.55228125   0.010469914  0.03834635
49.9044      15.595125     0.010236919  0.037303701
50.0415      15.63796875   0.010236562  0.036376901
50.1786      15.6808125    0.010003601  0.035450101
50.315701    15.72365656   0.009886983  0.034870852
50.452801    15.76650031   0.009770391  0.03417575
50.589901    15.80934406   0.009770101  0.033828199
50.727001    15.85218781   0.009653522  0.03371235
50.864101    15.89503156   0.00965324   0.033480652
51.001202    15.93787563   0.009536671  0.033480652
51.138302    15.98071938   0.00942013   0.033364799
51.275398    16.02356188   0.009419885  0.03324895
51.412498    16.06640563   0.009419635  0.033133101
51.549599    16.10924969   0.009419373  0.032901399
51.686699    16.15209344   0.009302848  0.03278555
51.823799    16.19493719   0.009302608  0.032669701
51.960899    16.23778094   0.009302363  0.032669701
52.098       16.280625     0.009302114  0.032669701
52.2351      16.32346875   0.009301859  0.032669701
52.3722      16.3663125    0.009301597  0.032553852
52.5093      16.40915625   0.009301322  0.032437999
52.6464      16.452        0.009184803  0.03232215
52.783501    16.49484406   0.009184538  0.031974599
52.920601    16.53768781   0.009068038  0.031511199
53.057701    16.58053156   0.009067792  0.031279501
53.194801    16.62337531   0.00906754   0.030816101
53.331902    16.66621938   0.009067276  0.03046855
53.469002    16.70906313   0.008950789  0.03000515
53.606098    16.75190563   0.008950542  0.0296576
53.743198    16.79474938   0.008950285  0.029310049
53.880299    16.83759344   0.008833815  0.0289625
54.017399    16.88043719   0.008833579  0.0284991
54.154499    16.92328094   0.008833338  0.0282674
54.291599    16.96612469   0.008833091  0.027919849
54.428699    17.00896844   0.008832837  0.027688149
54.5658      17.0518125    0.008832571  0.027456449
54.7029      17.09465625   0.008716104  0.0273406
54.84        17.1375       0.008599666  0.0273406
54.9771      17.18034375   0.008599441  0.0273406
55.114201    17.22318781   0.008599214  0.027456449
55.251301    17.26603156   0.008598986  0.0275723
55.388401    17.30887531   0.00859876   0.027919849
55.525501    17.35171906   0.008714702  0.0282674
55.662601    17.39456281   0.008714436  0.0287308
55.799702    17.43740688   0.00871416   0.0291942
55.936798    17.48024938   0.008597719  0.02954175
56.073898    17.52309313   0.008597462  0.0298893
56.210999    17.56593719   0.008597199  0.030121
56.348099    17.60878094   0.008596931  0.03046855
56.485199    17.65162469   0.008596654  0.030584401
56.622299    17.69446844   0.008596366  0.03070025
56.759399    17.73731219   0.008479932  0.030584401
56.8965      17.78015625   0.008479659  0.03023685
57.0336      17.823        0.008479377  0.0298893
57.1707      17.86584375   0.008479082  0.0294259
57.3078      17.9086875    0.008362656  0.0289625
57.444901    17.95153156   0.008362373  0.028383249
57.582001    17.99437531   0.008362075  0.027688149
57.719101    18.03721906   0.008245655  0.0271089
57.856201    18.08006281   0.00824536   0.026529649
57.993301    18.12290656   0.008128948  0.025834549
58.130402    18.16575063   0.00801256   0.0252553
58.267502    18.20859438   0.008012293  0.0245602
58.404598    18.25143688   0.008012012  0.023980949
58.541698    18.29428063   0.007895635  0.0234017
58.678799    18.33712469   0.007895365  0.022822451
58.815899    18.37996844   0.007895082  0.022127351
58.952999    18.42281219   0.007778713  0.021432251
59.090099    18.46565594   0.007778437  0.020737151
59.2272      18.5085       0.007778141  0.0199262
59.3643      18.55134375   0.007545707  0.0192311
59.5014      18.5941875    0.007545444  0.018420151
59.6385      18.63703125   0.007429116  0.01772505
59.7756      18.679875     0.007428864  0.01702995
59.912701    18.72271906   0.0074286    0.016450699
60.049801    18.76556281   0.007312281  0.015755599
60.186901    18.80840656   0.007312023  0.01517635
60.324001    18.85125031   0.007195719  0.01448125
60.461102    18.89409438   0.007195471  0.013902
60.598202    18.93693813   0.007195211  0.0134386
60.735298    18.97978063   0.007078917  0.01309105
60.872398    19.02262438   0.007078666  0.0127435
61.009499    19.06546844   0.007078398  0.01239595
61.146599    19.10831219   0.006846096  0.0120484
61.283699    19.15115594   0.006845869  0.0118167
61.420799    19.19399969   0.006845636  0.01146915
61.557899    19.23684344   0.006845396  0.01123745
61.695       19.2796875    0.00672916   0.01100575
61.8321      19.32253125   0.006844944  0.0106582
61.9692      19.365375     0.006960698  0.01077405
62.1063      19.40821875   0.007076412  0.0106582
62.243401    19.45106281   0.007076103  0.0104265
62.380501    19.49390656   0.007075782  0.01031065
62.517601    19.53675031   0.007075444  0.01007895
62.654701    19.57959406   0.007075084  0.0097314
62.791801    19.62243781   0.006958743  0.00938385
62.928902    19.66528188   0.006842414  0.00915215
63.066002    19.70812563   0.006842032  0.00868875
63.203098    19.75096813   0.006609742  0.00822535
63.340199    19.79381219   0.006493419  0.00776195
63.477299    19.83665594   0.006261169  0.0074144
63.614399    19.87949969   0.006028953  0.006951
63.751499    19.92234344   0.005912682  0.00660345
63.888599    19.96518719   0.005680496  0.00637175
64.025703    20.00803219   0.005332433  0.0060242
64.162804    20.05087625   0.005100327  0.00567665
64.299896    20.0937175    0.004868244  0.00544495
64.436996    20.13656125   0.004520298  0.00521325
64.574097    20.17940531   0.004288287  0.0050974
64.711197    20.22224906   0.004056299  0.0048657
64.848297    20.26509281   0.003708458  0.004634
64.985397    20.30793656   0.003476532  0.0044023
65.122498    20.35078063   0.003128759  0.00405475
65.259598    20.39362438   0.00289689   0.0037072
65.396698    20.43646813   0.002549178  0.0034755
65.533798    20.47931188   0.00231736   0.00312795
65.670898    20.52215563   0.001969703  0.0027804
65.807999    20.56499969   0.001853785  0.00243285
65.945099    20.60784344   0.001506165  0.00196945
66.082199    20.65068719   0.001274421  0.0016219
66.219299    20.69353094   0.001042688  0.00127435
66.3564      20.736375     0.000810967  0.0011585
66.4935      20.77921875   0.000463405  0.00081095
66.6306      20.8220625    0.000347551  0.0004634
66.7677      20.86490625   0.00011585   0.0002317
66.9048      20.90775      0            0.00011585
67.041901    20.95059406   0            0
67.179001    20.99343781   0            0
67.316101    21.03628156   0            0
67.453201    21.07912531   0            0
67.590302    21.12196938   0            0
67.727402    21.16481313   0            0
67.864502    21.20765688   0            0
68.001602    21.25050063   0            0
68.138702    21.29334438   0            0
68.275803    21.33618844   0            0
68.412903    21.37903219   0            0
68.550003    21.42187594   0            0
68.687103    21.46471969   0            0
68.824203    21.50756344   0            0
68.961304    21.5504075    0            0
69.098396    21.59324875   0            0
69.235497    21.63609281   0            0
69.372597    21.67893656   0            0
69.509697    21.72178031   0            0
69.646797    21.76462406   0            0
69.783897    21.80746781   0            0
69.920998    21.85031188   0            0
70.058098    21.89315563   0            0
70.195198    21.93599938   0            0
70.332298    21.97884313   0            0
70.469398    22.02168688   0            0
70.606499    22.06453094   0            0
70.743599    22.10737469   0            0
70.880699    22.15021844   0            0
71.017799    22.19306219   0            0
71.1549      22.23590625   0            0
71.292       22.27875      0            0
71.4291      22.32159375   0            0
71.5662      22.3644375    0            0
71.7033      22.40728125   0            0
71.840401    22.45012531   0            0
71.977501    22.49296906   0            0
72.114601    22.53581281   0            0
72.251701    22.57865656   0            0
72.388802    22.62150063   0            0
72.525902    22.66434438   0            0
72.663002    22.70718813   0            0
72.800102    22.75003188   0            0
72.937202    22.79287563   0            0
73.074303    22.83571969   0            0
73.211403    22.87856344   0            0
73.348503    22.92140719   0            0
73.485603    22.96425094   0            0
73.622704    23.007095     0            0
73.759804    23.04993875   0            0
73.896896    23.09278      0            0
74.033997    23.13562406   0            0
74.171097    23.17846781   0            0
74.308197    23.22131156   0            0
74.445297    23.26415531   0            0
74.582397    23.30699906   0            0
74.719498    23.34984313   0            0
74.856598    23.39268688   0            0
74.993698    23.43553063   0            0
75.130798    23.47837438   0            0
75.267899    23.52121844   0            0
75.404999    23.56406219   0            0
75.542099    23.60690594   0            0
75.679199    23.64974969   0            0
75.816299    23.69259344   0            0
75.9534      23.7354375    0            0
76.0905      23.77828125   0            0
76.2276      23.821125     0            0
76.3647      23.86396875   0            0
76.501801    23.90681281   0            0
76.638901    23.94965656   0            0
76.776001    23.99250031   0            0
76.913101    24.03534406   0            0
77.050201    24.07818781   0            0
77.187302    24.12103188   0            0
77.324402    24.16387563   0            0
77.461502    24.20671938   0            0
77.598602    24.24956313   0            0
77.735703    24.29240719   0            0
77.872803    24.33525094   0            0
78.009903    24.37809469   0            0
78.147003    24.42093844   0            0
78.284103    24.46378219   0            0
78.421204    24.50662625   0            0
78.558296    24.5494675    0            0
78.695396    24.59231125   0            0
78.832497    24.63515531   0            0
78.969597    24.67799906   0            0
79.106697    24.72084281   0            0
79.243797    24.76368656   0            0
79.380898    24.80653063   0            0
79.517998    24.84937438   0            0
79.655098    24.89221813   0            0
79.792198    24.93506188   0            0
79.929298    24.97790563   0            0
