#    r         (mm)  r/D  T(K)  std  T  (K)
-50  -15.625   294   0
-45  -14.0625  1652  96
-40  -12.5     1660  96
-35  -10.9375  1658  106
-30  -9.375    1657  100
-25  -7.8125   1643  102
-20  -6.25     1624  96
-15  -4.6875   1600  94
-10  -3.125    1566  93
-5   -1.5625   1535  92
0    0         1520  89
5    1.5625    1512  88
10   3.125     1522  88
15   4.6875    1542  92
20   6.25      1566  92
25   7.8125    1592  116
30   9.375     1610  92
35   10.9375   1622  100
40   12.5      1624  111
45   14.0625   1627  108
50   15.625    294   0
