#            x/D           =            117.1875  ~   117    
#            r             (mm)         r/D       fv  (ppm)  rms_fv
-79.929298   -24.97790563  0            0
-79.792198   -24.93506188  0            0
-79.655098   -24.89221813  0            0
-79.517998   -24.84937438  0            0
-79.380898   -24.80653063  0            0
-79.243797   -24.76368656  0            0
-79.106697   -24.72084281  0            0
-78.969597   -24.67799906  0            0
-78.832497   -24.63515531  0            0
-78.695396   -24.59231125  0            0
-78.558296   -24.5494675   0            0
-78.421204   -24.50662625  0            0
-78.284103   -24.46378219  0            0
-78.147003   -24.42093844  0            0
-78.009903   -24.37809469  0            0
-77.872803   -24.33525094  0            0
-77.735703   -24.29240719  0            0
-77.598602   -24.24956313  0            0
-77.461502   -24.20671938  0            0
-77.324402   -24.16387563  0            0
-77.187302   -24.12103188  0            0
-77.050201   -24.07818781  0            0
-76.913101   -24.03534406  0            0
-76.776001   -23.99250031  0            0
-76.638901   -23.94965656  0            0
-76.501801   -23.90681281  0            0
-76.3647     -23.86396875  0            0
-76.2276     -23.821125    0            0
-76.0905     -23.77828125  0            0
-75.9534     -23.7354375   0            0
-75.816299   -23.69259344  0            0
-75.679199   -23.64974969  0            0
-75.542099   -23.60690594  0            0
-75.404999   -23.56406219  0            0
-75.267899   -23.52121844  0            0
-75.130798   -23.47837438  0            0
-74.993698   -23.43553063  0            0
-74.856598   -23.39268688  0            0
-74.719498   -23.34984313  0            0
-74.582397   -23.30699906  0            0
-74.445297   -23.26415531  0            0
-74.308197   -23.22131156  0            0
-74.171097   -23.17846781  0            0
-74.033997   -23.13562406  0            0
-73.896896   -23.09278     0            0
-73.759804   -23.04993875  0            0
-73.622704   -23.007095    0            0
-73.485603   -22.96425094  0            0
-73.348503   -22.92140719  0            0
-73.211403   -22.87856344  0            0
-73.074303   -22.83571969  0            0
-72.937202   -22.79287563  0            0
-72.800102   -22.75003188  0            0
-72.663002   -22.70718813  0            0
-72.525902   -22.66434438  0            0
-72.388802   -22.62150063  0            0
-72.251701   -22.57865656  0            0
-72.114601   -22.53581281  0            0
-71.977501   -22.49296906  0            0
-71.840401   -22.45012531  0            0
-71.7033     -22.40728125  0            0
-71.5662     -22.3644375   0            0
-71.4291     -22.32159375  0            0
-71.292      -22.27875     0            0
-71.1549     -22.23590625  0            0
-71.017799   -22.19306219  0            0
-70.880699   -22.15021844  0            0
-70.743599   -22.10737469  0            0
-70.606499   -22.06453094  0            0
-70.469398   -22.02168688  0            0
-70.332298   -21.97884313  0            0
-70.195198   -21.93599938  0            0
-70.058098   -21.89315563  0            0
-69.920998   -21.85031188  0            0
-69.783897   -21.80746781  0            0
-69.646797   -21.76462406  0            0
-69.509697   -21.72178031  0            0
-69.372597   -21.67893656  0            0
-69.235497   -21.63609281  0            0
-69.098396   -21.59324875  0            0
-68.961304   -21.5504075   0            0
-68.824203   -21.50756344  0            0
-68.687103   -21.46471969  0            0
-68.550003   -21.42187594  0            0
-68.412903   -21.37903219  0            0
-68.275803   -21.33618844  0            0
-68.138702   -21.29334438  0            0
-68.001602   -21.25050063  0            0
-67.864502   -21.20765688  0            0
-67.727402   -21.16481313  0            0
-67.590302   -21.12196938  0            0
-67.453201   -21.07912531  0            0
-67.316101   -21.03628156  0            0
-67.179001   -20.99343781  0            0
-67.041901   -20.95059406  0            0
-66.9048     -20.90775     0            0
-66.7677     -20.86490625  0.00011585   0
-66.6306     -20.8220625   0.000463401  0
-66.4935     -20.77921875  0.00069511   0.00011585
-66.3564     -20.736375    0.000926827  0.0002317
-66.219299   -20.69353094  0.001274409  0.0004634
-66.082199   -20.65068719  0.001622012  0.0006951
-65.945099   -20.60784344  0.00196964   0.0009268
-65.807999   -20.56499969  0.002317296  0.00127435
-65.670898   -20.52215563  0.002664984  0.0020853
-65.533798   -20.47931188  0.003128579  0.0027804
-65.396698   -20.43646813  0.003476354  0.0037072
-65.259598   -20.39362438  0.003940052  0.0044023
-65.122498   -20.35078063  0.004287926  0.0053291
-64.985397   -20.30793656  0.00475174   0.00614005
-64.848297   -20.26509281  0.005215629  0.006951
-64.711197   -20.22224906  0.005679596  0.00776195
-64.574097   -20.17940531  0.006027727  0.0085729
-64.436996   -20.13656125  0.006375907  0.009268
-64.299896   -20.0937175   0.006840075  0.0099631
-64.162804   -20.05087625  0.007188397  0.0106582
-64.025703   -20.00803219  0.007536775  0.01123745
-63.888599   -19.96518719  0.007769254  0.0118167
-63.751499   -19.92234344  0.00823369   0.0122801
-63.614399   -19.87949969  0.008466287  0.01262765
-63.477299   -19.83665594  0.008814887  0.0127435
-63.340199   -19.79381219  0.009047567  0.0129752
-63.203098   -19.75096813  0.009164268  0.0132069
-63.066002   -19.70812563  0.009396968  0.0134386
-62.928902   -19.66528188  0.009629708  0.01355445
-62.791801   -19.62243781  0.00963043   0.01378615
-62.654701   -19.57959406  0.009747135  0.01378615
-62.517601   -19.53675031  0.009747804  0.0136703
-62.380501   -19.49390656  0.009748435  0.01355445
-62.243401   -19.45106281  0.009749038  0.01332275
-62.1063     -19.40821875  0.009633551  0.0132069
-61.9692     -19.365375    0.009518003  0.0129752
-61.8321     -19.32253125  0.009402405  0.0127435
-61.695      -19.2796875   0.009286765  0.01285935
-61.557899   -19.23684344  0.009403267  0.0129752
-61.420799   -19.19399969  0.009403714  0.01332275
-61.283699   -19.15115594  0.009404149  0.0136703
-61.146599   -19.10831219  0.009520682  0.01401785
-61.009499   -19.06546844  0.009521134  0.0145971
-60.872398   -19.02262438  0.009637686  0.01494465
-60.735298   -18.97978063  0.009638144  0.0155239
-60.598202   -18.93693813  0.009638584  0.01610315
-60.461102   -18.89409438  0.009871277  0.01679825
-60.324001   -18.85125031  0.009871763  0.017377499
-60.186901   -18.80840656  0.009988367  0.0180726
-60.049801   -18.76556281  0.009988845  0.0189994
-59.912701   -18.72271906  0.010105458  0.0199262
-59.7756     -18.679875    0.010222097  0.0210847
-59.6385     -18.63703125  0.01022259   0.022127351
-59.5014     -18.5941875   0.010339232  0.023285851
-59.3643     -18.55134375  0.0104559    0.024444349
-59.2272     -18.5085      0.010572588  0.0257187
-59.090099   -18.46565594  0.010573107  0.0266455
-58.952999   -18.42281219  0.010689794  0.0275723
-58.815899   -18.37996844  0.010690308  0.028614949
-58.678799   -18.33712469  0.010923208  0.0296576
-58.541698   -18.29428063  0.010923758  0.03070025
-58.404598   -18.25143688  0.011040493  0.031742901
-58.267502   -18.20859438  0.01104103   0.032669701
-58.130402   -18.16575063  0.01115777   0.03371235
-57.993301   -18.12290656  0.01139077   0.034754999
-57.856201   -18.08006281  0.011391358  0.035797652
-57.719101   -18.03721906  0.011508155  0.037071999
-57.582001   -17.99437531  0.011624976  0.038230501
-57.444901   -17.95153156  0.011741815  0.039388999
-57.3078     -17.9086875   0.011858672  0.04066335
-57.1707     -17.86584375  0.011975546  0.041821849
-57.0336     -17.823       0.01220871   0.042980351
-56.8965     -17.78015625  0.012325658  0.044138849
-56.759399   -17.73731219  0.012442612  0.0454132
-56.622299   -17.69446844  0.012559578  0.046571702
-56.485199   -17.65162469  0.012676558  0.047846049
-56.348099   -17.60878094  0.012909858  0.049004551
-56.210999   -17.56593719  0.01302691   0.050394751
-56.073898   -17.52309313  0.013143967  0.0514374
-55.936798   -17.48024938  0.01337736   0.052595899
-55.799702   -17.43740688  0.013494486  0.05387025
-55.662601   -17.39456281  0.013727953  0.055144601
-55.525501   -17.35171906  0.013728791  0.056418952
-55.388401   -17.30887531  0.013962282  0.05757745
-55.251301   -17.26603156  0.014079488  0.058735952
-55.114201   -17.22318781  0.014313064  0.05989445
-54.9771     -17.18034375  0.01443033   0.061052948
-54.84       -17.1375      0.01466398   0.06221145
-54.7029     -17.09465625  0.014664917  0.063254103
-54.5658     -17.0518125   0.014898588  0.064296752
-54.428699   -17.00896844  0.015015934  0.065223552
-54.291599   -16.96612469  0.015016872  0.066150352
-54.154499   -16.92328094  0.015250598  0.066961303
-54.017399   -16.88043719  0.015367979  0.067656398
-53.880299   -16.83759344  0.015368936  0.0683515
-53.743198   -16.79474938  0.015486287  0.068699047
-53.606098   -16.75190563  0.015603661  0.069162451
-53.469002   -16.70906313  0.015604603  0.069509998
-53.331902   -16.66621938  0.015605505  0.069741704
-53.194801   -16.62337531  0.015722846  0.070089251
-53.057701   -16.58053156  0.015840219  0.070552647
-52.920601   -16.53768781  0.015841139  0.071247749
-52.783501   -16.49484406  0.015958509  0.071942851
-52.6464     -16.452       0.01607591   0.072637953
-52.5093     -16.40915625  0.016193336  0.073564753
-52.3722     -16.3663125   0.016194277  0.074491553
-52.2351     -16.32346875  0.016428205  0.075650051
-52.098      -16.280625    0.016662222  0.077040248
-51.960899   -16.23778094  0.016779783  0.078430451
-51.823799   -16.19493719  0.017013882  0.080052353
-51.686699   -16.15209344  0.017248053  0.081674248
-51.549599   -16.10924969  0.017482286  0.083411999
-51.412498   -16.06640563  0.017716579  0.08514975
-51.275398   -16.02356188  0.017950928  0.086771652
-51.138302   -15.98071938  0.018185333  0.088393547
-51.001202   -15.93787563  0.018419793  0.090015449
-50.864101   -15.89503156  0.018654306  0.091637351
-50.727001   -15.85218781  0.019005471  0.093259253
-50.589901   -15.80934406  0.019240153  0.094997004
-50.452801   -15.76650031  0.019474872  0.096850596
-50.315701   -15.72365656  0.019826265  0.098704197
-50.1786     -15.6808125   0.020061144  0.1005578
-50.0415     -15.63796875  0.020529348  0.10229555
-49.9044     -15.595125    0.020764438  0.1040333
-49.7673     -15.55228125  0.021116212  0.10553935
-49.630199   -15.50943719  0.021468098  0.1070454
-49.493099   -15.46659344  0.02182009   0.1084356
-49.355999   -15.42374969  0.022172188  0.10970995
-49.218899   -15.38090594  0.02240768   0.1109843
-49.081799   -15.33806219  0.02275991   0.11202695
-48.944698   -15.29521813  0.023112259  0.11318545
-48.807598   -15.25237438  0.023347977  0.11434395
-48.670502   -15.20953188  0.023700465  0.1153866
-48.533401   -15.16668781  0.023936315  0.1163134
-48.396301   -15.12384406  0.024288961  0.1172402
-48.259201   -15.08100031  0.024641731  0.11781945
-48.122101   -15.03815656  0.024877822  0.1183987
-47.985001   -14.99531281  0.025113929  0.1186304
-47.8479     -14.95246875  0.025350075  0.11897795
-47.7108     -14.909625    0.02558626   0.1190938
-47.5737     -14.86678125  0.025822495  0.11920965
-47.4366     -14.8239375   0.026058774  0.1195572
-47.2995     -14.78109375  0.026411972  0.1200206
-47.162399   -14.73824969  0.026648434  0.120484
-47.025299   -14.69540594  0.02711871   0.12106325
-46.888199   -14.65256219  0.027355413  0.1218742
-46.751099   -14.60971844  0.027825957  0.122801
-46.613998   -14.56687438  0.028062873  0.12361195
-46.476898   -14.52403063  0.028533672  0.1246546
-46.339802   -14.48118813  0.028887745  0.1255814
-46.202702   -14.43834438  0.029358884  0.1267399
-46.065601   -14.39550031  0.029830234  0.12778255
-45.928501   -14.35265656  0.030184783  0.1290569
-45.791401   -14.30981281  0.030773429  0.13033125
-45.654301   -14.26696906  0.031245366  0.1316056
-45.5172     -14.224125    0.031834511  0.1327641
-45.3801     -14.18128125  0.032306893  0.13392261
-45.243      -14.1384375   0.032896504  0.13496526
-45.1059     -14.09559375  0.033369314  0.13612375
-44.9688     -14.05275     0.034076477  0.13728225
-44.831699   -14.00990594  0.034549815  0.13844074
-44.694599   -13.96706219  0.035257547  0.13971511
-44.557499   -13.92421844  0.035965689  0.14098945
-44.420399   -13.88137469  0.036674204  0.14261135
-44.283298   -13.83853063  0.037383078  0.14423326
-44.146198   -13.79568688  0.038209516  0.14585514
-44.009102   -13.75284438  0.03903645   0.1478246
-43.872002   -13.71000063  0.0399811    0.1496782
-43.734901   -13.66715656  0.04080909   0.1515318
-43.597801   -13.62431281  0.041872089  0.1533854
-43.460701   -13.58146906  0.042818529  0.15535486
-43.323601   -13.53862531  0.043765523  0.1573243
-43.186501   -13.49578156  0.044830439  0.1594096
-43.0494     -13.4529375   0.045896089  0.1614949
-42.9123     -13.41009375  0.046845045  0.16346435
-42.7752     -13.36725     0.047911973  0.16543379
-42.6381     -13.32440625  0.048979634  0.16751909
-42.500999   -13.28156219  0.050048021  0.16960441
-42.363899   -13.23871844  0.051234636  0.17180555
-42.226799   -13.19587469  0.052422158  0.1740067
-42.089699   -13.15303094  0.053610568  0.176092
-41.952599   -13.11018719  0.054799855  0.178409
-41.815498   -13.06734313  0.056107643  0.18061015
-41.678398   -13.02449938  0.057416516  0.183043
-41.541302   -12.98165688  0.058844143  0.18547586
-41.404202   -12.93881313  0.060155309  0.18814041
-41.267101   -12.89596906  0.061585255  0.19080494
-41.130001   -12.85312531  0.063134248  0.19370119
-40.992901   -12.81028156  0.064566902  0.19659746
-40.855801   -12.76743781  0.066236478  0.19960955
-40.7187     -12.72459375  0.06767197   0.2025058
-40.5816     -12.68175     0.069226569  0.20540205
-40.4445     -12.63890625  0.070782639  0.2082983
-40.3074     -12.5960625   0.072340182  0.21096285
-40.1703     -12.55321875  0.073899189  0.21374325
-40.033199   -12.51037469  0.075459685  0.21652365
-39.896099   -12.46753094  0.077021673  0.21930405
-39.758999   -12.42468719  0.078585165  0.22208445
-39.621899   -12.38184344  0.08026838   0.22486486
-39.484798   -12.33899938  0.081953415  0.22764525
-39.347698   -12.29615563  0.083640224  0.2305415
-39.210602   -12.25331313  0.085328817  0.23320605
-39.073502   -12.21046938  0.087019194  0.23598646
-38.936401   -12.16762531  0.088829801  0.23876685
-38.799301   -12.12478156  0.090642523  0.24154726
-38.662201   -12.08193781  0.092338788  0.24432765
-38.525101   -12.03909406  0.094155379  0.2469922
-38.388      -11.99625     0.095974111  0.24965675
-38.2509     -11.95340625  0.097794955  0.25220546
-38.1138     -11.9105625   0.099499178  0.25475416
-37.9767     -11.86771875  0.101323956  0.25718701
-37.8396     -11.824875    0.103150944  0.2597357
-37.702499   -11.78203094  0.104980089  0.26205271
-37.565399   -11.73918719  0.106811425  0.26448554
-37.428299   -11.69634344  0.108525933  0.26680255
-37.291199   -11.65349969  0.110361329  0.26900369
-37.154099   -11.61065594  0.112079898  0.27120486
-37.016998   -11.56781188  0.114038658  0.27329016
-36.879902   -11.52496938  0.115761706  0.2754913
-36.742802   -11.48212563  0.117605848  0.2775766
-36.605701   -11.43928156  0.119452334  0.27966189
-36.468601   -11.39643781  0.121301134  0.28186306
-36.331501   -11.35359406  0.123152251  0.28394836
-36.194401   -11.31075031  0.125244709  0.28626534
-36.057301   -11.26790656  0.127220767  0.28858235
-35.9202     -11.2250625   0.129319077  0.29113105
-35.7831     -11.18221875  0.131540141  0.29367974
-35.646      -11.139375    0.133764651  0.29646015
-35.5089     -11.09653125  0.135992516  0.29924056
-35.371799   -11.05368719  0.138343579  0.30225265
-35.234699   -11.01084344  0.140698426  0.30526474
-35.097599   -10.96799969  0.143176972  0.30827686
-34.960499   -10.92515594  0.145779748  0.34627566
-34.823399   -10.88231219  0.147606068  0.34853473
-34.686298   -10.83946813  0.149433677  0.35073587
-34.549198   -10.79662438  0.15132325   0.35287911
-34.412102   -10.75378188  0.153154893  0.35508025
-34.275002   -10.71093813  0.155109058  0.35722348
-34.137901   -10.66809406  0.15700565   0.35948256
-34.000801   -10.62525031  0.158904665  0.36162579
-33.863701   -10.58240656  0.161047397  0.36388484
-33.726601   -10.53956281  0.163012602  0.36608601
-33.5895     -10.49671875  0.16510116   0.36840299
-33.4524     -10.453875    0.167192915  0.37066206
-33.3153     -10.41103125  0.169348277  0.37292114
-33.1782     -10.3681875   0.171567522  0.37523815
-33.0411     -10.32534375  0.173790375  0.37749723
-32.903999   -10.28249969  0.176016757  0.37987214
-32.766899   -10.23965594  0.178246677  0.38218915
-32.629799   -10.19681219  0.180419471  0.38444823
-32.492699   -10.15396844  0.182716857  0.38664937
-32.355598   -10.11112438  0.184957385  0.38873467
-32.218498   -10.06828063  0.187140653  0.39064619
-32.081402   -10.02543813  0.189327143  0.39255771
-31.9443     -9.98259375   0.191456109  0.39435339
-31.807199   -9.939749688  0.193527253  0.39609116
-31.670099   -9.896905938  0.195723073  0.39777097
-31.533001   -9.854062813  0.197922409  0.39945081
-31.395901   -9.811219063  0.200125232  0.40118855
-31.258801   -9.768375313  0.202209439  0.4029263
-31.1217     -9.72553125   0.204479728  0.40466404
-30.9846     -9.6826875    0.206631681  0.40628594
-30.8475     -9.63984375   0.208786795  0.40784994
-30.7104     -9.597        0.210945169  0.40958768
-30.573299   -9.554155938  0.21310681   0.41109371
-30.436199   -9.511312188  0.215394304  0.41271561
-30.299101   -9.468469063  0.217563149  0.41433755
-30.162001   -9.425625313  0.21985792   0.41601735
-30.0249     -9.38278125   0.222095244  0.41763926
-29.8878     -9.3399375    0.224336086  0.41931906
-29.7507     -9.29709375   0.226764962  0.42105684
-29.6136     -9.25425      0.22907537   0.42296836
-29.4765     -9.21140625   0.231451076  0.4247061
-29.339399   -9.168562188  0.233954148  0.42667556
-29.202299   -9.125718438  0.236338659  0.42847121
-29.065201   -9.082875313  0.238788813  0.43038276
-28.928101   -9.040031563  0.241181541  0.43235219
-28.791      -8.9971875    0.243701829  0.4342058
-28.6539     -8.95434375   0.246103154  0.43605942
-28.5168     -8.9115       0.248508369  0.43802884
-28.3797     -8.86865625   0.250979491  0.43988246
-28.242599   -8.825812188  0.253455015  0.44185191
-28.105499   -8.782968438  0.255996885  0.4437055
-27.968399   -8.740124688  0.258605485  0.44567496
-27.831301   -8.697281563  0.261156981  0.44764441
-27.694201   -8.654437813  0.263775137  0.44967178
-27.5571     -8.61159375   0.266460417  0.45175707
-27.42       -8.56875      0.268901927  0.45366859
-27.2829     -8.52590625   0.271347045  0.45552221
-27.1458     -8.4830625    0.273858382  0.45720202
-27.008699   -8.440218438  0.276311674  0.45893976
-26.871599   -8.397374688  0.278644055  0.4606196
-26.734501   -8.354531563  0.280979659  0.46229941
-26.597401   -8.311687813  0.28331875   0.46380547
-26.4603     -8.26884375   0.28566139   0.46525359
-26.3232     -8.226        0.287819763  0.46670172
-26.1861     -8.18315625   0.290105932  0.46809193
-26.049      -8.1403125    0.292270203  0.46942419
-25.9119     -8.09746875   0.294499918  0.47081441
-25.774799   -8.054624688  0.296732937  0.47214669
-25.637699   -8.011780938  0.298969198  0.47353688
-25.500601   -7.968937813  0.301082945  0.47475329
-25.363501   -7.926094063  0.303199228  0.47602764
-25.2264     -7.88325      0.305255153  0.47718617
-25.0893     -7.84040625   0.307250415  0.47840258
-24.9522     -7.7975625    0.309310888  0.47950315
-24.8151     -7.75471875   0.311310874  0.48054579
-24.677999   -7.711874688  0.31318671   0.48147261
-24.540899   -7.669030938  0.31512734   0.48251525
-24.403799   -7.626187188  0.317006894  0.48338413
-24.266701   -7.583344063  0.318951563  0.48431093
-24.129601   -7.540500313  0.320961968  0.48541149
-23.9925     -7.49765625   0.323038552  0.48645416
-23.8554     -7.4548125    0.324991273  0.48778641
-23.7183     -7.41196875   0.327136619  0.48888701
-23.5812     -7.369125     0.329285547  0.49021927
-23.444099   -7.326280938  0.331374147  0.49137777
-23.306999   -7.283437188  0.333529142  0.49271005
-23.169901   -7.240594063  0.335687458  0.4939844
-23.032801   -7.197750313  0.337912648  0.49525875
-22.8957     -7.15490625   0.340077649  0.4965331
-22.7586     -7.1120625    0.342245633  0.49780747
-22.6215     -7.06921875   0.344416666  0.49908179
-22.4844     -7.026375     0.346590784  0.5002982
-22.3473     -6.98353125   0.34883189   0.50157255
-22.210199   -6.940687188  0.351076507  0.50273108
-22.073099   -6.897843438  0.353324503  0.50400543
-21.936001   -6.855000313  0.355575796  0.50527978
-21.798901   -6.812156563  0.357958815  0.50649619
-21.6618     -6.7693125    0.360217507  0.50782847
-21.5247     -6.72646875   0.362543525  0.50910282
-21.3876     -6.683625     0.364808839  0.51037717
-21.2505     -6.64078125   0.367141623  0.51159358
-21.1134     -6.5979375    0.369542399  0.51275212
-20.976299   -6.555093438  0.371753707  0.51391059
-20.839199   -6.512249688  0.374096513  0.515127
-20.702101   -6.469406563  0.376184683  0.51611173
-20.565001   -6.426562813  0.378403675  0.51709646
-20.4279     -6.38371875   0.380625652  0.51813912
-20.2908     -6.340875     0.382721038  0.51900798
-20.1537     -6.29803125   0.384753589  0.5198769
-20.0166     -6.2551875    0.38672303   0.52062988
-19.879499   -6.212343438  0.388758714  0.52132499
-19.742399   -6.169499688  0.390731569  0.52213597
-19.605301   -6.126656563  0.392511123  0.52271521
-19.468201   -6.083812813  0.394421039  0.52329445
-19.3311     -6.04096875   0.396202489  0.52369994
-19.194      -5.998125     0.397854396  0.52410537
-19.0569     -5.95528125   0.399506308  0.52433711
-18.9198     -5.9124375    0.401028109  0.5245688
-18.7827     -5.86959375   0.402614683  0.52480054
-18.645599   -5.826749688  0.404201554  0.52497429
-18.508499   -5.783905938  0.405658143  0.52526391
-18.371401   -5.741062813  0.407244928  0.52537978
-18.234301   -5.698219063  0.408832422  0.52561146
-18.0972     -5.655375     0.410355044  0.52584314
-17.9601     -5.61253125   0.411943317  0.52607483
-17.823      -5.5696875    0.413335653  0.52642238
-17.6859     -5.52684375   0.414924052  0.52676994
-17.5488     -5.484        0.416447767  0.52717543
-17.411699   -5.441155938  0.417971811  0.52758092
-17.274599   -5.398312188  0.419627669  0.52798635
-17.137501   -5.355469063  0.421219129  0.52850771
-17.000401   -5.312625313  0.422811184  0.52897114
-16.8633     -5.26978125   0.424469784  0.52960825
-16.7262     -5.2269375    0.426129553  0.53012961
-16.5891     -5.18409375   0.427790346  0.53082472
-16.452      -5.14125      0.429518068  0.53134602
-16.314899   -5.098405938  0.431181146  0.53180945
-16.177799   -5.055562188  0.432712913  0.53244662
-16.040701   -5.012719063  0.434376847  0.53285205
-15.9036     -4.969875     0.436041798  0.53343135
-15.7665     -4.92703125   0.437575303  0.53401059
-15.6294     -4.8841875    0.439241261  0.53453189
-15.4923     -4.84134375   0.440775669  0.53499532
-15.3552     -4.7985       0.442376477  0.53551662
-15.2181     -4.75565625   0.443845127  0.53592211
-15.081      -4.7128125    0.445313472  0.5363276
-14.9439     -4.66996875   0.446781636  0.53679097
-14.8068     -4.627125     0.448249766  0.53725439
-14.6697     -4.58428125   0.449651343  0.53754401
-14.5326     -4.5414375    0.450985908  0.53800744
-14.3955     -4.49859375   0.452319702  0.53841287
-14.2584     -4.45575      0.453586243  0.53864461
-14.1213     -4.41290625   0.454785194  0.53899211
-13.9842     -4.3700625    0.455982853  0.53910798
-13.8471     -4.32721875   0.457112677  0.53928173
-13.71       -4.284375     0.45830789   0.53951347
-13.5729     -4.24153125   0.459234975  0.53962928
-13.4358     -4.1986875    0.460293249  0.53962928
-13.2987     -4.15584375   0.461350266  0.53957134
-13.1616     -4.113        0.462205207  0.53951347
-13.0245     -4.07015625   0.462990605  0.53928173
-12.8874     -4.0273125    0.463706449  0.53910798
-12.7503     -3.98446875   0.464419541  0.5388763
-12.6132     -3.941625     0.464995963  0.53858668
-12.4761     -3.89878125   0.465636336  0.53823912
-12.339      -3.8559375    0.466207117  0.53789157
-12.2019     -3.81309375   0.466775123  0.53742814
-12.0648     -3.77025      0.467340539  0.53713852
-11.9277     -3.72740625   0.467836257  0.53679097
-11.7906     -3.6845625    0.468463691  0.5363276
-11.6535     -3.64171875   0.468954744  0.53597999
-11.5164     -3.598875     0.469308371  0.53551662
-11.3793     -3.55603125   0.469793432  0.53499532
-11.2422     -3.5131875    0.470343651  0.53447396
-11.1051     -3.47034375   0.470824594  0.53406852
-10.968      -3.4275       0.471370638  0.53372097
-10.8309     -3.38465625   0.471982329  0.53331548
-10.6938     -3.3418125    0.47272754   0.53302586
-10.5567     -3.29896875   0.473404348  0.53290999
-10.4196     -3.256125     0.47401213   0.53262037
-10.2825     -3.21328125   0.474753257  0.53244656
-10.1454     -3.1704375    0.475358106  0.53227282
-10.0083     -3.12759375   0.47609633   0.53215694
-9.8711996   -3.084749875  0.476765825  0.53209907
-9.7341003   -3.041906344  0.477569165  0.53204113
-9.5970001   -2.999062531  0.478371672  0.53204113
-9.4598999   -2.956218719  0.479105443  0.53204113
-9.3227997   -2.913374906  0.479905622  0.53209907
-9.1857004   -2.870531375  0.480704701  0.53209907
-9.0486002   -2.827687563  0.481434828  0.532157
-8.9115      -2.78484375   0.482231318  0.532157
-8.7743998   -2.741999938  0.482890863  0.53215694
-8.6372995   -2.699156094  0.483616449  0.53215694
-8.5002003   -2.656312594  0.484272706  0.53209907
-8.3631001   -2.613468781  0.484859182  0.53209907
-8.2259998   -2.570624938  0.485443603  0.53204113
-8.0888996   -2.527781125  0.486026098  0.53186733
-7.9517999   -2.484937469  0.486470592  0.53180945
-7.8147001   -2.442093781  0.486980665  0.53157771
-7.6775999   -2.399249969  0.487488776  0.53140396
-7.5405002   -2.356406313  0.487858732  0.53123015
-7.4033999   -2.313562469  0.488294188  0.53099847
-7.2663002   -2.270718813  0.488659438  0.53082472
-7.1292      -2.227875     0.489022316  0.53047717
-6.9920998   -2.185031188  0.489382941  0.53036129
-6.855       -2.1421875    0.48960488   0.53001374
-6.7178998   -2.099343688  0.489824075  0.52983999
-6.5808001   -2.056500031  0.489972414  0.52955037
-6.4436998   -2.013656188  0.4901863    0.52926069
-6.3066001   -1.970812531  0.490192901  0.5289132
-6.1694999   -1.927968719  0.490264695  0.52850771
-6.0324001   -1.885125031  0.49040219   0.52816015
-5.8952999   -1.842281219  0.490469141  0.52775466
-5.7582002   -1.799437563  0.490465152  0.52740711
-5.6210999   -1.756593719  0.490732082  0.52717543
-5.4840002   -1.713750063  0.490723901  0.52688581
-5.3469      -1.67090625   0.4909183    0.52653825
-5.2097998   -1.628062438  0.491110986  0.52630657
-5.0727      -1.58521875   0.491096461  0.52607483
-4.9355998   -1.542374938  0.491353277  0.52578521
-4.7985001   -1.499531281  0.491471746  0.52561146
-4.6613998   -1.456687438  0.491793776  0.52537978
-4.5243001   -1.413843781  0.492046092  0.52532184
-4.3871999   -1.370999969  0.492296827  0.52514803
-4.2501001   -1.328156281  0.49254603   0.52491635
-4.1129999   -1.285312469  0.492793643  0.52491635
-3.9758999   -1.242468719  0.493108341  0.52480048
-3.8388      -1.199625     0.493421768  0.5247426
-3.7017      -1.15678125   0.493802535  0.52474254
-3.5646      -1.1139375    0.494319529  0.52480048
-3.4275      -1.07109375   0.494767181  0.52491635
-3.2904      -1.02825      0.495625919  0.52549559
-3.1533      -0.98540625   0.496004099  0.52561146
-3.0162001   -0.942562531  0.496518156  0.52572733
-2.8791001   -0.899718781  0.496962624  0.52584314
-2.7420001   -0.856875031  0.497543546  0.52595901
-2.6048999   -0.814031219  0.498123901  0.52613276
-2.4677999   -0.771187469  0.498634948  0.52642238
-2.3306999   -0.728343719  0.499145266  0.52653825
-2.1935999   -0.685499969  0.499654982  0.526712
-2.0565      -0.64265625   0.500095396  0.52694374
-1.9194      -0.5998125    0.500604119  0.52711749
-1.7823      -0.55696875   0.501112685  0.5272913
-1.6452      -0.514125     0.501552521  0.52752298
-1.5081      -0.47128125   0.502130167  0.52775466
-1.3710001   -0.428437531  0.502502055  0.52792847
-1.2339      -0.38559375   0.503012355  0.52816015
-1.0968      -0.34275      0.503386528  0.52821809
-0.95969999  -0.299906247  0.503693773  0.5283339
-0.82260001  -0.257062503  0.503934984  0.5283339
-0.68550003  -0.214218759  0.50431836   0.52839184
-0.54839998  -0.171374994  0.504501582  0.52839184
-0.4113      -0.12853125   0.504625677  0.5283339
-0.27419999  -0.085687497  0.504835216  0.52839184
-0.1371      -0.04284375   0.504939093  0.52839184
0            0             0.505349678  0.52827603
0.1371       0.04284375    0.504939093  0.52839184
0.27419999   0.085687497   0.504835216  0.52839184
0.4113       0.12853125    0.504625677  0.5283339
0.54839998   0.171374994   0.504501582  0.52839184
0.68550003   0.214218759   0.50431836   0.52839184
0.82260001   0.257062503   0.503934984  0.5283339
0.95969999   0.299906247   0.503693773  0.5283339
1.0968       0.34275       0.503386528  0.52821809
1.2339       0.38559375    0.503012355  0.52816015
1.3710001    0.428437531   0.502502055  0.52792847
1.5081       0.47128125    0.502130167  0.52775466
1.6452       0.514125      0.501552521  0.52752298
1.7823       0.55696875    0.501112685  0.5272913
1.9194       0.5998125     0.500604119  0.52711749
2.0565       0.64265625    0.500095396  0.52694374
2.1935999    0.685499969   0.499654982  0.526712
2.3306999    0.728343719   0.499145266  0.52653825
2.4677999    0.771187469   0.498634948  0.52642238
2.6048999    0.814031219   0.498123901  0.52613276
2.7420001    0.856875031   0.497543546  0.52595901
2.8791001    0.899718781   0.496962624  0.52584314
3.0162001    0.942562531   0.496518156  0.52572733
3.1533       0.98540625    0.496004099  0.52561146
3.2904       1.02825       0.495625919  0.52549559
3.4275       1.07109375    0.494767181  0.52491635
3.5646       1.1139375     0.494319529  0.52480048
3.7017       1.15678125    0.493802535  0.52474254
3.8388       1.199625      0.493421768  0.5247426
3.9758999    1.242468719   0.493108341  0.52480048
4.1129999    1.285312469   0.492793643  0.52491635
4.2501001    1.328156281   0.49254603   0.52491635
4.3871999    1.370999969   0.492296827  0.52514803
4.5243001    1.413843781   0.492046092  0.52532184
4.6613998    1.456687438   0.491793776  0.52537978
4.7985001    1.499531281   0.491471746  0.52561146
4.9355998    1.542374938   0.491353277  0.52578521
5.0727       1.58521875    0.491096461  0.52607483
5.2097998    1.628062438   0.491110986  0.52630657
5.3469       1.67090625    0.4909183    0.52653825
5.4840002    1.713750063   0.490723901  0.52688581
5.6210999    1.756593719   0.490732082  0.52717543
5.7582002    1.799437563   0.490465152  0.52740711
5.8952999    1.842281219   0.490469141  0.52775466
6.0324001    1.885125031   0.49040219   0.52816015
6.1694999    1.927968719   0.490264695  0.52850771
6.3066001    1.970812531   0.490192901  0.5289132
6.4436998    2.013656188   0.4901863    0.52926069
6.5808001    2.056500031   0.489972414  0.52955037
6.7178998    2.099343688   0.489824075  0.52983999
6.855        2.1421875     0.48960488   0.53001374
6.9920998    2.185031188   0.489382941  0.53036129
7.1292       2.227875      0.489022316  0.53047717
7.2663002    2.270718813   0.488659438  0.53082472
7.4033999    2.313562469   0.488294188  0.53099847
7.5405002    2.356406313   0.487858732  0.53123015
7.6775999    2.399249969   0.487488776  0.53140396
7.8147001    2.442093781   0.486980665  0.53157771
7.9517999    2.484937469   0.486470592  0.53180945
8.0888996    2.527781125   0.486026098  0.53186733
8.2259998    2.570624938   0.485443603  0.53204113
8.3631001    2.613468781   0.484859182  0.53209907
8.5002003    2.656312594   0.484272706  0.53209907
8.6372995    2.699156094   0.483616449  0.53215694
8.7743998    2.741999938   0.482890863  0.53215694
8.9115       2.78484375    0.482231318  0.532157
9.0486002    2.827687563   0.481434828  0.532157
9.1857004    2.870531375   0.480704701  0.53209907
9.3227997    2.913374906   0.479905622  0.53209907
9.4598999    2.956218719   0.479105443  0.53204113
9.5970001    2.999062531   0.478371672  0.53204113
9.7341003    3.041906344   0.477569165  0.53204113
9.8711996    3.084749875   0.476765825  0.53209907
10.0083      3.12759375    0.47609633   0.53215694
10.1454      3.1704375     0.475358106  0.53227282
10.2825      3.21328125    0.474753257  0.53244656
10.4196      3.256125      0.47401213   0.53262037
10.5567      3.29896875    0.473404348  0.53290999
10.6938      3.3418125     0.47272754   0.53302586
10.8309      3.38465625    0.471982329  0.53331548
10.968       3.4275        0.471370638  0.53372097
11.1051      3.47034375    0.470824594  0.53406852
11.2422      3.5131875     0.470343651  0.53447396
11.3793      3.55603125    0.469793432  0.53499532
11.5164      3.598875      0.469308371  0.53551662
11.6535      3.64171875    0.468954744  0.53597999
11.7906      3.6845625     0.468463691  0.5363276
11.9277      3.72740625    0.467836257  0.53679097
12.0648      3.77025       0.467340539  0.53713852
12.2019      3.81309375    0.466775123  0.53742814
12.339       3.8559375     0.466207117  0.53789157
12.4761      3.89878125    0.465636336  0.53823912
12.6132      3.941625      0.464995963  0.53858668
12.7503      3.98446875    0.464419541  0.5388763
12.8874      4.0273125     0.463706449  0.53910798
13.0245      4.07015625    0.462990605  0.53928173
13.1616      4.113         0.462205207  0.53951347
13.2987      4.15584375    0.461350266  0.53957134
13.4358      4.1986875     0.460293249  0.53962928
13.5729      4.24153125    0.459234975  0.53962928
13.71        4.284375      0.45830789   0.53951347
13.8471      4.32721875    0.457112677  0.53928173
13.9842      4.3700625     0.455982853  0.53910798
14.1213      4.41290625    0.454785194  0.53899211
14.2584      4.45575       0.453586243  0.53864461
14.3955      4.49859375    0.452319702  0.53841287
14.5326      4.5414375     0.450985908  0.53800744
14.6697      4.58428125    0.449651343  0.53754401
14.8068      4.627125      0.448249766  0.53725439
14.9439      4.66996875    0.446781636  0.53679097
15.081       4.7128125     0.445313472  0.5363276
15.2181      4.75565625    0.443845127  0.53592211
15.3552      4.7985        0.442376477  0.53551662
15.4923      4.84134375    0.440775669  0.53499532
15.6294      4.8841875     0.439241261  0.53453189
15.7665      4.92703125    0.437575303  0.53401059
15.9036      4.969875      0.436041798  0.53343135
16.040701    5.012719063   0.434376847  0.53285205
16.177799    5.055562188   0.432712913  0.53244662
16.314899    5.098405938   0.431181146  0.53180945
16.452       5.14125       0.429518068  0.53134602
16.5891      5.18409375    0.427790346  0.53082472
16.7262      5.2269375     0.426129553  0.53012961
16.8633      5.26978125    0.424469784  0.52960825
17.000401    5.312625313   0.422811184  0.52897114
17.137501    5.355469063   0.421219129  0.52850771
17.274599    5.398312188   0.419627669  0.52798635
17.411699    5.441155938   0.417971811  0.52758092
17.5488      5.484         0.416447767  0.52717543
17.6859      5.52684375    0.414924052  0.52676994
17.823       5.5696875     0.413335653  0.52642238
17.9601      5.61253125    0.411943317  0.52607483
18.0972      5.655375      0.410355044  0.52584314
18.234301    5.698219063   0.408832422  0.52561146
18.371401    5.741062813   0.407244928  0.52537978
18.508499    5.783905938   0.405658143  0.52526391
18.645599    5.826749688   0.404201554  0.52497429
18.7827      5.86959375    0.402614683  0.52480054
18.9198      5.9124375     0.401028109  0.5245688
19.0569      5.95528125    0.399506308  0.52433711
19.194       5.998125      0.397854396  0.52410537
19.3311      6.04096875    0.396202489  0.52369994
19.468201    6.083812813   0.394421039  0.52329445
19.605301    6.126656563   0.392511123  0.52271521
19.742399    6.169499688   0.390731569  0.52213597
19.879499    6.212343438   0.388758714  0.52132499
20.0166      6.2551875     0.38672303   0.52062988
20.1537      6.29803125    0.384753589  0.5198769
20.2908      6.340875      0.382721038  0.51900798
20.4279      6.38371875    0.380625652  0.51813912
20.565001    6.426562813   0.378403675  0.51709646
20.702101    6.469406563   0.376184683  0.51611173
20.839199    6.512249688   0.374096513  0.515127
20.976299    6.555093438   0.371753707  0.51391059
21.1134      6.5979375     0.369542399  0.51275212
21.2505      6.64078125    0.367141623  0.51159358
21.3876      6.683625      0.364808839  0.51037717
21.5247      6.72646875    0.362543525  0.50910282
21.6618      6.7693125     0.360217507  0.50782847
21.798901    6.812156563   0.357958815  0.50649619
21.936001    6.855000313   0.355575796  0.50527978
22.073099    6.897843438   0.353324503  0.50400543
22.210199    6.940687188   0.351076507  0.50273108
22.3473      6.98353125    0.34883189   0.50157255
22.4844      7.026375      0.346590784  0.5002982
22.6215      7.06921875    0.344416666  0.49908179
22.7586      7.1120625     0.342245633  0.49780747
22.8957      7.15490625    0.340077649  0.4965331
23.032801    7.197750313   0.337912648  0.49525875
23.169901    7.240594063   0.335687458  0.4939844
23.306999    7.283437188   0.333529142  0.49271005
23.444099    7.326280938   0.331374147  0.49137777
23.5812      7.369125      0.329285547  0.49021927
23.7183      7.41196875    0.327136619  0.48888701
23.8554      7.4548125     0.324991273  0.48778641
23.9925      7.49765625    0.323038552  0.48645416
24.129601    7.540500313   0.320961968  0.48541149
24.266701    7.583344063   0.318951563  0.48431093
24.403799    7.626187188   0.317006894  0.48338413
24.540899    7.669030938   0.31512734   0.48251525
24.677999    7.711874688   0.31318671   0.48147261
24.8151      7.75471875    0.311310874  0.48054579
24.9522      7.7975625     0.309310888  0.47950315
25.0893      7.84040625    0.307250415  0.47840258
25.2264      7.88325       0.305255153  0.47718617
25.363501    7.926094063   0.303199228  0.47602764
25.500601    7.968937813   0.301082945  0.47475329
25.637699    8.011780938   0.298969198  0.47353688
25.774799    8.054624688   0.296732937  0.47214669
25.9119      8.09746875    0.294499918  0.47081441
26.049       8.1403125     0.292270203  0.46942419
26.1861      8.18315625    0.290105932  0.46809193
26.3232      8.226         0.287819763  0.46670172
26.4603      8.26884375    0.28566139   0.46525359
26.597401    8.311687813   0.28331875   0.46380547
26.734501    8.354531563   0.280979659  0.46229941
26.871599    8.397374688   0.278644055  0.4606196
27.008699    8.440218438   0.276311674  0.45893976
27.1458      8.4830625     0.273858382  0.45720202
27.2829      8.52590625    0.271347045  0.45552221
27.42        8.56875       0.268901927  0.45366859
27.5571      8.61159375    0.266460417  0.45175707
27.694201    8.654437813   0.263775137  0.44967178
27.831301    8.697281563   0.261156981  0.44764441
27.968399    8.740124688   0.258605485  0.44567496
28.105499    8.782968438   0.255996885  0.4437055
28.242599    8.825812188   0.253455015  0.44185191
28.3797      8.86865625    0.250979491  0.43988246
28.5168      8.9115        0.248508369  0.43802884
28.6539      8.95434375    0.246103154  0.43605942
28.791       8.9971875     0.243701829  0.4342058
28.928101    9.040031563   0.241181541  0.43235219
29.065201    9.082875313   0.238788813  0.43038276
29.202299    9.125718438   0.236338659  0.42847121
29.339399    9.168562188   0.233954148  0.42667556
29.4765      9.21140625    0.231451076  0.4247061
29.6136      9.25425       0.22907537   0.42296836
29.7507      9.29709375    0.226764962  0.42105684
29.8878      9.3399375     0.224336086  0.41931906
30.0249      9.38278125    0.222095244  0.41763926
30.162001    9.425625313   0.21985792   0.41601735
30.299101    9.468469063   0.217563149  0.41433755
30.436199    9.511312188   0.215394304  0.41271561
30.573299    9.554155938   0.21310681   0.41109371
30.7104      9.597         0.210945169  0.40958768
30.8475      9.63984375    0.208786795  0.40784994
30.9846      9.6826875     0.206631681  0.40628594
31.1217      9.72553125    0.204479728  0.40466404
31.258801    9.768375313   0.202209439  0.4029263
31.395901    9.811219063   0.200125232  0.40118855
31.533001    9.854062813   0.197922409  0.39945081
31.670099    9.896905938   0.195723073  0.39777097
31.807199    9.939749688   0.193527253  0.39609116
31.9443      9.98259375    0.191456109  0.39435339
32.081402    10.02543813   0.189327143  0.39255771
32.218498    10.06828063   0.187140653  0.39064619
32.355598    10.11112438   0.184957385  0.38873467
32.492699    10.15396844   0.182716857  0.38664937
32.629799    10.19681219   0.180419471  0.38444823
32.766899    10.23965594   0.178246677  0.38218915
32.903999    10.28249969   0.176016757  0.37987214
33.0411      10.32534375   0.173790375  0.37749723
33.1782      10.3681875    0.171567522  0.37523815
33.3153      10.41103125   0.169348277  0.37292114
33.4524      10.453875     0.167192915  0.37066206
33.5895      10.49671875   0.16510116   0.36840299
33.726601    10.53956281   0.163012602  0.36608601
33.863701    10.58240656   0.161047397  0.36388484
34.000801    10.62525031   0.158904665  0.36162579
34.137901    10.66809406   0.15700565   0.35948256
34.275002    10.71093813   0.155109058  0.35722348
34.412102    10.75378188   0.153154893  0.35508025
34.549198    10.79662438   0.15132325   0.35287911
34.686298    10.83946813   0.149433677  0.35073587
34.823399    10.88231219   0.147606068  0.34853473
34.960499    10.92515594   0.145779748  0.34627566
35.097599    10.96799969   0.143176972  0.30827686
35.234699    11.01084344   0.140698426  0.30526474
35.371799    11.05368719   0.138343579  0.30225265
35.5089      11.09653125   0.135992516  0.29924056
35.646       11.139375     0.133764651  0.29646015
35.7831      11.18221875   0.131540141  0.29367974
35.9202      11.2250625    0.129319077  0.29113105
36.057301    11.26790656   0.127220767  0.28858235
36.194401    11.31075031   0.125244709  0.28626534
36.331501    11.35359406   0.123152251  0.28394836
36.468601    11.39643781   0.121301134  0.28186306
36.605701    11.43928156   0.119452334  0.27966189
36.742802    11.48212563   0.117605848  0.2775766
36.879902    11.52496938   0.115761706  0.2754913
37.016998    11.56781188   0.114038658  0.27329016
37.154099    11.61065594   0.112079898  0.27120486
37.291199    11.65349969   0.110361329  0.26900369
37.428299    11.69634344   0.108525933  0.26680255
37.565399    11.73918719   0.106811425  0.26448554
37.702499    11.78203094   0.104980089  0.26205271
37.8396      11.824875     0.103150944  0.2597357
37.9767      11.86771875   0.101323956  0.25718701
38.1138      11.9105625    0.099499178  0.25475416
38.2509      11.95340625   0.097794955  0.25220546
38.388       11.99625      0.095974111  0.24965675
38.525101    12.03909406   0.094155379  0.2469922
38.662201    12.08193781   0.092338788  0.24432765
38.799301    12.12478156   0.090642523  0.24154726
38.936401    12.16762531   0.088829801  0.23876685
39.073502    12.21046938   0.087019194  0.23598646
39.210602    12.25331313   0.085328817  0.23320605
39.347698    12.29615563   0.083640224  0.2305415
39.484798    12.33899938   0.081953415  0.22764525
39.621899    12.38184344   0.08026838   0.22486486
39.758999    12.42468719   0.078585165  0.22208445
39.896099    12.46753094   0.077021673  0.21930405
40.033199    12.51037469   0.075459685  0.21652365
40.1703      12.55321875   0.073899189  0.21374325
40.3074      12.5960625    0.072340182  0.21096285
40.4445      12.63890625   0.070782639  0.2082983
40.5816      12.68175      0.069226569  0.20540205
40.7187      12.72459375   0.06767197   0.2025058
40.855801    12.76743781   0.066236478  0.19960955
40.992901    12.81028156   0.064566902  0.19659746
41.130001    12.85312531   0.063134248  0.19370119
41.267101    12.89596906   0.061585255  0.19080494
41.404202    12.93881313   0.060155309  0.18814041
41.541302    12.98165688   0.058844143  0.18547586
41.678398    13.02449938   0.057416516  0.183043
41.815498    13.06734313   0.056107643  0.18061015
41.952599    13.11018719   0.054799855  0.178409
42.089699    13.15303094   0.053610568  0.176092
42.226799    13.19587469   0.052422158  0.1740067
42.363899    13.23871844   0.051234636  0.17180555
42.500999    13.28156219   0.050048021  0.16960441
42.6381      13.32440625   0.048979634  0.16751909
42.7752      13.36725      0.047911973  0.16543379
42.9123      13.41009375   0.046845045  0.16346435
43.0494      13.4529375    0.045896089  0.1614949
43.186501    13.49578156   0.044830439  0.1594096
43.323601    13.53862531   0.043765523  0.1573243
43.460701    13.58146906   0.042818529  0.15535486
43.597801    13.62431281   0.041872089  0.1533854
43.734901    13.66715656   0.04080909   0.1515318
43.872002    13.71000063   0.0399811    0.1496782
44.009102    13.75284438   0.03903645   0.1478246
44.146198    13.79568688   0.038209516  0.14585514
44.283298    13.83853063   0.037383078  0.14423326
44.420399    13.88137469   0.036674204  0.14261135
44.557499    13.92421844   0.035965689  0.14098945
44.694599    13.96706219   0.035257547  0.13971511
44.831699    14.00990594   0.034549815  0.13844074
44.9688      14.05275      0.034076477  0.13728225
45.1059      14.09559375   0.033369314  0.13612375
45.243       14.1384375    0.032896504  0.13496526
45.3801      14.18128125   0.032306893  0.13392261
45.5172      14.224125     0.031834511  0.1327641
45.654301    14.26696906   0.031245366  0.1316056
45.791401    14.30981281   0.030773429  0.13033125
45.928501    14.35265656   0.030184783  0.1290569
46.065601    14.39550031   0.029830234  0.12778255
46.202702    14.43834438   0.029358884  0.1267399
46.339802    14.48118813   0.028887745  0.1255814
46.476898    14.52403063   0.028533672  0.1246546
46.613998    14.56687438   0.028062873  0.12361195
46.751099    14.60971844   0.027825957  0.122801
46.888199    14.65256219   0.027355413  0.1218742
47.025299    14.69540594   0.02711871   0.12106325
47.162399    14.73824969   0.026648434  0.120484
47.2995      14.78109375   0.026411972  0.1200206
47.4366      14.8239375    0.026058774  0.1195572
47.5737      14.86678125   0.025822495  0.11920965
47.7108      14.909625     0.02558626   0.1190938
47.8479      14.95246875   0.025350075  0.11897795
47.985001    14.99531281   0.025113929  0.1186304
48.122101    15.03815656   0.024877822  0.1183987
48.259201    15.08100031   0.024641731  0.11781945
48.396301    15.12384406   0.024288961  0.1172402
48.533401    15.16668781   0.023936315  0.1163134
48.670502    15.20953188   0.023700465  0.1153866
48.807598    15.25237438   0.023347977  0.11434395
48.944698    15.29521813   0.023112259  0.11318545
49.081799    15.33806219   0.02275991   0.11202695
49.218899    15.38090594   0.02240768   0.1109843
49.355999    15.42374969   0.022172188  0.10970995
49.493099    15.46659344   0.02182009   0.1084356
49.630199    15.50943719   0.021468098  0.1070454
49.7673      15.55228125   0.021116212  0.10553935
49.9044      15.595125     0.020764438  0.1040333
50.0415      15.63796875   0.020529348  0.10229555
50.1786      15.6808125    0.020061144  0.1005578
50.315701    15.72365656   0.019826265  0.098704197
50.452801    15.76650031   0.019474872  0.096850596
50.589901    15.80934406   0.019240153  0.094997004
50.727001    15.85218781   0.019005471  0.093259253
50.864101    15.89503156   0.018654306  0.091637351
51.001202    15.93787563   0.018419793  0.090015449
51.138302    15.98071938   0.018185333  0.088393547
51.275398    16.02356188   0.017950928  0.086771652
51.412498    16.06640563   0.017716579  0.08514975
51.549599    16.10924969   0.017482286  0.083411999
51.686699    16.15209344   0.017248053  0.081674248
51.823799    16.19493719   0.017013882  0.080052353
51.960899    16.23778094   0.016779783  0.078430451
52.098       16.280625     0.016662222  0.077040248
52.2351      16.32346875   0.016428205  0.075650051
52.3722      16.3663125    0.016194277  0.074491553
52.5093      16.40915625   0.016193336  0.073564753
52.6464      16.452        0.01607591   0.072637953
52.783501    16.49484406   0.015958509  0.071942851
52.920601    16.53768781   0.015841139  0.071247749
53.057701    16.58053156   0.015840219  0.070552647
53.194801    16.62337531   0.015722846  0.070089251
53.331902    16.66621938   0.015605505  0.069741704
53.469002    16.70906313   0.015604603  0.069509998
53.606098    16.75190563   0.015603661  0.069162451
53.743198    16.79474938   0.015486287  0.068699047
53.880299    16.83759344   0.015368936  0.0683515
54.017399    16.88043719   0.015367979  0.067656398
54.154499    16.92328094   0.015250598  0.066961303
54.291599    16.96612469   0.015016872  0.066150352
54.428699    17.00896844   0.015015934  0.065223552
54.5658      17.0518125    0.014898588  0.064296752
54.7029      17.09465625   0.014664917  0.063254103
54.84        17.1375       0.01466398   0.06221145
54.9771      17.18034375   0.01443033   0.061052948
55.114201    17.22318781   0.014313064  0.05989445
55.251301    17.26603156   0.014079488  0.058735952
55.388401    17.30887531   0.013962282  0.05757745
55.525501    17.35171906   0.013728791  0.056418952
55.662601    17.39456281   0.013727953  0.055144601
55.799702    17.43740688   0.013494486  0.05387025
55.936798    17.48024938   0.01337736   0.052595899
56.073898    17.52309313   0.013143967  0.0514374
56.210999    17.56593719   0.01302691   0.050394751
56.348099    17.60878094   0.012909858  0.049004551
56.485199    17.65162469   0.012676558  0.047846049
56.622299    17.69446844   0.012559578  0.046571702
56.759399    17.73731219   0.012442612  0.0454132
56.8965      17.78015625   0.012325658  0.044138849
57.0336      17.823        0.01220871   0.042980351
57.1707      17.86584375   0.011975546  0.041821849
57.3078      17.9086875    0.011858672  0.04066335
57.444901    17.95153156   0.011741815  0.039388999
57.582001    17.99437531   0.011624976  0.038230501
57.719101    18.03721906   0.011508155  0.037071999
57.856201    18.08006281   0.011391358  0.035797652
57.993301    18.12290656   0.01139077   0.034754999
58.130402    18.16575063   0.01115777   0.03371235
58.267502    18.20859438   0.01104103   0.032669701
58.404598    18.25143688   0.011040493  0.031742901
58.541698    18.29428063   0.010923758  0.03070025
58.678799    18.33712469   0.010923208  0.0296576
58.815899    18.37996844   0.010690308  0.028614949
58.952999    18.42281219   0.010689794  0.0275723
59.090099    18.46565594   0.010573107  0.0266455
59.2272      18.5085       0.010572588  0.0257187
59.3643      18.55134375   0.0104559    0.024444349
59.5014      18.5941875    0.010339232  0.023285851
59.6385      18.63703125   0.01022259   0.022127351
59.7756      18.679875     0.010222097  0.0210847
59.912701    18.72271906   0.010105458  0.0199262
60.049801    18.76556281   0.009988845  0.0189994
60.186901    18.80840656   0.009988367  0.0180726
60.324001    18.85125031   0.009871763  0.017377499
60.461102    18.89409438   0.009871277  0.01679825
60.598202    18.93693813   0.009638584  0.01610315
60.735298    18.97978063   0.009638144  0.0155239
60.872398    19.02262438   0.009637686  0.01494465
61.009499    19.06546844   0.009521134  0.0145971
61.146599    19.10831219   0.009520682  0.01401785
61.283699    19.15115594   0.009404149  0.0136703
61.420799    19.19399969   0.009403714  0.01332275
61.557899    19.23684344   0.009403267  0.0129752
61.695       19.2796875    0.009286765  0.01285935
61.8321      19.32253125   0.009402405  0.0127435
61.9692      19.365375     0.009518003  0.0129752
62.1063      19.40821875   0.009633551  0.0132069
62.243401    19.45106281   0.009749038  0.01332275
62.380501    19.49390656   0.009748435  0.01355445
62.517601    19.53675031   0.009747804  0.0136703
62.654701    19.57959406   0.009747135  0.01378615
62.791801    19.62243781   0.00963043   0.01378615
62.928902    19.66528188   0.009629708  0.01355445
63.066002    19.70812563   0.009396968  0.0134386
63.203098    19.75096813   0.009164268  0.0132069
63.340199    19.79381219   0.009047567  0.0129752
63.477299    19.83665594   0.008814887  0.0127435
63.614399    19.87949969   0.008466287  0.01262765
63.751499    19.92234344   0.00823369   0.0122801
63.888599    19.96518719   0.007769254  0.0118167
64.025703    20.00803219   0.007536775  0.01123745
64.162804    20.05087625   0.007188397  0.0106582
64.299896    20.0937175    0.006840075  0.0099631
64.436996    20.13656125   0.006375907  0.009268
64.574097    20.17940531   0.006027727  0.0085729
64.711197    20.22224906   0.005679596  0.00776195
64.848297    20.26509281   0.005215629  0.006951
64.985397    20.30793656   0.00475174   0.00614005
65.122498    20.35078063   0.004287926  0.0053291
65.259598    20.39362438   0.003940052  0.0044023
65.396698    20.43646813   0.003476354  0.0037072
65.533798    20.47931188   0.003128579  0.0027804
65.670898    20.52215563   0.002664984  0.0020853
65.807999    20.56499969   0.002317296  0.00127435
65.945099    20.60784344   0.00196964   0.0009268
66.082199    20.65068719   0.001622012  0.0006951
66.219299    20.69353094   0.001274409  0.0004634
66.3564      20.736375     0.000926827  0.0002317
66.4935      20.77921875   0.00069511   0.00011585
66.6306      20.8220625    0.000463401  0
66.7677      20.86490625   0.00011585   0
66.9048      20.90775      0            0
67.041901    20.95059406   0            0
67.179001    20.99343781   0            0
67.316101    21.03628156   0            0
67.453201    21.07912531   0            0
67.590302    21.12196938   0            0
67.727402    21.16481313   0            0
67.864502    21.20765688   0            0
68.001602    21.25050063   0            0
68.138702    21.29334438   0            0
68.275803    21.33618844   0            0
68.412903    21.37903219   0            0
68.550003    21.42187594   0            0
68.687103    21.46471969   0            0
68.824203    21.50756344   0            0
68.961304    21.5504075    0            0
69.098396    21.59324875   0            0
69.235497    21.63609281   0            0
69.372597    21.67893656   0            0
69.509697    21.72178031   0            0
69.646797    21.76462406   0            0
69.783897    21.80746781   0            0
69.920998    21.85031188   0            0
70.058098    21.89315563   0            0
70.195198    21.93599938   0            0
70.332298    21.97884313   0            0
70.469398    22.02168688   0            0
70.606499    22.06453094   0            0
70.743599    22.10737469   0            0
70.880699    22.15021844   0            0
71.017799    22.19306219   0            0
71.1549      22.23590625   0            0
71.292       22.27875      0            0
71.4291      22.32159375   0            0
71.5662      22.3644375    0            0
71.7033      22.40728125   0            0
71.840401    22.45012531   0            0
71.977501    22.49296906   0            0
72.114601    22.53581281   0            0
72.251701    22.57865656   0            0
72.388802    22.62150063   0            0
72.525902    22.66434438   0            0
72.663002    22.70718813   0            0
72.800102    22.75003188   0            0
72.937202    22.79287563   0            0
73.074303    22.83571969   0            0
73.211403    22.87856344   0            0
73.348503    22.92140719   0            0
73.485603    22.96425094   0            0
73.622704    23.007095     0            0
73.759804    23.04993875   0            0
73.896896    23.09278      0            0
74.033997    23.13562406   0            0
74.171097    23.17846781   0            0
74.308197    23.22131156   0            0
74.445297    23.26415531   0            0
74.582397    23.30699906   0            0
74.719498    23.34984313   0            0
74.856598    23.39268688   0            0
74.993698    23.43553063   0            0
75.130798    23.47837438   0            0
75.267899    23.52121844   0            0
75.404999    23.56406219   0            0
75.542099    23.60690594   0            0
75.679199    23.64974969   0            0
75.816299    23.69259344   0            0
75.9534      23.7354375    0            0
76.0905      23.77828125   0            0
76.2276      23.821125     0            0
76.3647      23.86396875   0            0
76.501801    23.90681281   0            0
76.638901    23.94965656   0            0
76.776001    23.99250031   0            0
76.913101    24.03534406   0            0
77.050201    24.07818781   0            0
77.187302    24.12103188   0            0
77.324402    24.16387563   0            0
77.461502    24.20671938   0            0
77.598602    24.24956313   0            0
77.735703    24.29240719   0            0
77.872803    24.33525094   0            0
78.009903    24.37809469   0            0
78.147003    24.42093844   0            0
78.284103    24.46378219   0            0
78.421204    24.50662625   0            0
78.558296    24.5494675    0            0
78.695396    24.59231125   0            0
78.832497    24.63515531   0            0
78.969597    24.67799906   0            0
79.106697    24.72084281   0            0
79.243797    24.76368656   0            0
79.380898    24.80653063   0            0
79.517998    24.84937438   0            0
79.655098    24.89221813   0            0
79.792198    24.93506188   0            0
79.929298    24.97790563   0            0
