#    r         (mm)  r/D  T(K)  std  T  (K)
-50  -15.625   1610  99
-45  -14.0625  1617  96
-40  -12.5     1622  106
-35  -10.9375  1626  98
-30  -9.375    1628  96
-25  -7.8125   1623  97
-20  -6.25     1611  92
-15  -4.6875   1593  90
-10  -3.125    1572  90
-5   -1.5625   1543  88
0    0         1527  87
5    1.5625    1524  85
10   3.125     1533  86
15   4.6875    1549  89
20   6.25      1569  90
25   7.8125    1593  90
30   9.375     1605  93
35   10.9375   1614  99
40   12.5      1615  111
45   14.0625   1622  106
50   15.625    1615  118
