#    r         (mm)  r/D  T(K)  std  T  (K)
-50  -15.625   1606  97
-45  -14.0625  1616  98
-40  -12.5     1620  101
-35  -10.9375  1626  101
-30  -9.375    1626  98
-25  -7.8125   1622  94
-20  -6.25     1610  92
-15  -4.6875   1595  90
-10  -3.125    1574  89
-5   -1.5625   1552  87
0    0         1538  86
5    1.5625    1533  84
10   3.125     1539  86
15   4.6875    1552  87
20   6.25      1571  92
25   7.8125    1590  89
30   9.375     1604  89
35   10.9375   1612  92
40   12.5      1618  95
45   14.0625   1606  119
50   15.625    1616  101
