#            x/D           =            132.8125  ~   133    
#            r             (mm)         r/D       fv  (ppm)  rms_fv
-79.929298   -24.97790563  0            0
-79.792198   -24.93506188  0            0
-79.655098   -24.89221813  0            0
-79.517998   -24.84937438  0            0
-79.380898   -24.80653063  0            0
-79.243797   -24.76368656  0            0
-79.106697   -24.72084281  0            0
-78.969597   -24.67799906  0            0
-78.832497   -24.63515531  0            0
-78.695396   -24.59231125  0            0
-78.558296   -24.5494675   0            0
-78.421204   -24.50662625  0            0
-78.284103   -24.46378219  0            0
-78.147003   -24.42093844  0            0
-78.009903   -24.37809469  0            0
-77.872803   -24.33525094  0            0
-77.735703   -24.29240719  0            0
-77.598602   -24.24956313  0            0
-77.461502   -24.20671938  0            0
-77.324402   -24.16387563  0            0
-77.187302   -24.12103188  0            0
-77.050201   -24.07818781  0            0
-76.913101   -24.03534406  0            0
-76.776001   -23.99250031  0            0
-76.638901   -23.94965656  0            0
-76.501801   -23.90681281  0            0
-76.3647     -23.86396875  0            0
-76.2276     -23.821125    0            0
-76.0905     -23.77828125  0            0
-75.9534     -23.7354375   0            0
-75.816299   -23.69259344  0            0
-75.679199   -23.64974969  0            0
-75.542099   -23.60690594  0            0
-75.404999   -23.56406219  0            0
-75.267899   -23.52121844  0            0
-75.130798   -23.47837438  0            0
-74.993698   -23.43553063  0            0
-74.856598   -23.39268688  0            0
-74.719498   -23.34984313  0            0
-74.582397   -23.30699906  0            0
-74.445297   -23.26415531  0            0
-74.308197   -23.22131156  0            0
-74.171097   -23.17846781  0            0
-74.033997   -23.13562406  0            0
-73.896896   -23.09278     0            0
-73.759804   -23.04993875  0            0
-73.622704   -23.007095    0            0
-73.485603   -22.96425094  0            0
-73.348503   -22.92140719  0            0
-73.211403   -22.87856344  0            0
-73.074303   -22.83571969  0            0
-72.937202   -22.79287563  0            0
-72.800102   -22.75003188  0            0
-72.663002   -22.70718813  0            0
-72.525902   -22.66434438  0            0
-72.388802   -22.62150063  0            0
-72.251701   -22.57865656  0            0
-72.114601   -22.53581281  0            0
-71.977501   -22.49296906  0            0
-71.840401   -22.45012531  0            0
-71.7033     -22.40728125  0            0
-71.5662     -22.3644375   0            0
-71.4291     -22.32159375  0            0
-71.292      -22.27875     0            0
-71.1549     -22.23590625  0            0
-71.017799   -22.19306219  0            0
-70.880699   -22.15021844  0            0
-70.743599   -22.10737469  0            0
-70.606499   -22.06453094  0            0
-70.469398   -22.02168688  0            0
-70.332298   -21.97884313  0            0
-70.195198   -21.93599938  0            0
-70.058098   -21.89315563  0            0
-69.920998   -21.85031188  0            0
-69.783897   -21.80746781  0            0
-69.646797   -21.76462406  0            0
-69.509697   -21.72178031  0            0
-69.372597   -21.67893656  0            0
-69.235497   -21.63609281  0            0
-69.098396   -21.59324875  0            0
-68.961304   -21.5504075   0            0
-68.824203   -21.50756344  0            0
-68.687103   -21.46471969  0            0
-68.550003   -21.42187594  0            0
-68.412903   -21.37903219  0            0
-68.275803   -21.33618844  0            0
-68.138702   -21.29334438  0            0
-68.001602   -21.25050063  0            0
-67.864502   -21.20765688  0            0
-67.727402   -21.16481313  0            0
-67.590302   -21.12196938  0            0
-67.453201   -21.07912531  0            0
-67.316101   -21.03628156  0            0
-67.179001   -20.99343781  0            0
-67.041901   -20.95059406  0            0
-66.9048     -20.90775     0.00011585   0.00057925
-66.7677     -20.86490625  0.000231701  0.0011585
-66.6306     -20.8220625   0.000579255  0.00196945
-66.4935     -20.77921875  0.001042672  0.0037072
-66.3564     -20.736375    0.001506115  0.0053291
-66.219299   -20.69353094  0.001853734  0.00729855
-66.082199   -20.65068719  0.002433104  0.009268
-65.945099   -20.60784344  0.002896672  0.01123745
-65.807999   -20.56499969  0.003360292  0.0134386
-65.670898   -20.52215563  0.00393985   0.01563975
-65.533798   -20.47931188  0.004635382  0.0178409
-65.396698   -20.43646813  0.005099258  0.020042051
-65.259598   -20.39362438  0.005679104  0.0220115
-65.122498   -20.35078063  0.006259064  0.0240968
-64.985397   -20.30793656  0.006839141  0.026297949
-64.848297   -20.26509281  0.007303415  0.0282674
-64.711197   -20.22224906  0.007999651  0.03046855
-64.574097   -20.17940531  0.008464177  0.032437999
-64.436996   -20.13656125  0.009160709  0.034523301
-64.299896   -20.0937175   0.009625504  0.036608599
-64.162804   -20.05087625  0.010206374  0.038578048
-64.025703   -20.00803219  0.010671411  0.04066335
-63.888599   -19.96518719  0.011252558  0.042748649
-63.751499   -19.92234344  0.01171786   0.044718102
-63.614399   -19.87949969  0.012299303  0.046571702
-63.477299   -19.83665594  0.012764885  0.048425298
-63.340199   -19.79381219  0.013114525  0.050163049
-63.203098   -19.75096813  0.013580292  0.052016649
-63.066002   -19.70812563  0.013930112  0.0537544
-62.928902   -19.66528188  0.014163901  0.055608001
-62.791801   -19.62243781  0.014513808  0.057345752
-62.654701   -19.57959406  0.014747683  0.05896765
-62.517601   -19.53675031  0.014981576  0.06035785
-62.380501   -19.49390656  0.015099349  0.06174805
-62.243401   -19.45106281  0.015100926  0.063022397
-62.1063     -19.40821875  0.015218588  0.063833348
-61.9692     -19.365375    0.015103884  0.064644299
-61.8321     -19.32253125  0.014989047  0.065107703
-61.695      -19.2796875   0.015106512  0.066150352
-61.557899   -19.23684344  0.015224018  0.068235651
-61.420799   -19.19399969  0.015573991  0.070436798
-61.283699   -19.15115594  0.01580788   0.072406247
-61.146599   -19.10831219  0.01592558   0.074375696
-61.009499   -19.06546844  0.016159524  0.076113448
-60.872398   -19.02262438  0.016393536  0.077851199
-60.735298   -18.97978063  0.016511331  0.07958895
-60.598202   -18.93693813  0.016629116  0.080979154
-60.461102   -18.89409438  0.016863197  0.082253501
-60.324001   -18.85125031  0.016981043  0.08329615
-60.186901   -18.80840656  0.017098881  0.084107101
-60.049801   -18.76556281  0.017216723  0.084802203
-59.912701   -18.72271906  0.017334572  0.085381448
-59.7756     -18.679875    0.017452426  0.085729003
-59.6385     -18.63703125  0.017453932  0.085729003
-59.5014     -18.5941875   0.017571746  0.085729003
-59.3643     -18.55134375  0.017456829  0.085381448
-59.2272     -18.5085      0.017574566  0.085033901
-59.090099   -18.46565594  0.017575952  0.084454648
-58.952999   -18.42281219  0.017460891  0.083643697
-58.815899   -18.37996844  0.017578558  0.082948603
-58.678799   -18.33712469  0.017579858  0.082253501
-58.541698   -18.29428063  0.017464694  0.081558399
-58.404598   -18.25143688  0.017465876  0.080863297
-58.267502   -18.20859438  0.017583497  0.080168203
-58.130402   -18.16575063  0.017584716  0.079473101
-57.993301   -18.12290656  0.017585905  0.079009697
-57.856201   -18.08006281  0.017703543  0.078430451
-57.719101   -18.03721906  0.017704748  0.077967048
-57.582001   -17.99437531  0.017822408  0.0776195
-57.444901   -17.95153156  0.017823616  0.077271953
-57.3078     -17.9086875   0.017941291  0.077156097
-57.1707     -17.86584375  0.017942499  0.076924399
-57.0336     -17.823       0.018060188  0.076924399
-56.8965     -17.78015625  0.01817792   0.077040248
-56.759399   -17.73731219  0.018412216  0.077387802
-56.622299   -17.69446844  0.018530066  0.077851199
-56.485199   -17.65162469  0.018647927  0.078546301
-56.348099   -17.60878094  0.018765806  0.079125553
-56.210999   -17.56593719  0.019000267  0.079936497
-56.073898   -17.52309313  0.019234822  0.080747448
-55.936798   -17.48024938  0.019352867  0.081558399
-55.799702   -17.43740688  0.019587502  0.08236935
-55.662601   -17.39456281  0.019822219  0.083180301
-55.525501   -17.35171906  0.019940396  0.084107101
-55.388401   -17.30887531  0.020175188  0.085033901
-55.251301   -17.26603156  0.020410055  0.08607655
-55.114201   -17.22318781  0.020528357  0.087350897
-54.9771     -17.18034375  0.020763295  0.088509403
-54.84       -17.1375      0.020881653  0.089667901
-54.7029     -17.09465625  0.021233339  0.090942249
-54.5658     -17.0518125   0.02135183   0.092100747
-54.428699   -17.00896844  0.021586985  0.093143404
-54.291599   -16.96612469  0.021705516  0.094070204
-54.154499   -16.92328094  0.021940741  0.094765298
-54.017399   -16.88043719  0.022059332  0.095344551
-53.880299   -16.83759344  0.022177909  0.095923796
-53.743198   -16.79474938  0.022296487  0.096271351
-53.606098   -16.75190563  0.022415074  0.096734747
-53.469002   -16.70906313  0.022533669  0.097198151
-53.331902   -16.66621938  0.022652273  0.097545698
-53.194801   -16.62337531  0.02277089   0.098009102
-53.057701   -16.58053156  0.022889522  0.098472498
-52.920601   -16.53768781  0.023008168  0.098935902
-52.783501   -16.49484406  0.023126826  0.099630997
-52.6464     -16.452       0.023245499  0.1000944
-52.5093     -16.40915625  0.02336419   0.10067365
-52.3722     -16.3663125   0.023599726  0.10136875
-52.2351     -16.32346875  0.023601681  0.10206385
-52.098      -16.280625    0.02383725   0.1028748
-51.960899   -16.23778094  0.023956071  0.1038016
-51.823799   -16.19493719  0.024074892  0.10461255
-51.686699   -16.15209344  0.024310603  0.10553935
-51.549599   -16.10924969  0.024546412  0.10646615
-51.412498   -16.06640563  0.024665404  0.1075088
-51.275398   -16.02356188  0.024901295  0.10855145
-51.138302   -15.98071938  0.02525419   0.1095941
-51.001202   -15.93787563  0.025490325  0.1107526
-50.864101   -15.89503156  0.025843453  0.11202695
-50.727001   -15.85218781  0.026079781  0.11341715
-50.589901   -15.80934406  0.026550076  0.11503905
-50.452801   -15.76650031  0.026903644  0.11666095
-50.315701   -15.72365656  0.02737431   0.11851455
-50.1786     -15.6808125   0.027845194  0.1207157
-50.0415     -15.63796875  0.028433289  0.12291685
-49.9044     -15.595125    0.029021683  0.12546556
-49.7673     -15.55228125  0.029610354  0.1278984
-49.630199   -15.50943719  0.030316341  0.1306788
-49.493099   -15.46659344  0.031022709  0.13334335
-49.355999   -15.42374969  0.031612347  0.13600791
-49.218899   -15.38090594  0.032319313  0.13867246
-49.081799   -15.33806219  0.033026652  0.14133701
-48.944698   -15.29521813  0.033734341  0.14400154
-48.807598   -15.25237438  0.034442385  0.14655025
-48.670502   -15.20953188  0.035150775  0.14898311
-48.533401   -15.16668781  0.035859519  0.15118425
-48.396301   -15.12384406  0.036568616  0.15326954
-48.259201   -15.08100031  0.037160835  0.15512314
-48.122101   -15.03815656  0.037987768  0.1568609
-47.985001   -14.99531281  0.038580697  0.15859865
-47.8479     -14.95246875  0.039291109  0.16033641
-47.7108     -14.909625    0.040119218  0.16195831
-47.5737     -14.86678125  0.040713191  0.16358019
-47.4366     -14.8239375   0.041424711  0.16531795
-47.2995     -14.78109375  0.04213662   0.16693985
-47.162399   -14.73824969  0.042731516  0.16856176
-47.025299   -14.69540594  0.043444056  0.17018364
-46.888199   -14.65256219  0.044039565  0.1716897
-46.751099   -14.60971844  0.044870234  0.17307989
-46.613998   -14.56687438  0.045466519  0.17435426
-46.476898   -14.52403063  0.046063013  0.1756286
-46.339802   -14.48118813  0.046542229  0.17678709
-46.202702   -14.43834438  0.047256654  0.17806146
-46.065601   -14.39550031  0.04785398   0.17921995
-45.928501   -14.35265656  0.048451571  0.18049429
-45.791401   -14.30981281  0.048931821  0.1816528
-45.654301   -14.26696906  0.04964748   0.183043
-45.5172     -14.224125    0.050245977  0.18443321
-45.3801     -14.18128125  0.050844748  0.18593925
-45.243      -14.1384375   0.051561532  0.1874453
-45.1059     -14.09559375  0.052161058  0.1888355
-44.9688     -14.05275     0.05287862   0.19034155
-44.831699   -14.00990594  0.053478858  0.19184759
-44.694599   -13.96706219  0.054197185  0.19346949
-44.557499   -13.92421844  0.055033835  0.19497555
-44.420399   -13.88137469  0.055753262  0.1967133
-44.283298   -13.83853063  0.056708886  0.19845106
-44.146198   -13.79568688  0.057429485  0.20030466
-44.009102   -13.75284438  0.058268391  0.20192654
-43.872002   -13.71000063  0.059225881  0.20354845
-43.734901   -13.66715656  0.059948147  0.2052862
-43.597801   -13.62431281  0.06090681   0.20690811
-43.460701   -13.58146906  0.061866283  0.20887755
-43.323601   -13.53862531  0.062826512  0.21073115
-43.186501   -13.49578156  0.063905601  0.21258475
-43.0494     -13.4529375   0.064867487  0.21455421
-42.9123     -13.41009375  0.06594824   0.21640781
-42.7752     -13.36725     0.067029929  0.21826141
-42.6381     -13.32440625  0.068230769  0.21999915
-42.500999   -13.28156219  0.069196181  0.22196861
-42.363899   -13.23871844  0.070398811  0.22359049
-42.226799   -13.19587469  0.071484263  0.2252124
-42.089699   -13.15303094  0.07268894   0.2268343
-41.952599   -13.11018719  0.073776323  0.22834034
-41.815498   -13.06734313  0.074982994  0.2298464
-41.678398   -13.02449938  0.07607231   0.23112075
-41.541302   -12.98165688  0.077162449  0.23251095
-41.404202   -12.93881313  0.078372023  0.23366944
-41.267101   -12.89596906  0.079345548  0.23494381
-41.130001   -12.85312531  0.080556924  0.23621815
-40.992901   -12.81028156  0.081769511  0.2374925
-40.855801   -12.76743781  0.082983252  0.23876685
-40.7187     -12.72459375  0.084198114  0.24015705
-40.5816     -12.68175     0.085532892  0.24154726
-40.4445     -12.63890625  0.08686909   0.24293745
-40.3074     -12.5960625   0.088087757  0.24432765
-40.1703     -12.55321875  0.089426399  0.24583369
-40.033199   -12.51037469  0.090766434  0.2474556
-39.896099   -12.46753094  0.092107819  0.2490775
-39.758999   -12.42468719  0.093569604  0.2506994
-39.621899   -12.38184344  0.094913956  0.25220546
-39.484798   -12.33899938  0.096259593  0.25371149
-39.347698   -12.29615563  0.097606554  0.25533339
-39.210602   -12.25331313  0.099074084  0.2569553
-39.073502   -12.21046938  0.100543296  0.25869304
-38.936401   -12.16762531  0.10201413   0.26043081
-38.799301   -12.12478156  0.103605947  0.2622844
-38.662201   -12.08193781  0.105199711  0.26413801
-38.525101   -12.03909406  0.106914834  0.26622331
-38.388      -11.99625     0.108512672  0.26819274
-38.2509     -11.95340625  0.110231869  0.27027804
-38.1138     -11.9105625   0.112192482  0.27236336
-37.9767     -11.86771875  0.113916675  0.27468035
-37.8396     -11.824875    0.115882284  0.27699736
-37.702499   -11.78203094  0.117730962  0.27931434
-37.565399   -11.73918719  0.119581998  0.28163135
-37.428299   -11.69634344  0.121555277  0.2840642
-37.291199   -11.65349969  0.123771212  0.28672874
-37.154099   -11.61065594  0.125870707  0.28950915
-37.016998   -11.56781188  0.128093251  0.2924054
-36.879902   -11.52496938  0.1303192    0.29541749
-36.742802   -11.48212563  0.132668662  0.29842961
-36.605701   -11.43928156  0.135021912  0.30155754
-36.468601   -11.39643781  0.137499142  0.30480134
-36.331501   -11.35359406  0.139860146  0.30804515
-36.194401   -11.31075031  0.142465581  0.31128895
-36.057301   -11.26790656  0.145075597  0.31441689
-35.9202     -11.2250625   0.14756949   0.31754485
-35.7831     -11.18221875  0.150187943  0.32067281
-35.646      -11.139375    0.152810873  0.32380074
-35.5089     -11.09653125  0.155559046  0.32704455
-35.371799   -11.05368719  0.158191319  0.33040419
-35.234699   -11.01084344  0.16106978   0.33399555
-35.097599   -10.96799969  0.163832745  0.33758691
-34.960499   -10.92515594  0.166055706  0.37964046
-34.823399   -10.88231219  0.16815991   0.38201538
-34.686298   -10.83946813  0.170266451  0.38450614
-34.549198   -10.79662438  0.17237563   0.38705486
-34.412102   -10.75378188  0.174548308  0.38960356
-34.275002   -10.71093813  0.17678489   0.39215225
-34.137901   -10.66809406  0.179024955  0.39470094
-34.000801   -10.62525031  0.181329293  0.39736551
-33.863701   -10.58240656  0.1836374    0.39997211
-33.726601   -10.53956281  0.186071027  0.40257874
-33.5895     -10.49671875  0.188508967  0.40530121
-33.4524     -10.453875    0.191012118  0.40790784
-33.3153     -10.41103125  0.193519775  0.41063032
-33.1782     -10.3681875   0.196031877  0.41306317
-33.0411     -10.32534375  0.198609491  0.41561186
-32.903999   -10.28249969  0.201130713  0.41810265
-32.766899   -10.23965594  0.203839836  0.4205355
-32.629799   -10.19681219  0.206309455  0.4230842
-32.492699   -10.15396844  0.209028054  0.42545912
-32.355598   -10.11112438  0.211568137  0.42777613
-32.218498   -10.06828063  0.214051176  0.43009314
-32.081402   -10.02543813  0.216599647  0.43235222
-31.9443     -9.98259375   0.219091228  0.43443751
-31.807199   -9.939749688  0.221464026  0.43646488
-31.670099   -9.896905938  0.223778893  0.4383764
-31.533001   -9.854062813  0.226158756  0.44034585
-31.395901   -9.811219063  0.228480933  0.44219944
-31.258801   -9.768375313  0.230806694  0.44411096
-31.1217     -9.72553125   0.233074465  0.44573286
-30.9846     -9.6826875    0.235345642  0.44752854
-30.8475     -9.63984375   0.237743926  0.44926631
-30.7104     -9.597        0.240022822  0.45094612
-30.573299   -9.554155938  0.242367071  0.45256802
-30.436199   -9.511312188  0.244653364  0.45418993
-30.299101   -9.468469063  0.247129179  0.45586973
-30.162001   -9.425625313  0.249547749  0.45749167
-30.0249     -9.38278125   0.251970509  0.45917147
-29.8878     -9.3399375    0.254521777  0.46102509
-29.7507     -9.29709375   0.257078038  0.46276283
-29.6136     -9.25425      0.259639151  0.46455848
-29.4765     -9.21140625   0.262267312  0.46647003
-29.339399   -9.168562188  0.264838338  0.46838155
-29.202299   -9.125718438  0.26747641   0.47046685
-29.065201   -9.082875313  0.270119599  0.47249421
-28.928101   -9.040031563  0.272767844  0.47463745
-28.791      -8.9971875    0.275421123  0.47666481
-28.6539     -8.95434375   0.277954317  0.47875014
-28.5168     -8.9115       0.280491698  0.4807196
-28.3797     -8.86865625   0.283158801  0.48280486
-28.242599   -8.825812188  0.285705759  0.48483226
-28.105499   -8.782968438  0.288194273  0.48674378
-27.968399   -8.740124688  0.290749648  0.4886553
-27.831301   -8.697281563  0.293183871  0.49056682
-27.694201   -8.654437813  0.29568476   0.49253628
-27.5571     -8.61159375   0.298189991  0.49450573
-27.42       -8.56875      0.300762586  0.4965331
-27.2829     -8.52590625   0.303339962  0.49856046
-27.1458     -8.4830625    0.305922052  0.50058782
-27.008699   -8.440218438  0.308382478  0.50249934
-26.871599   -8.397374688  0.310846729  0.50452673
-26.734501   -8.354531563  0.313378263  0.50626451
-26.597401   -8.311687813  0.315787677  0.50806016
-26.4603     -8.26884375   0.318137301  0.5099138
-26.3232     -8.226        0.320490256  0.51170945
-26.1861     -8.18315625   0.322910201  0.5135051
-26.049      -8.1403125    0.32520713   0.51524287
-25.9119     -8.09746875   0.327634287  0.51686478
-25.774799   -8.054624688  0.329811117  0.51854461
-25.637699   -8.011780938  0.331990274  0.51999271
-25.500601   -7.968937813  0.334108296  0.52144086
-25.363501   -7.926094063  0.336228698  0.52271521
-25.2264     -7.88325      0.338415457  0.52404749
-25.0893     -7.84040625   0.340477537  0.52526391
-24.9522     -7.7975625    0.342669685  0.52659619
-24.8151     -7.75471875   0.34480107   0.5278126
-24.677999   -7.711874688  0.346935177  0.52897114
-24.540899   -7.669030938  0.349008009  0.53012961
-24.403799   -7.626187188  0.351211539  0.53128809
-24.266701   -7.583344063  0.353354254  0.53244662
-24.129601   -7.540500313  0.35543557   0.53354716
-23.9925     -7.49765625   0.357583588  0.53453189
-23.8554     -7.4548125    0.359670283  0.53557456
-23.7183     -7.41196875   0.361695095  0.53644341
-23.5812     -7.369125     0.363786465  0.5373702
-23.444099   -7.326280938  0.365816055  0.53829706
-23.306999   -7.283437188  0.367847914  0.53910798
-23.169901   -7.240594063  0.369946664  0.54015064
-23.032801   -7.197750313  0.371918999  0.54119331
-22.8957     -7.15490625   0.374151993  0.54223591
-22.7586     -7.1120625    0.376324173  0.54345232
-22.6215     -7.06921875   0.378499433  0.54461086
-22.4844     -7.026375     0.380742685  0.54576933
-22.3473     -6.98353125   0.382924513  0.54686993
-22.210199   -6.940687188  0.385304199  0.54814428
-22.073099   -6.897843438  0.38768827   0.54947656
-21.936001   -6.855000313  0.390076485  0.55075091
-21.798901   -6.812156563  0.392468636  0.55219907
-21.6618     -6.7693125    0.394864707  0.55358922
-21.5247     -6.72646875   0.39726457   0.55492151
-21.3876     -6.683625     0.399537676  0.55625379
-21.2505     -6.64078125   0.401944215  0.55764401
-21.1134     -6.5979375    0.404354648  0.55891836
-20.976299   -6.555093438  0.406572606  0.56007683
-20.839199   -6.512249688  0.408923708  0.56135118
-20.702101   -6.469406563  0.411147294  0.56256759
-20.565001   -6.426562813  0.413373283  0.56372613
-20.4279     -6.38371875   0.415667467  0.5648846
-20.2908     -6.340875     0.41783344   0.56586933
-20.1537     -6.29803125   0.420067209  0.56696987
-20.0166     -6.2551875    0.422303786  0.56818634
-19.879499   -6.212343438  0.424674778  0.56940275
-19.742399   -6.169499688  0.426917741  0.57056123
-19.605301   -6.126656563  0.429097257  0.57171977
-19.468201   -6.083812813  0.431344873  0.57276237
-19.3311     -6.04096875   0.433595303  0.57380503
-19.194      -5.998125     0.435650131  0.57473189
-19.0569     -5.95528125   0.437706179  0.57565862
-18.9198     -5.9124375    0.439829919  0.5764696
-18.7827     -5.86959375   0.441823329  0.57728052
-18.645599   -5.826749688  0.443884156  0.57814944
-18.508499   -5.783905938  0.446013151  0.57907623
-18.371401   -5.741062813  0.448078103  0.58000302
-18.234301   -5.698219063  0.450344132  0.58098775
-18.0972     -5.655375     0.452413944  0.58191454
-17.9601     -5.61253125   0.454684919  0.58295721
-17.823      -5.5696875    0.456825879  0.58405775
-17.6859     -5.52684375   0.458968746  0.58510041
-17.5488     -5.484        0.461180343  0.5860272
-17.411699   -5.441155938  0.463394495  0.58706987
-17.274599   -5.398312188  0.465477495  0.58799666
-17.137501   -5.355469063  0.467762375  0.58898139
-17.000401   -5.312625313  0.469916592  0.59002405
-16.8633     -5.26978125   0.472072559  0.59095085
-16.7262     -5.2269375    0.474297436  0.5918197
-16.5891     -5.18409375   0.476323598  0.59274656
-16.452      -5.14125      0.478417613  0.59367335
-16.314899   -5.098405938  0.480513252  0.59448427
-16.177799   -5.055562188  0.482610474  0.59541106
-16.040701   -5.012719063  0.484642029  0.59622204
-15.9036     -4.969875     0.486674658  0.59703296
-15.7665     -4.92703125   0.488843153  0.59784395
-15.6294     -4.8841875    0.490946508  0.5987128
-15.4923     -4.84134375   0.493186335  0.59975541
-15.3552     -4.7985       0.495293712  0.60062432
-15.2181     -4.75565625   0.497334882  0.60137737
-15.081      -4.7128125    0.499241803  0.60207248
-14.9439     -4.66996875   0.501419252  0.60282546
-14.8068     -4.627125     0.503328378  0.60346264
-14.6697     -4.58428125   0.505305206  0.60409981
-14.5326     -4.5414375    0.507147278  0.60473698
-14.3955     -4.49859375   0.509124774  0.60525835
-14.2584     -4.45575      0.510967619  0.60583758
-14.1213     -4.41290625   0.512742492  0.60641682
-13.9842     -4.3700625    0.514381025  0.60693818
-13.8471     -4.32721875   0.516154342  0.60745949
-13.71       -4.284375     0.517791707  0.60798079
-13.5729     -4.24153125   0.519428154  0.60844421
-13.4358     -4.1986875    0.520995694  0.60879177
-13.2987     -4.15584375   0.522493958  0.6091972
-13.1616     -4.113        0.523922549  0.60948688
-13.0245     -4.07015625   0.525212892  0.6097765
-12.8874     -4.0273125    0.526569086  0.61000818
-12.7503     -3.98446875   0.527855301  0.61018193
-12.6132     -3.941625     0.529139486  0.61035573
-12.4761     -3.89878125   0.530490287  0.61064535
-12.339      -3.8559375    0.531839821  0.61093497
-12.2019     -3.81309375   0.53325662   0.61134046
-12.0648     -3.77025      0.534604098  0.61174589
-11.9277     -3.72740625   0.535881586  0.61209345
-11.7906     -3.6845625    0.537157295  0.612441
-11.6535     -3.64171875   0.538431377  0.61278856
-11.5164     -3.598875     0.539635166  0.61302024
-11.3793     -3.55603125   0.540836964  0.61330992
-11.2422     -3.5131875    0.541968139  0.61359954
-11.1051     -3.47034375   0.543097072  0.61377329
-10.968      -3.4275       0.544155035  0.61400503
-10.8309     -3.38465625   0.545348364  0.61417878
-10.6938     -3.3418125    0.54633351   0.61435258
-10.5567     -3.29896875   0.547315734  0.6144684
-10.4196     -3.256125     0.548364419  0.6146422
-10.2825     -3.21328125   0.549411125  0.61481595
-10.1454     -3.1704375    0.550524938  0.61504763
-10.0083     -3.12759375   0.551706324  0.61527938
-9.8711996   -3.084749875  0.552817377  0.61568481
-9.7341003   -3.041906344  0.553995825  0.6160903
-9.5970001   -2.999062531  0.555311448  0.61637992
-9.4598999   -2.956218719  0.556488062  0.61678541
-9.3227997   -2.913374906  0.5578709    0.61724883
-9.1857004   -2.870531375  0.559253487  0.61759633
-9.0486002   -2.827687563  0.560635502  0.61794388
-8.9115      -2.78484375   0.561947405  0.61829144
-8.7743998   -2.741999938  0.563188588  0.61858106
-8.6372995   -2.699156094  0.564497597  0.6188128
-8.5002003   -2.656312594  0.565874958  0.61916035
-8.3631001   -2.613468781  0.567182016  0.61939204
-8.2259998   -2.570624938  0.568626847  0.61968166
-8.0888996   -2.527781125  0.570001571  0.62002921
-7.9517999   -2.484937469  0.571584072  0.6204347
-7.8147001   -2.442093781  0.573027359  0.6207822
-7.6775999   -2.399249969  0.574539248  0.62124562
-7.5405002   -2.356406313  0.575911091  0.62170905
-7.4033999   -2.313562469  0.577490601  0.62211448
-7.2663002   -2.270718813  0.579069879  0.62269378
-7.1292      -2.227875     0.580648641  0.62333089
-6.9920998   -2.185031188  0.58229661   0.62396812
-6.855       -2.1421875    0.584014121  0.6246053
-6.7178998   -2.099343688  0.585661532  0.62535828
-6.5808001   -2.056500031  0.587448105  0.62611133
-6.4436998   -2.013656188  0.589024799  0.62692231
-6.3066001   -1.970812531  0.590810034  0.62773323
-6.1694999   -1.927968719  0.592455068  0.62848622
-6.0324001   -1.885125031  0.594099013  0.62941307
-5.8952999   -1.842281219  0.595811878  0.63016605
-5.7582002   -1.799437563  0.597453869  0.6309191
-5.6210999   -1.756593719  0.598954368  0.63178796
-5.4840002   -1.713750063  0.600452886  0.63248307
-5.3469      -1.67090625   0.601949522  0.63335192
-5.2097998   -1.628062438  0.603444478  0.63404703
-5.0727      -1.58521875   0.60486744   0.63485801
-4.9355998   -1.542374938  0.606288356  0.63555312
-4.7985001   -1.499531281  0.607566575  0.63636404
-4.6613998   -1.456687438  0.608771904  0.63705915
-4.5243001   -1.413843781  0.610044732  0.63769633
-4.3871999   -1.370999969  0.611244969  0.63839144
-4.2501001   -1.328156281  0.612512955  0.63908654
-4.1129999   -1.285312469  0.613637984  0.63983953
-3.9758999   -1.242468719  0.614830582  0.64053464
-3.8388      -1.199625     0.616020937  0.64134562
-3.7017      -1.15678125   0.617279429  0.64209861
-3.5646      -1.1139375    0.618535965  0.64290959
-3.4275      -1.07109375   0.619720014  0.64366257
-3.2904      -1.02825      0.621889634  0.64540035
-3.1533      -0.98540625   0.622931841  0.64603752
-3.0162001   -0.942562531  0.624040809  0.64667469
-2.8791001   -0.899718781  0.625005875  0.64731187
-2.7420001   -0.856875031  0.626179942  0.64800698
-2.6048999   -0.814031219  0.627281431  0.64864415
-2.4677999   -0.771187469  0.628168789  0.64933926
-2.3306999   -0.728343719  0.62947779   0.65009224
-2.1935999   -0.685499969  0.630503042  0.65078735
-2.0565      -0.64265625   0.631597071  0.65159833
-1.9194      -0.5998125    0.632619082  0.65240926
-1.7823      -0.55696875   0.633710594  0.65310436
-1.6452      -0.514125     0.634872166  0.65391535
-1.5081      -0.47128125   0.635892019  0.65466833
-1.3710001   -0.428437531  0.636911742  0.65536344
-1.2339      -0.38559375   0.637790294  0.65600061
-1.0968      -0.34275      0.638669888  0.65663779
-0.95969999  -0.299906247  0.639480926  0.65710121
-0.82260001  -0.257062503  0.640224736  0.65768045
-0.68550003  -0.214218759  0.640974324  0.65808594
-0.54839998  -0.171374994  0.641449432  0.65849143
-0.4113      -0.12853125   0.642080965  0.65883893
-0.27419999  -0.085687497  0.642454051  0.65901273
-0.1371      -0.04284375   0.642948354  0.65924442
0            0             0.643530928  0.65930235
0.1371       0.04284375    0.642948354  0.65924442
0.27419999   0.085687497   0.642454051  0.65901273
0.4113       0.12853125    0.642080965  0.65883893
0.54839998   0.171374994   0.641449432  0.65849143
0.68550003   0.214218759   0.640974324  0.65808594
0.82260001   0.257062503   0.640224736  0.65768045
0.95969999   0.299906247   0.639480926  0.65710121
1.0968       0.34275       0.638669888  0.65663779
1.2339       0.38559375    0.637790294  0.65600061
1.3710001    0.428437531   0.636911742  0.65536344
1.5081       0.47128125    0.635892019  0.65466833
1.6452       0.514125      0.634872166  0.65391535
1.7823       0.55696875    0.633710594  0.65310436
1.9194       0.5998125     0.632619082  0.65240926
2.0565       0.64265625    0.631597071  0.65159833
2.1935999    0.685499969   0.630503042  0.65078735
2.3306999    0.728343719   0.62947779   0.65009224
2.4677999    0.771187469   0.628168789  0.64933926
2.6048999    0.814031219   0.627281431  0.64864415
2.7420001    0.856875031   0.626179942  0.64800698
2.8791001    0.899718781   0.625005875  0.64731187
3.0162001    0.942562531   0.624040809  0.64667469
3.1533       0.98540625    0.622931841  0.64603752
3.2904       1.02825       0.621889634  0.64540035
3.4275       1.07109375    0.619720014  0.64366257
3.5646       1.1139375     0.618535965  0.64290959
3.7017       1.15678125    0.617279429  0.64209861
3.8388       1.199625      0.616020937  0.64134562
3.9758999    1.242468719   0.614830582  0.64053464
4.1129999    1.285312469   0.613637984  0.63983953
4.2501001    1.328156281   0.612512955  0.63908654
4.3871999    1.370999969   0.611244969  0.63839144
4.5243001    1.413843781   0.610044732  0.63769633
4.6613998    1.456687438   0.608771904  0.63705915
4.7985001    1.499531281   0.607566575  0.63636404
4.9355998    1.542374938   0.606288356  0.63555312
5.0727       1.58521875    0.60486744   0.63485801
5.2097998    1.628062438   0.603444478  0.63404703
5.3469       1.67090625    0.601949522  0.63335192
5.4840002    1.713750063   0.600452886  0.63248307
5.6210999    1.756593719   0.598954368  0.63178796
5.7582002    1.799437563   0.597453869  0.6309191
5.8952999    1.842281219   0.595811878  0.63016605
6.0324001    1.885125031   0.594099013  0.62941307
6.1694999    1.927968719   0.592455068  0.62848622
6.3066001    1.970812531   0.590810034  0.62773323
6.4436998    2.013656188   0.589024799  0.62692231
6.5808001    2.056500031   0.587448105  0.62611133
6.7178998    2.099343688   0.585661532  0.62535828
6.855        2.1421875     0.584014121  0.6246053
6.9920998    2.185031188   0.58229661   0.62396812
7.1292       2.227875      0.580648641  0.62333089
7.2663002    2.270718813   0.579069879  0.62269378
7.4033999    2.313562469   0.577490601  0.62211448
7.5405002    2.356406313   0.575911091  0.62170905
7.6775999    2.399249969   0.574539248  0.62124562
7.8147001    2.442093781   0.573027359  0.6207822
7.9517999    2.484937469   0.571584072  0.6204347
8.0888996    2.527781125   0.570001571  0.62002921
8.2259998    2.570624938   0.568626847  0.61968166
8.3631001    2.613468781   0.567182016  0.61939204
8.5002003    2.656312594   0.565874958  0.61916035
8.6372995    2.699156094   0.564497597  0.6188128
8.7743998    2.741999938   0.563188588  0.61858106
8.9115       2.78484375    0.561947405  0.61829144
9.0486002    2.827687563   0.560635502  0.61794388
9.1857004    2.870531375   0.559253487  0.61759633
9.3227997    2.913374906   0.5578709    0.61724883
9.4598999    2.956218719   0.556488062  0.61678541
9.5970001    2.999062531   0.555311448  0.61637992
9.7341003    3.041906344   0.553995825  0.6160903
9.8711996    3.084749875   0.552817377  0.61568481
10.0083      3.12759375    0.551706324  0.61527938
10.1454      3.1704375     0.550524938  0.61504763
10.2825      3.21328125    0.549411125  0.61481595
10.4196      3.256125      0.548364419  0.6146422
10.5567      3.29896875    0.547315734  0.6144684
10.6938      3.3418125     0.54633351   0.61435258
10.8309      3.38465625    0.545348364  0.61417878
10.968       3.4275        0.544155035  0.61400503
11.1051      3.47034375    0.543097072  0.61377329
11.2422      3.5131875     0.541968139  0.61359954
11.3793      3.55603125    0.540836964  0.61330992
11.5164      3.598875      0.539635166  0.61302024
11.6535      3.64171875    0.538431377  0.61278856
11.7906      3.6845625     0.537157295  0.612441
11.9277      3.72740625    0.535881586  0.61209345
12.0648      3.77025       0.534604098  0.61174589
12.2019      3.81309375    0.53325662   0.61134046
12.339       3.8559375     0.531839821  0.61093497
12.4761      3.89878125    0.530490287  0.61064535
12.6132      3.941625      0.529139486  0.61035573
12.7503      3.98446875    0.527855301  0.61018193
12.8874      4.0273125     0.526569086  0.61000818
13.0245      4.07015625    0.525212892  0.6097765
13.1616      4.113         0.523922549  0.60948688
13.2987      4.15584375    0.522493958  0.6091972
13.4358      4.1986875     0.520995694  0.60879177
13.5729      4.24153125    0.519428154  0.60844421
13.71        4.284375      0.517791707  0.60798079
13.8471      4.32721875    0.516154342  0.60745949
13.9842      4.3700625     0.514381025  0.60693818
14.1213      4.41290625    0.512742492  0.60641682
14.2584      4.45575       0.510967619  0.60583758
14.3955      4.49859375    0.509124774  0.60525835
14.5326      4.5414375     0.507147278  0.60473698
14.6697      4.58428125    0.505305206  0.60409981
14.8068      4.627125      0.503328378  0.60346264
14.9439      4.66996875    0.501419252  0.60282546
15.081       4.7128125     0.499241803  0.60207248
15.2181      4.75565625    0.497334882  0.60137737
15.3552      4.7985        0.495293712  0.60062432
15.4923      4.84134375    0.493186335  0.59975541
15.6294      4.8841875     0.490946508  0.5987128
15.7665      4.92703125    0.488843153  0.59784395
15.9036      4.969875      0.486674658  0.59703296
16.040701    5.012719063   0.484642029  0.59622204
16.177799    5.055562188   0.482610474  0.59541106
16.314899    5.098405938   0.480513252  0.59448427
16.452       5.14125       0.478417613  0.59367335
16.5891      5.18409375    0.476323598  0.59274656
16.7262      5.2269375     0.474297436  0.5918197
16.8633      5.26978125    0.472072559  0.59095085
17.000401    5.312625313   0.469916592  0.59002405
17.137501    5.355469063   0.467762375  0.58898139
17.274599    5.398312188   0.465477495  0.58799666
17.411699    5.441155938   0.463394495  0.58706987
17.5488      5.484         0.461180343  0.5860272
17.6859      5.52684375    0.458968746  0.58510041
17.823       5.5696875     0.456825879  0.58405775
17.9601      5.61253125    0.454684919  0.58295721
18.0972      5.655375      0.452413944  0.58191454
18.234301    5.698219063   0.450344132  0.58098775
18.371401    5.741062813   0.448078103  0.58000302
18.508499    5.783905938   0.446013151  0.57907623
18.645599    5.826749688   0.443884156  0.57814944
18.7827      5.86959375    0.441823329  0.57728052
18.9198      5.9124375     0.439829919  0.5764696
19.0569      5.95528125    0.437706179  0.57565862
19.194       5.998125      0.435650131  0.57473189
19.3311      6.04096875    0.433595303  0.57380503
19.468201    6.083812813   0.431344873  0.57276237
19.605301    6.126656563   0.429097257  0.57171977
19.742399    6.169499688   0.426917741  0.57056123
19.879499    6.212343438   0.424674778  0.56940275
20.0166      6.2551875     0.422303786  0.56818634
20.1537      6.29803125    0.420067209  0.56696987
20.2908      6.340875      0.41783344   0.56586933
20.4279      6.38371875    0.415667467  0.5648846
20.565001    6.426562813   0.413373283  0.56372613
20.702101    6.469406563   0.411147294  0.56256759
20.839199    6.512249688   0.408923708  0.56135118
20.976299    6.555093438   0.406572606  0.56007683
21.1134      6.5979375     0.404354648  0.55891836
21.2505      6.64078125    0.401944215  0.55764401
21.3876      6.683625      0.399537676  0.55625379
21.5247      6.72646875    0.39726457   0.55492151
21.6618      6.7693125     0.394864707  0.55358922
21.798901    6.812156563   0.392468636  0.55219907
21.936001    6.855000313   0.390076485  0.55075091
22.073099    6.897843438   0.38768827   0.54947656
22.210199    6.940687188   0.385304199  0.54814428
22.3473      6.98353125    0.382924513  0.54686993
22.4844      7.026375      0.380742685  0.54576933
22.6215      7.06921875    0.378499433  0.54461086
22.7586      7.1120625     0.376324173  0.54345232
22.8957      7.15490625    0.374151993  0.54223591
23.032801    7.197750313   0.371918999  0.54119331
23.169901    7.240594063   0.369946664  0.54015064
23.306999    7.283437188   0.367847914  0.53910798
23.444099    7.326280938   0.365816055  0.53829706
23.5812      7.369125      0.363786465  0.5373702
23.7183      7.41196875    0.361695095  0.53644341
23.8554      7.4548125     0.359670283  0.53557456
23.9925      7.49765625    0.357583588  0.53453189
24.129601    7.540500313   0.35543557   0.53354716
24.266701    7.583344063   0.353354254  0.53244662
24.403799    7.626187188   0.351211539  0.53128809
24.540899    7.669030938   0.349008009  0.53012961
24.677999    7.711874688   0.346935177  0.52897114
24.8151      7.75471875    0.34480107   0.5278126
24.9522      7.7975625     0.342669685  0.52659619
25.0893      7.84040625    0.340477537  0.52526391
25.2264      7.88325       0.338415457  0.52404749
25.363501    7.926094063   0.336228698  0.52271521
25.500601    7.968937813   0.334108296  0.52144086
25.637699    8.011780938   0.331990274  0.51999271
25.774799    8.054624688   0.329811117  0.51854461
25.9119      8.09746875    0.327634287  0.51686478
26.049       8.1403125     0.32520713   0.51524287
26.1861      8.18315625    0.322910201  0.5135051
26.3232      8.226         0.320490256  0.51170945
26.4603      8.26884375    0.318137301  0.5099138
26.597401    8.311687813   0.315787677  0.50806016
26.734501    8.354531563   0.313378263  0.50626451
26.871599    8.397374688   0.310846729  0.50452673
27.008699    8.440218438   0.308382478  0.50249934
27.1458      8.4830625     0.305922052  0.50058782
27.2829      8.52590625    0.303339962  0.49856046
27.42        8.56875       0.300762586  0.4965331
27.5571      8.61159375    0.298189991  0.49450573
27.694201    8.654437813   0.29568476   0.49253628
27.831301    8.697281563   0.293183871  0.49056682
27.968399    8.740124688   0.290749648  0.4886553
28.105499    8.782968438   0.288194273  0.48674378
28.242599    8.825812188   0.285705759  0.48483226
28.3797      8.86865625    0.283158801  0.48280486
28.5168      8.9115        0.280491698  0.4807196
28.6539      8.95434375    0.277954317  0.47875014
28.791       8.9971875     0.275421123  0.47666481
28.928101    9.040031563   0.272767844  0.47463745
29.065201    9.082875313   0.270119599  0.47249421
29.202299    9.125718438   0.26747641   0.47046685
29.339399    9.168562188   0.264838338  0.46838155
29.4765      9.21140625    0.262267312  0.46647003
29.6136      9.25425       0.259639151  0.46455848
29.7507      9.29709375    0.257078038  0.46276283
29.8878      9.3399375     0.254521777  0.46102509
30.0249      9.38278125    0.251970509  0.45917147
30.162001    9.425625313   0.249547749  0.45749167
30.299101    9.468469063   0.247129179  0.45586973
30.436199    9.511312188   0.244653364  0.45418993
30.573299    9.554155938   0.242367071  0.45256802
30.7104      9.597         0.240022822  0.45094612
30.8475      9.63984375    0.237743926  0.44926631
30.9846      9.6826875     0.235345642  0.44752854
31.1217      9.72553125    0.233074465  0.44573286
31.258801    9.768375313   0.230806694  0.44411096
31.395901    9.811219063   0.228480933  0.44219944
31.533001    9.854062813   0.226158756  0.44034585
31.670099    9.896905938   0.223778893  0.4383764
31.807199    9.939749688   0.221464026  0.43646488
31.9443      9.98259375    0.219091228  0.43443751
32.081402    10.02543813   0.216599647  0.43235222
32.218498    10.06828063   0.214051176  0.43009314
32.355598    10.11112438   0.211568137  0.42777613
32.492699    10.15396844   0.209028054  0.42545912
32.629799    10.19681219   0.206309455  0.4230842
32.766899    10.23965594   0.203839836  0.4205355
32.903999    10.28249969   0.201130713  0.41810265
33.0411      10.32534375   0.198609491  0.41561186
33.1782      10.3681875    0.196031877  0.41306317
33.3153      10.41103125   0.193519775  0.41063032
33.4524      10.453875     0.191012118  0.40790784
33.5895      10.49671875   0.188508967  0.40530121
33.726601    10.53956281   0.186071027  0.40257874
33.863701    10.58240656   0.1836374    0.39997211
34.000801    10.62525031   0.181329293  0.39736551
34.137901    10.66809406   0.179024955  0.39470094
34.275002    10.71093813   0.17678489   0.39215225
34.412102    10.75378188   0.174548308  0.38960356
34.549198    10.79662438   0.17237563   0.38705486
34.686298    10.83946813   0.170266451  0.38450614
34.823399    10.88231219   0.16815991   0.38201538
34.960499    10.92515594   0.166055706  0.37964046
35.097599    10.96799969   0.163832745  0.33758691
35.234699    11.01084344   0.16106978   0.33399555
35.371799    11.05368719   0.158191319  0.33040419
35.5089      11.09653125   0.155559046  0.32704455
35.646       11.139375     0.152810873  0.32380074
35.7831      11.18221875   0.150187943  0.32067281
35.9202      11.2250625    0.14756949   0.31754485
36.057301    11.26790656   0.145075597  0.31441689
36.194401    11.31075031   0.142465581  0.31128895
36.331501    11.35359406   0.139860146  0.30804515
36.468601    11.39643781   0.137499142  0.30480134
36.605701    11.43928156   0.135021912  0.30155754
36.742802    11.48212563   0.132668662  0.29842961
36.879902    11.52496938   0.1303192    0.29541749
37.016998    11.56781188   0.128093251  0.2924054
37.154099    11.61065594   0.125870707  0.28950915
37.291199    11.65349969   0.123771212  0.28672874
37.428299    11.69634344   0.121555277  0.2840642
37.565399    11.73918719   0.119581998  0.28163135
37.702499    11.78203094   0.117730962  0.27931434
37.8396      11.824875     0.115882284  0.27699736
37.9767      11.86771875   0.113916675  0.27468035
38.1138      11.9105625    0.112192482  0.27236336
38.2509      11.95340625   0.110231869  0.27027804
38.388       11.99625      0.108512672  0.26819274
38.525101    12.03909406   0.106914834  0.26622331
38.662201    12.08193781   0.105199711  0.26413801
38.799301    12.12478156   0.103605947  0.2622844
38.936401    12.16762531   0.10201413   0.26043081
39.073502    12.21046938   0.100543296  0.25869304
39.210602    12.25331313   0.099074084  0.2569553
39.347698    12.29615563   0.097606554  0.25533339
39.484798    12.33899938   0.096259593  0.25371149
39.621899    12.38184344   0.094913956  0.25220546
39.758999    12.42468719   0.093569604  0.2506994
39.896099    12.46753094   0.092107819  0.2490775
40.033199    12.51037469   0.090766434  0.2474556
40.1703      12.55321875   0.089426399  0.24583369
40.3074      12.5960625    0.088087757  0.24432765
40.4445      12.63890625   0.08686909   0.24293745
40.5816      12.68175      0.085532892  0.24154726
40.7187      12.72459375   0.084198114  0.24015705
40.855801    12.76743781   0.082983252  0.23876685
40.992901    12.81028156   0.081769511  0.2374925
41.130001    12.85312531   0.080556924  0.23621815
41.267101    12.89596906   0.079345548  0.23494381
41.404202    12.93881313   0.078372023  0.23366944
41.541302    12.98165688   0.077162449  0.23251095
41.678398    13.02449938   0.07607231   0.23112075
41.815498    13.06734313   0.074982994  0.2298464
41.952599    13.11018719   0.073776323  0.22834034
42.089699    13.15303094   0.07268894   0.2268343
42.226799    13.19587469   0.071484263  0.2252124
42.363899    13.23871844   0.070398811  0.22359049
42.500999    13.28156219   0.069196181  0.22196861
42.6381      13.32440625   0.068230769  0.21999915
42.7752      13.36725      0.067029929  0.21826141
42.9123      13.41009375   0.06594824   0.21640781
43.0494      13.4529375    0.064867487  0.21455421
43.186501    13.49578156   0.063905601  0.21258475
43.323601    13.53862531   0.062826512  0.21073115
43.460701    13.58146906   0.061866283  0.20887755
43.597801    13.62431281   0.06090681   0.20690811
43.734901    13.66715656   0.059948147  0.2052862
43.872002    13.71000063   0.059225881  0.20354845
44.009102    13.75284438   0.058268391  0.20192654
44.146198    13.79568688   0.057429485  0.20030466
44.283298    13.83853063   0.056708886  0.19845106
44.420399    13.88137469   0.055753262  0.1967133
44.557499    13.92421844   0.055033835  0.19497555
44.694599    13.96706219   0.054197185  0.19346949
44.831699    14.00990594   0.053478858  0.19184759
44.9688      14.05275      0.05287862   0.19034155
45.1059      14.09559375   0.052161058  0.1888355
45.243       14.1384375    0.051561532  0.1874453
45.3801      14.18128125   0.050844748  0.18593925
45.5172      14.224125     0.050245977  0.18443321
45.654301    14.26696906   0.04964748   0.183043
45.791401    14.30981281   0.048931821  0.1816528
45.928501    14.35265656   0.048451571  0.18049429
46.065601    14.39550031   0.04785398   0.17921995
46.202702    14.43834438   0.047256654  0.17806146
46.339802    14.48118813   0.046542229  0.17678709
46.476898    14.52403063   0.046063013  0.1756286
46.613998    14.56687438   0.045466519  0.17435426
46.751099    14.60971844   0.044870234  0.17307989
46.888199    14.65256219   0.044039565  0.1716897
47.025299    14.69540594   0.043444056  0.17018364
47.162399    14.73824969   0.042731516  0.16856176
47.2995      14.78109375   0.04213662   0.16693985
47.4366      14.8239375    0.041424711  0.16531795
47.5737      14.86678125   0.040713191  0.16358019
47.7108      14.909625     0.040119218  0.16195831
47.8479      14.95246875   0.039291109  0.16033641
47.985001    14.99531281   0.038580697  0.15859865
48.122101    15.03815656   0.037987768  0.1568609
48.259201    15.08100031   0.037160835  0.15512314
48.396301    15.12384406   0.036568616  0.15326954
48.533401    15.16668781   0.035859519  0.15118425
48.670502    15.20953188   0.035150775  0.14898311
48.807598    15.25237438   0.034442385  0.14655025
48.944698    15.29521813   0.033734341  0.14400154
49.081799    15.33806219   0.033026652  0.14133701
49.218899    15.38090594   0.032319313  0.13867246
49.355999    15.42374969   0.031612347  0.13600791
49.493099    15.46659344   0.031022709  0.13334335
49.630199    15.50943719   0.030316341  0.1306788
49.7673      15.55228125   0.029610354  0.1278984
49.9044      15.595125     0.029021683  0.12546556
50.0415      15.63796875   0.028433289  0.12291685
50.1786      15.6808125    0.027845194  0.1207157
50.315701    15.72365656   0.02737431   0.11851455
50.452801    15.76650031   0.026903644  0.11666095
50.589901    15.80934406   0.026550076  0.11503905
50.727001    15.85218781   0.026079781  0.11341715
50.864101    15.89503156   0.025843453  0.11202695
51.001202    15.93787563   0.025490325  0.1107526
51.138302    15.98071938   0.02525419   0.1095941
51.275398    16.02356188   0.024901295  0.10855145
51.412498    16.06640563   0.024665404  0.1075088
51.549599    16.10924969   0.024546412  0.10646615
51.686699    16.15209344   0.024310603  0.10553935
51.823799    16.19493719   0.024074892  0.10461255
51.960899    16.23778094   0.023956071  0.1038016
52.098       16.280625     0.02383725   0.1028748
52.2351      16.32346875   0.023601681  0.10206385
52.3722      16.3663125    0.023599726  0.10136875
52.5093      16.40915625   0.02336419   0.10067365
52.6464      16.452        0.023245499  0.1000944
52.783501    16.49484406   0.023126826  0.099630997
52.920601    16.53768781   0.023008168  0.098935902
53.057701    16.58053156   0.022889522  0.098472498
53.194801    16.62337531   0.02277089   0.098009102
53.331902    16.66621938   0.022652273  0.097545698
53.469002    16.70906313   0.022533669  0.097198151
53.606098    16.75190563   0.022415074  0.096734747
53.743198    16.79474938   0.022296487  0.096271351
53.880299    16.83759344   0.022177909  0.095923796
54.017399    16.88043719   0.022059332  0.095344551
54.154499    16.92328094   0.021940741  0.094765298
54.291599    16.96612469   0.021705516  0.094070204
54.428699    17.00896844   0.021586985  0.093143404
54.5658      17.0518125    0.02135183   0.092100747
54.7029      17.09465625   0.021233339  0.090942249
54.84        17.1375       0.020881653  0.089667901
54.9771      17.18034375   0.020763295  0.088509403
55.114201    17.22318781   0.020528357  0.087350897
55.251301    17.26603156   0.020410055  0.08607655
55.388401    17.30887531   0.020175188  0.085033901
55.525501    17.35171906   0.019940396  0.084107101
55.662601    17.39456281   0.019822219  0.083180301
55.799702    17.43740688   0.019587502  0.08236935
55.936798    17.48024938   0.019352867  0.081558399
56.073898    17.52309313   0.019234822  0.080747448
56.210999    17.56593719   0.019000267  0.079936497
56.348099    17.60878094   0.018765806  0.079125553
56.485199    17.65162469   0.018647927  0.078546301
56.622299    17.69446844   0.018530066  0.077851199
56.759399    17.73731219   0.018412216  0.077387802
56.8965      17.78015625   0.01817792   0.077040248
57.0336      17.823        0.018060188  0.076924399
57.1707      17.86584375   0.017942499  0.076924399
57.3078      17.9086875    0.017941291  0.077156097
57.444901    17.95153156   0.017823616  0.077271953
57.582001    17.99437531   0.017822408  0.0776195
57.719101    18.03721906   0.017704748  0.077967048
57.856201    18.08006281   0.017703543  0.078430451
57.993301    18.12290656   0.017585905  0.079009697
58.130402    18.16575063   0.017584716  0.079473101
58.267502    18.20859438   0.017583497  0.080168203
58.404598    18.25143688   0.017465876  0.080863297
58.541698    18.29428063   0.017464694  0.081558399
58.678799    18.33712469   0.017579858  0.082253501
58.815899    18.37996844   0.017578558  0.082948603
58.952999    18.42281219   0.017460891  0.083643697
59.090099    18.46565594   0.017575952  0.084454648
59.2272      18.5085       0.017574566  0.085033901
59.3643      18.55134375   0.017456829  0.085381448
59.5014      18.5941875    0.017571746  0.085729003
59.6385      18.63703125   0.017453932  0.085729003
59.7756      18.679875     0.017452426  0.085729003
59.912701    18.72271906   0.017334572  0.085381448
60.049801    18.76556281   0.017216723  0.084802203
60.186901    18.80840656   0.017098881  0.084107101
60.324001    18.85125031   0.016981043  0.08329615
60.461102    18.89409438   0.016863197  0.082253501
60.598202    18.93693813   0.016629116  0.080979154
60.735298    18.97978063   0.016511331  0.07958895
60.872398    19.02262438   0.016393536  0.077851199
61.009499    19.06546844   0.016159524  0.076113448
61.146599    19.10831219   0.01592558   0.074375696
61.283699    19.15115594   0.01580788   0.072406247
61.420799    19.19399969   0.015573991  0.070436798
61.557899    19.23684344   0.015224018  0.068235651
61.695       19.2796875    0.015106512  0.066150352
61.8321      19.32253125   0.014989047  0.065107703
61.9692      19.365375     0.015103884  0.064644299
62.1063      19.40821875   0.015218588  0.063833348
62.243401    19.45106281   0.015100926  0.063022397
62.380501    19.49390656   0.015099349  0.06174805
62.517601    19.53675031   0.014981576  0.06035785
62.654701    19.57959406   0.014747683  0.05896765
62.791801    19.62243781   0.014513808  0.057345752
62.928902    19.66528188   0.014163901  0.055608001
63.066002    19.70812563   0.013930112  0.0537544
63.203098    19.75096813   0.013580292  0.052016649
63.340199    19.79381219   0.013114525  0.050163049
63.477299    19.83665594   0.012764885  0.048425298
63.614399    19.87949969   0.012299303  0.046571702
63.751499    19.92234344   0.01171786   0.044718102
63.888599    19.96518719   0.011252558  0.042748649
64.025703    20.00803219   0.010671411  0.04066335
64.162804    20.05087625   0.010206374  0.038578048
64.299896    20.0937175    0.009625504  0.036608599
64.436996    20.13656125   0.009160709  0.034523301
64.574097    20.17940531   0.008464177  0.032437999
64.711197    20.22224906   0.007999651  0.03046855
64.848297    20.26509281   0.007303415  0.0282674
64.985397    20.30793656   0.006839141  0.026297949
65.122498    20.35078063   0.006259064  0.0240968
65.259598    20.39362438   0.005679104  0.0220115
65.396698    20.43646813   0.005099258  0.020042051
65.533798    20.47931188   0.004635382  0.0178409
65.670898    20.52215563   0.00393985   0.01563975
65.807999    20.56499969   0.003360292  0.0134386
65.945099    20.60784344   0.002896672  0.01123745
66.082199    20.65068719   0.002433104  0.009268
66.219299    20.69353094   0.001853734  0.00729855
66.3564      20.736375     0.001506115  0.0053291
66.4935      20.77921875   0.001042672  0.0037072
66.6306      20.8220625    0.000579255  0.00196945
66.7677      20.86490625   0.000231701  0.0011585
66.9048      20.90775      0.00011585   0.00057925
67.041901    20.95059406   0            0
67.179001    20.99343781   0            0
67.316101    21.03628156   0            0
67.453201    21.07912531   0            0
67.590302    21.12196938   0            0
67.727402    21.16481313   0            0
67.864502    21.20765688   0            0
68.001602    21.25050063   0            0
68.138702    21.29334438   0            0
68.275803    21.33618844   0            0
68.412903    21.37903219   0            0
68.550003    21.42187594   0            0
68.687103    21.46471969   0            0
68.824203    21.50756344   0            0
68.961304    21.5504075    0            0
69.098396    21.59324875   0            0
69.235497    21.63609281   0            0
69.372597    21.67893656   0            0
69.509697    21.72178031   0            0
69.646797    21.76462406   0            0
69.783897    21.80746781   0            0
69.920998    21.85031188   0            0
70.058098    21.89315563   0            0
70.195198    21.93599938   0            0
70.332298    21.97884313   0            0
70.469398    22.02168688   0            0
70.606499    22.06453094   0            0
70.743599    22.10737469   0            0
70.880699    22.15021844   0            0
71.017799    22.19306219   0            0
71.1549      22.23590625   0            0
71.292       22.27875      0            0
71.4291      22.32159375   0            0
71.5662      22.3644375    0            0
71.7033      22.40728125   0            0
71.840401    22.45012531   0            0
71.977501    22.49296906   0            0
72.114601    22.53581281   0            0
72.251701    22.57865656   0            0
72.388802    22.62150063   0            0
72.525902    22.66434438   0            0
72.663002    22.70718813   0            0
72.800102    22.75003188   0            0
72.937202    22.79287563   0            0
73.074303    22.83571969   0            0
73.211403    22.87856344   0            0
73.348503    22.92140719   0            0
73.485603    22.96425094   0            0
73.622704    23.007095     0            0
73.759804    23.04993875   0            0
73.896896    23.09278      0            0
74.033997    23.13562406   0            0
74.171097    23.17846781   0            0
74.308197    23.22131156   0            0
74.445297    23.26415531   0            0
74.582397    23.30699906   0            0
74.719498    23.34984313   0            0
74.856598    23.39268688   0            0
74.993698    23.43553063   0            0
75.130798    23.47837438   0            0
75.267899    23.52121844   0            0
75.404999    23.56406219   0            0
75.542099    23.60690594   0            0
75.679199    23.64974969   0            0
75.816299    23.69259344   0            0
75.9534      23.7354375    0            0
76.0905      23.77828125   0            0
76.2276      23.821125     0            0
76.3647      23.86396875   0            0
76.501801    23.90681281   0            0
76.638901    23.94965656   0            0
76.776001    23.99250031   0            0
76.913101    24.03534406   0            0
77.050201    24.07818781   0            0
77.187302    24.12103188   0            0
77.324402    24.16387563   0            0
77.461502    24.20671938   0            0
77.598602    24.24956313   0            0
77.735703    24.29240719   0            0
77.872803    24.33525094   0            0
78.009903    24.37809469   0            0
78.147003    24.42093844   0            0
78.284103    24.46378219   0            0
78.421204    24.50662625   0            0
78.558296    24.5494675    0            0
78.695396    24.59231125   0            0
78.832497    24.63515531   0            0
78.969597    24.67799906   0            0
79.106697    24.72084281   0            0
79.243797    24.76368656   0            0
79.380898    24.80653063   0            0
79.517998    24.84937438   0            0
79.655098    24.89221813   0            0
79.792198    24.93506188   0            0
79.929298    24.97790563   0            0
