#    r         (mm)  r/D  T(K)  std  T  (K)
-50  -15.625   1603  98
-45  -14.0625  1606  97
-40  -12.5     1612  102
-35  -10.9375  1616  99
-30  -9.375    1620  97
-25  -7.8125   1613  94
-20  -6.25     1604  92
-15  -4.6875   1589  90
-10  -3.125    1573  89
-5   -1.5625   1554  87
0    0         1541  85
5    1.5625    1538  85
10   3.125     1542  85
15   4.6875    1555  87
20   6.25      1575  89
25   7.8125    1586  90
30   9.375     1599  89
35   10.9375   1606  96
40   12.5      1611  95
45   14.0625   1606  110
50   15.625    1593  122
