#    r         (mm)  r/D  T(K)  std  T  (K)
-50  -15.625   1588  105
-45  -14.0625  1597  94
-40  -12.5     1601  97
-35  -10.9375  1603  97
-30  -9.375    1605  95
-25  -7.8125   1599  92
-20  -6.25     1592  94
-15  -4.6875   1580  91
-10  -3.125    1569  91
-5   -1.5625   1558  89
0    0         1548  88
5    1.5625    1542  86
10   3.125     1546  87
15   4.6875    1563  89
20   6.25      1571  90
25   7.8125    1583  91
30   9.375     1592  89
35   10.9375   1596  91
40   12.5      1589  108
45   14.0625   1587  113
50   15.625    1572  133
