#            x/D           =            148.4375  ~   148    
#            r             (mm)         r/D       fv  (ppm)  rms_fv
-79.929298   -24.97790563  0            0
-79.792198   -24.93506188  0            0
-79.655098   -24.89221813  0            0
-79.517998   -24.84937438  0            0
-79.380898   -24.80653063  0            0
-79.243797   -24.76368656  0            0
-79.106697   -24.72084281  0            0
-78.969597   -24.67799906  0            0
-78.832497   -24.63515531  0            0
-78.695396   -24.59231125  0            0
-78.558296   -24.5494675   0            0
-78.421204   -24.50662625  0            0
-78.284103   -24.46378219  0            0
-78.147003   -24.42093844  0            0
-78.009903   -24.37809469  0            0
-77.872803   -24.33525094  0            0
-77.735703   -24.29240719  0            0
-77.598602   -24.24956313  0            0
-77.461502   -24.20671938  0            0
-77.324402   -24.16387563  0            0
-77.187302   -24.12103188  0            0
-77.050201   -24.07818781  0            0
-76.913101   -24.03534406  0            0
-76.776001   -23.99250031  0            0
-76.638901   -23.94965656  0            0
-76.501801   -23.90681281  0            0
-76.3647     -23.86396875  0            0
-76.2276     -23.821125    0            0
-76.0905     -23.77828125  0            0
-75.9534     -23.7354375   0            0
-75.816299   -23.69259344  0            0
-75.679199   -23.64974969  0            0
-75.542099   -23.60690594  0            0
-75.404999   -23.56406219  0            0
-75.267899   -23.52121844  0            0
-75.130798   -23.47837438  0            0
-74.993698   -23.43553063  0            0
-74.856598   -23.39268688  0            0
-74.719498   -23.34984313  0            0
-74.582397   -23.30699906  0            0
-74.445297   -23.26415531  0            0
-74.308197   -23.22131156  0            0
-74.171097   -23.17846781  0            0
-74.033997   -23.13562406  0            0
-73.896896   -23.09278     0            0
-73.759804   -23.04993875  0            0
-73.622704   -23.007095    0            0
-73.485603   -22.96425094  0            0
-73.348503   -22.92140719  0            0
-73.211403   -22.87856344  0            0
-73.074303   -22.83571969  0            0
-72.937202   -22.79287563  0            0
-72.800102   -22.75003188  0            0
-72.663002   -22.70718813  0            0
-72.525902   -22.66434438  0            0
-72.388802   -22.62150063  0            0
-72.251701   -22.57865656  0            0
-72.114601   -22.53581281  0            0
-71.977501   -22.49296906  0            0
-71.840401   -22.45012531  0            0
-71.7033     -22.40728125  0            0
-71.5662     -22.3644375   0            0
-71.4291     -22.32159375  0            0
-71.292      -22.27875     0            0
-71.1549     -22.23590625  0            0
-71.017799   -22.19306219  0            0
-70.880699   -22.15021844  0            0
-70.743599   -22.10737469  0            0
-70.606499   -22.06453094  0            0
-70.469398   -22.02168688  0            0
-70.332298   -21.97884313  0            0
-70.195198   -21.93599938  0            0
-70.058098   -21.89315563  0            0
-69.920998   -21.85031188  0            0
-69.783897   -21.80746781  0            0
-69.646797   -21.76462406  0            0
-69.509697   -21.72178031  0            0
-69.372597   -21.67893656  0            0
-69.235497   -21.63609281  0            0
-69.098396   -21.59324875  0            0
-68.961304   -21.5504075   0            0
-68.824203   -21.50756344  0            0
-68.687103   -21.46471969  0            0
-68.550003   -21.42187594  0            0
-68.412903   -21.37903219  0            0
-68.275803   -21.33618844  0            0
-68.138702   -21.29334438  0            0
-68.001602   -21.25050063  0            0
-67.864502   -21.20765688  0            0
-67.727402   -21.16481313  0            0
-67.590302   -21.12196938  0            0
-67.453201   -21.07912531  0            0
-67.316101   -21.03628156  0            0
-67.179001   -20.99343781  0            0
-67.041901   -20.95059406  0            0
-66.9048     -20.90775     0            0
-66.7677     -20.86490625  0.0002317    0.00011585
-66.6306     -20.8220625   0.000579254  0.00104265
-66.4935     -20.77921875  0.000926818  0.00196945
-66.3564     -20.736375    0.001274399  0.00289625
-66.219299   -20.69353094  0.001737859  0.0039389
-66.082199   -20.65068719  0.002201357  0.00498155
-65.945099   -20.60784344  0.002549034  0.00614005
-65.807999   -20.56499969  0.003012614  0.0071827
-65.670898   -20.52215563  0.003592124  0.0083412
-65.533798   -20.47931188  0.004055838  0.0094997
-65.396698   -20.43646813  0.004635505  0.01054235
-65.259598   -20.39362438  0.005099377  0.01170085
-65.122498   -20.35078063  0.005679225  0.01285935
-64.985397   -20.30793656  0.006143275  0.013902
-64.848297   -20.26509281  0.006723327  0.01494465
-64.711197   -20.22224906  0.007071647  0.01587145
-64.574097   -20.17940531  0.007535951  0.016682399
-64.436996   -20.13656125  0.008116302  0.0176092
-64.299896   -20.0937175   0.00858084   0.018420151
-64.162804   -20.05087625  0.008929507  0.019115251
-64.025703   -20.00803219  0.009510186  0.0199262
-63.888599   -19.96518719  0.009859051  0.020505451
-63.751499   -19.92234344  0.01032397   0.021200551
-63.614399   -19.87949969  0.010556986  0.0217798
-63.477299   -19.83665594  0.011022053  0.0222432
-63.340199   -19.79381219  0.011371222  0.022590751
-63.203098   -19.75096813  0.011488371  0.02317
-63.066002   -19.70812563  0.011837591  0.0236334
-62.928902   -19.66528188  0.012070839  0.0240968
-62.791801   -19.62243781  0.012188039  0.0247919
-62.654701   -19.57959406  0.012305215  0.025371149
-62.517601   -19.53675031  0.012422381  0.025834549
-62.380501   -19.49390656  0.012423436  0.026297949
-62.243401   -19.45106281  0.012424434  0.026761349
-62.1063     -19.40821875  0.01242539   0.0271089
-61.9692     -19.365375    0.012310177  0.0273406
-61.8321     -19.32253125  0.01219488   0.0275723
-61.695      -19.2796875   0.012079516  0.027919849
-61.557899   -19.23684344  0.012196406  0.028614949
-61.420799   -19.19399969  0.012313343  0.02954175
-61.283699   -19.15115594  0.01254648   0.030816101
-61.146599   -19.10831219  0.012663515  0.032206301
-61.009499   -19.06546844  0.01278056   0.033828199
-60.872398   -19.02262438  0.012897619  0.035450101
-60.735298   -18.97978063  0.013130896  0.037187848
-60.598202   -18.93693813  0.013248032  0.039041448
-60.461102   -18.89409438  0.01359761   0.040895049
-60.324001   -18.85125031  0.013714858  0.042748649
-60.186901   -18.80840656  0.013948332  0.0444864
-60.049801   -18.76556281  0.014065623  0.04634
-59.912701   -18.72271906  0.014299164  0.0481936
-59.7756     -18.679875    0.01453277   0.0500472
-59.6385     -18.63703125  0.014766434  0.052132498
-59.5014     -18.5941875   0.015000153  0.054101951
-59.3643     -18.55134375  0.015233925  0.056071401
-59.2272     -18.5085      0.015351451  0.057925001
-59.090099   -18.46565594  0.015585274  0.059546899
-58.952999   -18.42281219  0.015819162  0.061052948
-58.815899   -18.37996844  0.016053107  0.062559001
-58.678799   -18.33712469  0.016287107  0.063833348
-58.541698   -18.29428063  0.016521161  0.065223552
-58.404598   -18.25143688  0.016638914  0.0664979
-58.267502   -18.20859438  0.016873017  0.067772247
-58.130402   -18.16575063  0.017107185  0.069046602
-57.993301   -18.12290656  0.017225028  0.070436798
-57.856201   -18.08006281  0.017575647  0.0720587
-57.719101   -18.03721906  0.017693597  0.073448896
-57.582001   -17.99437531  0.017927936  0.074954949
-57.444901   -17.95153156  0.018162342  0.076229297
-57.3078     -17.9086875   0.018396807  0.077503651
-57.1707     -17.86584375  0.018747776  0.078893848
-57.0336     -17.823       0.018982417  0.080168203
-56.8965     -17.78015625  0.019217103  0.081674248
-56.759399   -17.73731219  0.019451835  0.083180301
-56.622299   -17.69446844  0.019803111  0.084686346
-56.485199   -17.65162469  0.020038018  0.086192399
-56.348099   -17.60878094  0.020272963  0.087466747
-56.210999   -17.56593719  0.020624481  0.08885695
-56.073898   -17.52309313  0.020743061  0.090247147
-55.936798   -17.48024938  0.020978142  0.091637351
-55.799702   -17.43740688  0.021329843  0.093259253
-55.662601   -17.39456281  0.021681686  0.094649449
-55.525501   -17.35171906  0.021917074  0.0963872
-55.388401   -17.30887531  0.022152494  0.0982408
-55.251301   -17.26603156  0.022504565  0.099862702
-55.114201   -17.22318781  0.022856771  0.1017163
-54.9771     -17.18034375  0.023092473  0.10368575
-54.84       -17.1375      0.023444846  0.10553935
-54.7029     -17.09465625  0.023680697  0.1072771
-54.5658     -17.0518125   0.024149912  0.108899
-54.428699   -17.00896844  0.024386001  0.1105209
-54.291599   -16.96612469  0.024622097  0.11202695
-54.154499   -16.92328094  0.024858233  0.113533
-54.017399   -16.88043719  0.025327847  0.1151549
-53.880299   -16.83759344  0.025564238  0.1165451
-53.743198   -16.79474938  0.02591739   0.1179353
-53.606098   -16.75190563  0.026153918  0.1193255
-53.469002   -16.70906313  0.026507241  0.1209474
-53.331902   -16.66621938  0.026743923  0.12268515
-53.194801   -16.62337531  0.027214227  0.1244229
-53.057701   -16.58053156  0.027451151  0.12604479
-52.920601   -16.53768781  0.027804911  0.1276667
-52.783501   -16.49484406  0.028041965  0.1292886
-52.6464     -16.452       0.028512752  0.13079464
-52.5093     -16.40915625  0.028866923  0.1323007
-52.3722     -16.3663125   0.029104319  0.13392261
-52.2351     -16.32346875  0.029575522  0.13554449
-52.098      -16.280625    0.029930065  0.13728225
-51.960899   -16.23778094  0.030284713  0.13890415
-51.823799   -16.19493719  0.03063948   0.14029434
-51.686699   -16.15209344  0.030994365  0.1420321
-51.549599   -16.10924969  0.031466346  0.143654
-51.412498   -16.06640563  0.031938569  0.14562345
-51.275398   -16.02356188  0.032411003  0.1473612
-51.138302   -15.98071938  0.032883655  0.14933065
-51.001202   -15.93787563  0.033356505  0.15118425
-50.864101   -15.89503156  0.033946621  0.1531537
-50.727001   -15.85218781  0.034537064  0.15512314
-50.589901   -15.80934406  0.035010721  0.15720844
-50.452801   -15.76650031  0.035601657  0.1591779
-50.315701   -15.72365656  0.036192903  0.16114736
-50.1786     -15.6808125   0.036784459  0.16300096
-50.0415     -15.63796875  0.037376305  0.1649704
-49.9044     -15.595125    0.037968445  0.166824
-49.7673     -15.55228125  0.038560881  0.16879345
-49.630199   -15.50943719  0.03927083   0.17064705
-49.493099   -15.46659344  0.039863972  0.1726165
-49.355999   -15.42374969  0.040574649  0.17435426
-49.218899   -15.38090594  0.041285757  0.1763237
-49.081799   -15.33806219  0.042114591  0.1781773
-48.944698   -15.29521813  0.042709322  0.1800309
-48.807598   -15.25237438  0.04353898   0.18176866
-48.670502   -15.20953188  0.044251842  0.18339054
-48.533401   -15.16668781  0.044965085  0.1848966
-48.396301   -15.12384406  0.045678719  0.18628681
-48.259201   -15.08100031  0.046510206  0.18790869
-48.122101   -15.03815656  0.047224796  0.1895306
-47.985001   -14.99531281  0.048174757  0.19126835
-47.8479     -14.95246875  0.049007944  0.1930061
-47.7108     -14.909625    0.049724099  0.19474386
-47.5737     -14.86678125  0.05055818   0.19636574
-47.4366     -14.8239375   0.051275228  0.19798765
-47.2995     -14.78109375  0.052110268  0.19960955
-47.162399   -14.73824969  0.052945892  0.20146315
-47.025299   -14.69540594  0.053782078  0.20331675
-46.888199   -14.65256219  0.054501107  0.20540205
-46.751099   -14.60971844  0.055338231  0.20748734
-46.613998   -14.56687438  0.056293723  0.20957264
-46.476898   -14.52403063  0.057132198  0.2117738
-46.339802   -14.48118813  0.05808903   0.2138591
-46.202702   -14.43834438  0.059046626  0.21606025
-46.065601   -14.39550031  0.05988707   0.21802969
-45.928501   -14.35265656  0.060610104  0.21988329
-45.791401   -14.30981281  0.061451408  0.22162105
-45.654301   -14.26696906  0.062175329  0.22301126
-45.5172     -14.224125    0.062899609  0.2242856
-45.3801     -14.18128125  0.063624288  0.2252124
-45.243      -14.1384375   0.064231314  0.22602335
-45.1059     -14.09559375  0.064838544  0.2268343
-44.9688     -14.05275     0.065446028  0.22752941
-44.831699   -14.00990594  0.06593562   0.2282245
-44.694599   -13.96706219  0.066661669  0.2289196
-44.557499   -13.92421844  0.067270071  0.22938301
-44.420399   -13.88137469  0.067878767  0.2298464
-44.283298   -13.83853063  0.068487774  0.23019394
-44.146198   -13.79568688  0.069097095  0.23065735
-44.009102   -13.75284438  0.069706752  0.23088905
-43.872002   -13.71000063  0.070316741  0.23112075
-43.734901   -13.66715656  0.070927059  0.23123661
-43.597801   -13.62431281  0.071656163  0.2314683
-43.460701   -13.58146906  0.072267385  0.2314683
-43.323601   -13.53862531  0.072997396  0.23181584
-43.186501   -13.49578156  0.073846521  0.23227926
-43.0494     -13.4529375   0.074696434  0.23285849
-42.9123     -13.41009375  0.075784265  0.2337853
-42.7752     -13.36725     0.076754681  0.23482795
-42.6381     -13.32440625  0.077963265  0.2361023
-42.500999   -13.28156219  0.079054524  0.23760834
-42.363899   -13.23871844  0.080265524  0.2391144
-42.226799   -13.19587469  0.081596566  0.240968
-42.089699   -13.15303094  0.082929113  0.24293745
-41.952599   -13.11018719  0.084263092  0.2449069
-41.815498   -13.06734313  0.085717364  0.24733976
-41.678398   -13.02449938  0.087292232  0.2495409
-41.541302   -12.98165688  0.088750061  0.25208959
-41.404202   -12.93881313  0.090328428  0.2544066
-41.267101   -12.89596906  0.091908682  0.25683945
-41.130001   -12.85312531  0.093490744  0.25938815
-40.992901   -12.81028156  0.09519376   0.26193684
-40.855801   -12.76743781  0.096898908  0.26483309
-40.7187     -12.72459375  0.09860613   0.2676135
-40.5816     -12.68175     0.10043468   0.27062559
-40.4445     -12.63890625  0.102146308  0.27363771
-40.3074     -12.5960625   0.10409868   0.27688149
-40.1703     -12.55321875  0.105934372  0.28000945
-40.033199   -12.51037469  0.107772345  0.28325325
-39.896099   -12.46753094  0.10961262   0.28649706
-39.758999   -12.42468719  0.111574814  0.28962499
-39.621899   -12.38184344  0.113420097  0.29252124
-39.484798   -12.33899938  0.115147939  0.2951858
-39.347698   -12.29615563  0.11675799   0.2977345
-39.210602   -12.25331313  0.118609274  0.29993564
-39.073502   -12.21046938  0.120103538  0.30213681
-38.936401   -12.16762531  0.121718965  0.30399039
-38.799301   -12.12478156  0.123336275  0.30584401
-38.662201   -12.08193781  0.124715382  0.30769759
-38.525101   -12.03909406  0.12621565   0.30955121
-38.388      -11.99625     0.127837721  0.31128895
-38.2509     -11.95340625  0.129341678  0.31314254
-38.1138     -11.9105625   0.130847237  0.31499615
-37.9767     -11.86771875  0.132474784  0.3167339
-37.8396     -11.824875    0.133984097  0.3183558
-37.702499   -11.78203094  0.135615477  0.31974599
-37.565399   -11.73918719  0.137128516  0.32125205
-37.428299   -11.69634344  0.138643202  0.32275811
-37.291199   -11.65349969  0.140159605  0.32426414
-37.154099   -11.61065594  0.141919102  0.3257702
-37.016998   -11.56781188  0.143560579  0.32750794
-36.879902   -11.52496938  0.145324921  0.32936156
-36.742802   -11.48212563  0.147212693  0.33121514
-36.605701   -11.43928156  0.148982518  0.33295289
-36.468601   -11.39643781  0.150754713  0.3348065
-36.331501   -11.35359406  0.15252932   0.33654425
-36.194401   -11.31075031  0.154185224  0.33828199
-36.057301   -11.26790656  0.156085445  0.34025145
-35.9202     -11.2250625   0.157988689  0.34210506
-35.7831     -11.18221875  0.159773519  0.34407449
-35.646      -11.139375    0.161803445  0.3459281
-35.5089     -11.09653125  0.163715371  0.34778169
-35.371799   -11.05368719  0.165630035  0.34975114
-35.234699   -11.01084344  0.167669083  0.3517206
-35.097599   -10.96799969  0.169589819  0.35369006
-34.960499   -10.92515594  0.167374529  0.38386899
-34.823399   -10.88231219  0.16891959   0.38566464
-34.686298   -10.83946813  0.170530424  0.38746032
-34.549198   -10.79662438  0.172266521  0.389256
-34.412102   -10.75378188  0.174066905  0.3913413
-34.275002   -10.71093813  0.175931525  0.39336869
-34.137901   -10.66809406  0.177738357  0.3955119
-34.000801   -10.62525031  0.179792372  0.39771304
-33.863701   -10.58240656  0.181789152  0.39991421
-33.726601   -10.53956281  0.183789288  0.40217328
-33.5895     -10.49671875  0.185853895  0.40437442
-33.4524     -10.453875    0.187922055  0.40651765
-33.3153     -10.41103125  0.189993665  0.40871879
-33.1782     -10.3681875   0.192129984  0.41091993
-33.0411     -10.32534375  0.194269994  0.41306317
-32.903999   -10.28249969  0.196474966  0.41549602
-32.766899   -10.23965594  0.198683823  0.4177551
-32.629799   -10.19681219  0.200896474  0.42018795
-32.492699   -10.15396844  0.203174355  0.42256287
-32.355598   -10.11112438  0.205394774  0.42493778
-32.218498   -10.06828063  0.207618843  0.4272548
-32.081402   -10.02543813  0.209846626  0.42939803
-31.9443     -9.98259375   0.212078116  0.43148333
-31.807199   -9.939749688  0.214189931  0.43356863
-31.670099   -9.896905938  0.216304803  0.43548015
-31.533001   -9.854062813  0.218422897  0.4374496
-31.395901   -9.811219063  0.220544255  0.43924528
-31.258801   -9.768375313  0.222607066  0.4410989
-31.1217     -9.72553125   0.224672872  0.44283661
-30.9846     -9.6826875    0.226679812  0.44463229
-30.8475     -9.63984375   0.228813498  0.44631213
-30.7104     -9.597        0.230950747  0.44799194
-30.573299   -9.554155938  0.232967351  0.44961384
-30.436199   -9.511312188  0.235048834  0.45123574
-30.299101   -9.468469063  0.237133564  0.4527418
-30.162001   -9.425625313  0.239345887  0.45442164
-30.0249     -9.38278125   0.241437709  0.45610145
-29.8878     -9.3399375    0.243594915  0.45778129
-29.7507     -9.29709375   0.245880256  0.45969281
-29.6136     -9.25425      0.24804516   0.46154639
-29.4765     -9.21140625   0.250338193  0.46334207
-29.339399   -9.168562188  0.252635392  0.46513775
-29.202299   -9.125718438  0.254936656  0.46687549
-29.065201   -9.082875313  0.257304447  0.46878701
-28.928101   -9.040031563  0.259864309  0.47075647
-28.791      -8.9971875    0.262304312  0.47261009
-28.6539     -8.95434375   0.264748684  0.47457951
-28.5168     -8.9115       0.267134756  0.47660691
-28.3797     -8.86865625   0.269650346  0.4786922
-28.242599   -8.825812188  0.272170814  0.4807196
-28.105499   -8.782968438  0.274695984  0.4828628
-27.968399   -8.740124688  0.277225871  0.4849481
-27.831301   -8.697281563  0.279823335  0.48714924
-27.694201   -8.654437813  0.282362875  0.48917663
-27.5571     -8.61159375   0.284843925  0.49120399
-27.42       -8.56875      0.28739226   0.49323136
-27.2829     -8.52590625   0.289819008  0.49525875
-27.1458     -8.4830625    0.292312781  0.49717027
-27.008699   -8.440218438  0.29487419   0.49925557
-26.871599   -8.397374688  0.297187292  0.50116712
-26.734501   -8.354531563  0.29969342   0.50313658
-26.597401   -8.311687813  0.302077437  0.50516391
-26.4603     -8.26884375   0.304591937  0.50707543
-26.3232     -8.226        0.306857226  0.50892907
-26.1861     -8.18315625   0.309188845  0.51072472
-26.049      -8.1403125    0.311396919  0.5124625
-25.9119     -8.09746875   0.313480512  0.51402646
-25.774799   -8.054624688  0.315566268  0.51541662
-25.637699   -8.011780938  0.317527     0.51674891
-25.500601   -7.968937813  0.319489437  0.51808119
-25.363501   -7.926094063  0.321390066  0.5192976
-25.2264     -7.88325      0.323100821  0.52051407
-25.0893     -7.84040625   0.324939954  0.52167255
-24.9522     -7.7975625    0.326716959  0.52283102
-24.8151     -7.75471875   0.328495406  0.52393162
-24.677999   -7.711874688  0.330211312  0.52497429
-24.540899   -7.669030938  0.331800277  0.52607483
-24.403799   -7.626187188  0.333453844  0.52711749
-24.266701   -7.583344063  0.335172773  0.52816015
-24.129601   -7.540500313  0.336829208  0.52926075
-23.9925     -7.49765625   0.338486816  0.53018755
-23.8554     -7.4548125    0.340017091  0.53123015
-23.7183     -7.41196875   0.341676584  0.53221488
-23.5812     -7.369125     0.343208815  0.53302586
-23.444099   -7.326280938  0.34454833   0.53372097
-23.306999   -7.283437188  0.346016393  0.53441608
-23.169901   -7.240594063  0.347485158  0.53505319
-23.032801   -7.197750313  0.348954749  0.53569037
-22.8957     -7.15490625   0.350425097  0.53644341
-22.7586     -7.1120625    0.352025668  0.53719646
-22.6215     -7.06921875   0.353498484  0.53800738
-22.4844     -7.026375     0.355166312  0.5388763
-22.3473     -6.98353125   0.356771441  0.5399189
-22.210199   -6.940687188  0.358507774  0.54090369
-22.073099   -6.897843438  0.360246408  0.54188836
-21.936001   -6.855000313  0.36192227   0.54293102
-21.798901   -6.812156563  0.363794681  0.54391575
-21.6618     -6.7693125    0.365539943  0.54495841
-21.5247     -6.72646875   0.367287012  0.54588521
-21.3876     -6.683625     0.369035918  0.54669613
-21.2505     -6.64078125   0.370786631  0.54756504
-21.1134     -6.5979375    0.372604441  0.5484339
-20.976299   -6.555093438  0.374359243  0.54930276
-20.839199   -6.512249688  0.37624636   0.5500558
-20.702101   -6.469406563  0.378070764  0.55104053
-20.565001   -6.426562813  0.379962583  0.55185145
-20.4279     -6.38371875   0.381922323  0.55277824
-20.2908     -6.340875     0.383753869  0.55376297
-20.1537     -6.29803125   0.385652693  0.55468976
-20.0166     -6.2551875    0.387619409  0.55561662
-19.879499   -6.212343438  0.389457546  0.55671716
-19.742399   -6.169499688  0.391362993  0.55764401
-19.605301   -6.126656563  0.393270661  0.55862868
-19.468201   -6.083812813  0.395048988  0.55961341
-19.3311     -6.04096875   0.397025921  0.5605402
-19.194      -5.998125     0.398939765  0.56146705
-19.0569     -5.95528125   0.400855676  0.56245178
-18.9198     -5.9124375    0.402839562  0.56343651
-18.7827     -5.86959375   0.404825992  0.56442118
-18.645599   -5.826749688  0.406748776  0.56546384
-18.508499   -5.783905938  0.408805539  0.56650651
-18.371401   -5.741062813  0.410666851  0.56749123
-18.234301   -5.698219063  0.412661681  0.56859177
-18.0972     -5.655375     0.414592736  0.56963444
-17.9601     -5.61253125   0.416525591  0.57073504
-17.823      -5.5696875    0.418460293  0.57171977
-17.6859     -5.52684375   0.420330538  0.57270449
-17.5488     -5.484        0.422069394  0.57368922
-17.411699   -5.441155938  0.423941623  0.57455808
-17.274599   -5.398312188  0.425815577  0.57548487
-17.137501   -5.355469063  0.427624667  0.57635379
-17.000401   -5.312625313  0.429567963  0.57722265
-16.8633     -5.26978125   0.431380223  0.57814944
-16.7262     -5.2269375    0.433193504  0.57913417
-16.5891     -5.18409375   0.435274635  0.58017677
-16.452      -5.14125      0.437292127  0.58133531
-16.314899   -5.098405938  0.439378545  0.58249378
-16.177799   -5.055562188  0.441467538  0.58371025
-16.040701   -5.012719063  0.443558967  0.58492666
-15.9036     -4.969875     0.445786443  0.58608514
-15.7665     -4.92703125   0.448017119  0.58735949
-15.6294     -4.8841875    0.450317647  0.58869177
-15.4923     -4.84134375   0.452487354  0.58996612
-15.3552     -4.7985       0.454659132  0.59118253
-15.2181     -4.75565625   0.456833071  0.59234107
-15.081      -4.7128125    0.458942004  0.59349954
-14.9439     -4.66996875   0.461052643  0.59471601
-14.8068     -4.627125     0.46323222   0.59593236
-14.6697     -4.58428125   0.465414071  0.59720677
-14.5326     -4.5414375    0.467665392  0.59853905
-14.3955     -4.49859375   0.469851832  0.59975547
-14.2584     -4.45575      0.472107647  0.60097188
-14.1213     -4.41290625   0.474365866  0.60230416
-13.9842     -4.3700625    0.476626326  0.60357851
-13.8471     -4.32721875   0.478753944  0.60479492
-13.71       -4.284375     0.48115309   0.60601133
-13.5729     -4.24153125   0.483284955  0.6072278
-13.4358     -4.1986875    0.485485449  0.60844421
-13.2987     -4.15584375   0.487755415  0.60971856
-13.1616     -4.113        0.489891986  0.61087704
-13.0245     -4.07015625   0.492097476  0.61209345
-12.8874     -4.0273125    0.494440295  0.6133678
-12.7503     -3.98446875   0.496717773  0.61475801
-12.6132     -3.941625     0.498997115  0.61603236
-12.4761     -3.89878125   0.50134621   0.61742258
-12.339      -3.8559375    0.503629548  0.61887074
-12.2019     -3.81309375   0.506050557  0.62037677
-12.0648     -3.77025      0.508406091  0.6218828
-11.9277     -3.72740625   0.510831558  0.6235047
-11.7906     -3.6845625    0.513395744  0.62506866
-11.6535     -3.64171875   0.515826542  0.6267485
-11.5164     -3.598875     0.518259131  0.6283704
-11.3793     -3.55603125   0.520693661  0.6298185
-11.2422     -3.5131875    0.522993277  0.63132459
-11.1051     -3.47034375   0.525225388  0.63271475
-10.968      -3.4275       0.527526472  0.6339891
-10.8309     -3.38465625   0.529760295  0.6352635
-10.6938     -3.3418125    0.53178925   0.63647991
-10.5567     -3.29896875   0.533954697  0.63763839
-10.4196     -3.256125     0.536052135  0.63879693
-10.2825     -3.21328125   0.538081059  0.6399554
-10.1454     -3.1704375    0.540178392  0.64105594
-10.0083     -3.12759375   0.54227601   0.64215654
-9.8711996   -3.084749875  0.544236436  0.64331502
-9.7341003   -3.041906344  0.546333768  0.64441562
-9.5970001   -2.999062531  0.548293853  0.64563203
-9.4598999   -2.956218719  0.550322211  0.64673263
-9.3227997   -2.913374906  0.552281644  0.64794904
-9.1857004   -2.870531375  0.554171646  0.64904964
-9.0486002   -2.827687563  0.555991777  0.64997643
-8.9115      -2.78484375   0.557672691  0.65096116
-8.7743998   -2.741999938  0.559489796  0.65188795
-8.6372995   -2.699156094  0.561167978  0.65287268
-8.5002003   -2.656312594  0.562982705  0.65391535
-8.3631001   -2.613468781  0.564935147  0.65501589
-8.2259998   -2.570624938  0.566887613  0.65634817
-8.0888996   -2.527781125  0.56897848   0.65768045
-7.9517999   -2.484937469  0.570931306  0.65889686
-7.8147001   -2.442093781  0.572952862  0.66028708
-7.6775999   -2.399249969  0.5749743    0.66150349
-7.5405002   -2.356406313  0.576856719  0.66277784
-7.4033999   -2.313562469  0.57894624   0.66405219
-7.2663002   -2.270718813  0.580897073  0.66532654
-7.1292      -2.227875     0.582986004  0.66660088
-6.9920998   -2.185031188  0.585005419  0.66787523
-6.855       -2.1421875    0.586885141  0.66897583
-6.7178998   -2.099343688  0.588763417  0.67007643
-6.5808001   -2.056500031  0.590501159  0.67111903
-6.4436998   -2.013656188  0.592236856  0.67210376
-6.3066001   -1.970812531  0.593970752  0.67320436
-6.1694999   -1.927968719  0.595702895  0.67413116
-6.0324001   -1.885125031  0.597433287  0.67511588
-5.8952999   -1.842281219  0.599092236  0.67604268
-5.7582002   -1.799437563  0.600679295  0.67708534
-5.6210999   -1.756593719  0.602333827  0.67801213
-5.4840002   -1.713750063  0.6039865    0.67899686
-5.3469      -1.67090625   0.605637242  0.67986572
-5.2097998   -1.628062438  0.607216217  0.68090838
-5.0727      -1.58521875   0.608792832  0.6817193
-4.9355998   -1.542374938  0.610297328  0.68241441
-4.7985001   -1.499531281  0.611659265  0.68310952
-4.6613998   -1.456687438  0.613018068  0.68368876
-4.5243001   -1.413843781  0.61423391   0.68421012
-4.3871999   -1.370999969  0.615446205  0.68467349
-4.2501001   -1.328156281  0.616655354  0.68513691
-4.1129999   -1.285312469  0.617721136  0.68554235
-3.9758999   -1.242468719  0.618713105  0.68583202
-3.8388      -1.199625     0.619631165  0.68617952
-3.7017      -1.15678125   0.620475209  0.6864692
-3.5646      -1.1139375    0.621315453  0.68664294
-3.4275      -1.07109375   0.622011472  0.68675882
-3.2904      -1.02825      0.623546814  0.68791729
-3.1533      -0.98540625   0.623957182  0.68780148
-3.0162001   -0.942562531  0.624432331  0.68780142
-2.8791001   -0.899718781  0.62490308   0.68774354
-2.7420001   -0.856875031  0.625369908  0.68768561
-2.6048999   -0.814031219  0.625833195  0.68774354
-2.4677999   -0.771187469  0.626433821  0.68785936
-2.3306999   -0.728343719  0.626961587  0.68791729
-2.1935999   -0.685499969  0.627556943  0.68820691
-2.0565      -0.64265625   0.628150245  0.68849653
-1.9194      -0.5998125    0.628670997  0.68890202
-1.7823      -0.55696875   0.629260323  0.68919164
-1.6452      -0.514125     0.629636774  0.68936545
-1.5081      -0.47128125   0.630152764  0.68959713
-1.3710001   -0.428437531  0.630597772  0.68977094
-1.2339      -0.38559375   0.630901694  0.68982881
-1.0968      -0.34275      0.63120607   0.68994468
-0.95969999  -0.299906247  0.63151233   0.68994468
-0.82260001  -0.257062503  0.631822033  0.69000262
-0.68550003  -0.214218759  0.632066791  0.69000262
-0.54839998  -0.171374994  0.632391104  0.69006056
-0.4113      -0.12853125   0.63265951   0.69000262
-0.27419999  -0.085687497  0.632811415  0.69000262
-0.1371      -0.04284375   0.633224825  0.68994468
0            0             0.633581276  0.68988675
0.1371       0.04284375    0.633224825  0.68994468
0.27419999   0.085687497   0.632811415  0.69000262
0.4113       0.12853125    0.63265951   0.69000262
0.54839998   0.171374994   0.632391104  0.69006056
0.68550003   0.214218759   0.632066791  0.69000262
0.82260001   0.257062503   0.631822033  0.69000262
0.95969999   0.299906247   0.63151233   0.68994468
1.0968       0.34275       0.63120607   0.68994468
1.2339       0.38559375    0.630901694  0.68982881
1.3710001    0.428437531   0.630597772  0.68977094
1.5081       0.47128125    0.630152764  0.68959713
1.6452       0.514125      0.629636774  0.68936545
1.7823       0.55696875    0.629260323  0.68919164
1.9194       0.5998125     0.628670997  0.68890202
2.0565       0.64265625    0.628150245  0.68849653
2.1935999    0.685499969   0.627556943  0.68820691
2.3306999    0.728343719   0.626961587  0.68791729
2.4677999    0.771187469   0.626433821  0.68785936
2.6048999    0.814031219   0.625833195  0.68774354
2.7420001    0.856875031   0.625369908  0.68768561
2.8791001    0.899718781   0.62490308   0.68774354
3.0162001    0.942562531   0.624432331  0.68780142
3.1533       0.98540625    0.623957182  0.68780148
3.2904       1.02825       0.623546814  0.68791729
3.4275       1.07109375    0.622011472  0.68675882
3.5646       1.1139375     0.621315453  0.68664294
3.7017       1.15678125    0.620475209  0.6864692
3.8388       1.199625      0.619631165  0.68617952
3.9758999    1.242468719   0.618713105  0.68583202
4.1129999    1.285312469   0.617721136  0.68554235
4.2501001    1.328156281   0.616655354  0.68513691
4.3871999    1.370999969   0.615446205  0.68467349
4.5243001    1.413843781   0.61423391   0.68421012
4.6613998    1.456687438   0.613018068  0.68368876
4.7985001    1.499531281   0.611659265  0.68310952
4.9355998    1.542374938   0.610297328  0.68241441
5.0727       1.58521875    0.608792832  0.6817193
5.2097998    1.628062438   0.607216217  0.68090838
5.3469       1.67090625    0.605637242  0.67986572
5.4840002    1.713750063   0.6039865    0.67899686
5.6210999    1.756593719   0.602333827  0.67801213
5.7582002    1.799437563   0.600679295  0.67708534
5.8952999    1.842281219   0.599092236  0.67604268
6.0324001    1.885125031   0.597433287  0.67511588
6.1694999    1.927968719   0.595702895  0.67413116
6.3066001    1.970812531   0.593970752  0.67320436
6.4436998    2.013656188   0.592236856  0.67210376
6.5808001    2.056500031   0.590501159  0.67111903
6.7178998    2.099343688   0.588763417  0.67007643
6.855        2.1421875     0.586885141  0.66897583
6.9920998    2.185031188   0.585005419  0.66787523
7.1292       2.227875      0.582986004  0.66660088
7.2663002    2.270718813   0.580897073  0.66532654
7.4033999    2.313562469   0.57894624   0.66405219
7.5405002    2.356406313   0.576856719  0.66277784
7.6775999    2.399249969   0.5749743    0.66150349
7.8147001    2.442093781   0.572952862  0.66028708
7.9517999    2.484937469   0.570931306  0.65889686
8.0888996    2.527781125   0.56897848   0.65768045
8.2259998    2.570624938   0.566887613  0.65634817
8.3631001    2.613468781   0.564935147  0.65501589
8.5002003    2.656312594   0.562982705  0.65391535
8.6372995    2.699156094   0.561167978  0.65287268
8.7743998    2.741999938   0.559489796  0.65188795
8.9115       2.78484375    0.557672691  0.65096116
9.0486002    2.827687563   0.555991777  0.64997643
9.1857004    2.870531375   0.554171646  0.64904964
9.3227997    2.913374906   0.552281644  0.64794904
9.4598999    2.956218719   0.550322211  0.64673263
9.5970001    2.999062531   0.548293853  0.64563203
9.7341003    3.041906344   0.546333768  0.64441562
9.8711996    3.084749875   0.544236436  0.64331502
10.0083      3.12759375    0.54227601   0.64215654
10.1454      3.1704375     0.540178392  0.64105594
10.2825      3.21328125    0.538081059  0.6399554
10.4196      3.256125      0.536052135  0.63879693
10.5567      3.29896875    0.533954697  0.63763839
10.6938      3.3418125     0.53178925   0.63647991
10.8309      3.38465625    0.529760295  0.6352635
10.968       3.4275        0.527526472  0.6339891
11.1051      3.47034375    0.525225388  0.63271475
11.2422      3.5131875     0.522993277  0.63132459
11.3793      3.55603125    0.520693661  0.6298185
11.5164      3.598875      0.518259131  0.6283704
11.6535      3.64171875    0.515826542  0.6267485
11.7906      3.6845625     0.513395744  0.62506866
11.9277      3.72740625    0.510831558  0.6235047
12.0648      3.77025       0.508406091  0.6218828
12.2019      3.81309375    0.506050557  0.62037677
12.339       3.8559375     0.503629548  0.61887074
12.4761      3.89878125    0.50134621   0.61742258
12.6132      3.941625      0.498997115  0.61603236
12.7503      3.98446875    0.496717773  0.61475801
12.8874      4.0273125     0.494440295  0.6133678
13.0245      4.07015625    0.492097476  0.61209345
13.1616      4.113         0.489891986  0.61087704
13.2987      4.15584375    0.487755415  0.60971856
13.4358      4.1986875     0.485485449  0.60844421
13.5729      4.24153125    0.483284955  0.6072278
13.71        4.284375      0.48115309   0.60601133
13.8471      4.32721875    0.478753944  0.60479492
13.9842      4.3700625     0.476626326  0.60357851
14.1213      4.41290625    0.474365866  0.60230416
14.2584      4.45575       0.472107647  0.60097188
14.3955      4.49859375    0.469851832  0.59975547
14.5326      4.5414375     0.467665392  0.59853905
14.6697      4.58428125    0.465414071  0.59720677
14.8068      4.627125      0.46323222   0.59593236
14.9439      4.66996875    0.461052643  0.59471601
15.081       4.7128125     0.458942004  0.59349954
15.2181      4.75565625    0.456833071  0.59234107
15.3552      4.7985        0.454659132  0.59118253
15.4923      4.84134375    0.452487354  0.58996612
15.6294      4.8841875     0.450317647  0.58869177
15.7665      4.92703125    0.448017119  0.58735949
15.9036      4.969875      0.445786443  0.58608514
16.040701    5.012719063   0.443558967  0.58492666
16.177799    5.055562188   0.441467538  0.58371025
16.314899    5.098405938   0.439378545  0.58249378
16.452       5.14125       0.437292127  0.58133531
16.5891      5.18409375    0.435274635  0.58017677
16.7262      5.2269375     0.433193504  0.57913417
16.8633      5.26978125    0.431380223  0.57814944
17.000401    5.312625313   0.429567963  0.57722265
17.137501    5.355469063   0.427624667  0.57635379
17.274599    5.398312188   0.425815577  0.57548487
17.411699    5.441155938   0.423941623  0.57455808
17.5488      5.484         0.422069394  0.57368922
17.6859      5.52684375    0.420330538  0.57270449
17.823       5.5696875     0.418460293  0.57171977
17.9601      5.61253125    0.416525591  0.57073504
18.0972      5.655375      0.414592736  0.56963444
18.234301    5.698219063   0.412661681  0.56859177
18.371401    5.741062813   0.410666851  0.56749123
18.508499    5.783905938   0.408805539  0.56650651
18.645599    5.826749688   0.406748776  0.56546384
18.7827      5.86959375    0.404825992  0.56442118
18.9198      5.9124375     0.402839562  0.56343651
19.0569      5.95528125    0.400855676  0.56245178
19.194       5.998125      0.398939765  0.56146705
19.3311      6.04096875    0.397025921  0.5605402
19.468201    6.083812813   0.395048988  0.55961341
19.605301    6.126656563   0.393270661  0.55862868
19.742399    6.169499688   0.391362993  0.55764401
19.879499    6.212343438   0.389457546  0.55671716
20.0166      6.2551875     0.387619409  0.55561662
20.1537      6.29803125    0.385652693  0.55468976
20.2908      6.340875      0.383753869  0.55376297
20.4279      6.38371875    0.381922323  0.55277824
20.565001    6.426562813   0.379962583  0.55185145
20.702101    6.469406563   0.378070764  0.55104053
20.839199    6.512249688   0.37624636   0.5500558
20.976299    6.555093438   0.374359243  0.54930276
21.1134      6.5979375     0.372604441  0.5484339
21.2505      6.64078125    0.370786631  0.54756504
21.3876      6.683625      0.369035918  0.54669613
21.5247      6.72646875    0.367287012  0.54588521
21.6618      6.7693125     0.365539943  0.54495841
21.798901    6.812156563   0.363794681  0.54391575
21.936001    6.855000313   0.36192227   0.54293102
22.073099    6.897843438   0.360246408  0.54188836
22.210199    6.940687188   0.358507774  0.54090369
22.3473      6.98353125    0.356771441  0.5399189
22.4844      7.026375      0.355166312  0.5388763
22.6215      7.06921875    0.353498484  0.53800738
22.7586      7.1120625     0.352025668  0.53719646
22.8957      7.15490625    0.350425097  0.53644341
23.032801    7.197750313   0.348954749  0.53569037
23.169901    7.240594063   0.347485158  0.53505319
23.306999    7.283437188   0.346016393  0.53441608
23.444099    7.326280938   0.34454833   0.53372097
23.5812      7.369125      0.343208815  0.53302586
23.7183      7.41196875    0.341676584  0.53221488
23.8554      7.4548125     0.340017091  0.53123015
23.9925      7.49765625    0.338486816  0.53018755
24.129601    7.540500313   0.336829208  0.52926075
24.266701    7.583344063   0.335172773  0.52816015
24.403799    7.626187188   0.333453844  0.52711749
24.540899    7.669030938   0.331800277  0.52607483
24.677999    7.711874688   0.330211312  0.52497429
24.8151      7.75471875    0.328495406  0.52393162
24.9522      7.7975625     0.326716959  0.52283102
25.0893      7.84040625    0.324939954  0.52167255
25.2264      7.88325       0.323100821  0.52051407
25.363501    7.926094063   0.321390066  0.5192976
25.500601    7.968937813   0.319489437  0.51808119
25.637699    8.011780938   0.317527     0.51674891
25.774799    8.054624688   0.315566268  0.51541662
25.9119      8.09746875    0.313480512  0.51402646
26.049       8.1403125     0.311396919  0.5124625
26.1861      8.18315625    0.309188845  0.51072472
26.3232      8.226         0.306857226  0.50892907
26.4603      8.26884375    0.304591937  0.50707543
26.597401    8.311687813   0.302077437  0.50516391
26.734501    8.354531563   0.29969342   0.50313658
26.871599    8.397374688   0.297187292  0.50116712
27.008699    8.440218438   0.29487419   0.49925557
27.1458      8.4830625     0.292312781  0.49717027
27.2829      8.52590625    0.289819008  0.49525875
27.42        8.56875       0.28739226   0.49323136
27.5571      8.61159375    0.284843925  0.49120399
27.694201    8.654437813   0.282362875  0.48917663
27.831301    8.697281563   0.279823335  0.48714924
27.968399    8.740124688   0.277225871  0.4849481
28.105499    8.782968438   0.274695984  0.4828628
28.242599    8.825812188   0.272170814  0.4807196
28.3797      8.86865625    0.269650346  0.4786922
28.5168      8.9115        0.267134756  0.47660691
28.6539      8.95434375    0.264748684  0.47457951
28.791       8.9971875     0.262304312  0.47261009
28.928101    9.040031563   0.259864309  0.47075647
29.065201    9.082875313   0.257304447  0.46878701
29.202299    9.125718438   0.254936656  0.46687549
29.339399    9.168562188   0.252635392  0.46513775
29.4765      9.21140625    0.250338193  0.46334207
29.6136      9.25425       0.24804516   0.46154639
29.7507      9.29709375    0.245880256  0.45969281
29.8878      9.3399375     0.243594915  0.45778129
30.0249      9.38278125    0.241437709  0.45610145
30.162001    9.425625313   0.239345887  0.45442164
30.299101    9.468469063   0.237133564  0.4527418
30.436199    9.511312188   0.235048834  0.45123574
30.573299    9.554155938   0.232967351  0.44961384
30.7104      9.597         0.230950747  0.44799194
30.8475      9.63984375    0.228813498  0.44631213
30.9846      9.6826875     0.226679812  0.44463229
31.1217      9.72553125    0.224672872  0.44283661
31.258801    9.768375313   0.222607066  0.4410989
31.395901    9.811219063   0.220544255  0.43924528
31.533001    9.854062813   0.218422897  0.4374496
31.670099    9.896905938   0.216304803  0.43548015
31.807199    9.939749688   0.214189931  0.43356863
31.9443      9.98259375    0.212078116  0.43148333
32.081402    10.02543813   0.209846626  0.42939803
32.218498    10.06828063   0.207618843  0.4272548
32.355598    10.11112438   0.205394774  0.42493778
32.492699    10.15396844   0.203174355  0.42256287
32.629799    10.19681219   0.200896474  0.42018795
32.766899    10.23965594   0.198683823  0.4177551
32.903999    10.28249969   0.196474966  0.41549602
33.0411      10.32534375   0.194269994  0.41306317
33.1782      10.3681875    0.192129984  0.41091993
33.3153      10.41103125   0.189993665  0.40871879
33.4524      10.453875     0.187922055  0.40651765
33.5895      10.49671875   0.185853895  0.40437442
33.726601    10.53956281   0.183789288  0.40217328
33.863701    10.58240656   0.181789152  0.39991421
34.000801    10.62525031   0.179792372  0.39771304
34.137901    10.66809406   0.177738357  0.3955119
34.275002    10.71093813   0.175931525  0.39336869
34.412102    10.75378188   0.174066905  0.3913413
34.549198    10.79662438   0.172266521  0.389256
34.686298    10.83946813   0.170530424  0.38746032
34.823399    10.88231219   0.16891959   0.38566464
34.960499    10.92515594   0.167374529  0.38386899
35.097599    10.96799969   0.169589819  0.35369006
35.234699    11.01084344   0.167669083  0.3517206
35.371799    11.05368719   0.165630035  0.34975114
35.5089      11.09653125   0.163715371  0.34778169
35.646       11.139375     0.161803445  0.3459281
35.7831      11.18221875   0.159773519  0.34407449
35.9202      11.2250625    0.157988689  0.34210506
36.057301    11.26790656   0.156085445  0.34025145
36.194401    11.31075031   0.154185224  0.33828199
36.331501    11.35359406   0.15252932   0.33654425
36.468601    11.39643781   0.150754713  0.3348065
36.605701    11.43928156   0.148982518  0.33295289
36.742802    11.48212563   0.147212693  0.33121514
36.879902    11.52496938   0.145324921  0.32936156
37.016998    11.56781188   0.143560579  0.32750794
37.154099    11.61065594   0.141919102  0.3257702
37.291199    11.65349969   0.140159605  0.32426414
37.428299    11.69634344   0.138643202  0.32275811
37.565399    11.73918719   0.137128516  0.32125205
37.702499    11.78203094   0.135615477  0.31974599
37.8396      11.824875     0.133984097  0.3183558
37.9767      11.86771875   0.132474784  0.3167339
38.1138      11.9105625    0.130847237  0.31499615
38.2509      11.95340625   0.129341678  0.31314254
38.388       11.99625      0.127837721  0.31128895
38.525101    12.03909406   0.12621565   0.30955121
38.662201    12.08193781   0.124715382  0.30769759
38.799301    12.12478156   0.123336275  0.30584401
38.936401    12.16762531   0.121718965  0.30399039
39.073502    12.21046938   0.120103538  0.30213681
39.210602    12.25331313   0.118609274  0.29993564
39.347698    12.29615563   0.11675799   0.2977345
39.484798    12.33899938   0.115147939  0.2951858
39.621899    12.38184344   0.113420097  0.29252124
39.758999    12.42468719   0.111574814  0.28962499
39.896099    12.46753094   0.10961262   0.28649706
40.033199    12.51037469   0.107772345  0.28325325
40.1703      12.55321875   0.105934372  0.28000945
40.3074      12.5960625    0.10409868   0.27688149
40.4445      12.63890625   0.102146308  0.27363771
40.5816      12.68175      0.10043468   0.27062559
40.7187      12.72459375   0.09860613   0.2676135
40.855801    12.76743781   0.096898908  0.26483309
40.992901    12.81028156   0.09519376   0.26193684
41.130001    12.85312531   0.093490744  0.25938815
41.267101    12.89596906   0.091908682  0.25683945
41.404202    12.93881313   0.090328428  0.2544066
41.541302    12.98165688   0.088750061  0.25208959
41.678398    13.02449938   0.087292232  0.2495409
41.815498    13.06734313   0.085717364  0.24733976
41.952599    13.11018719   0.084263092  0.2449069
42.089699    13.15303094   0.082929113  0.24293745
42.226799    13.19587469   0.081596566  0.240968
42.363899    13.23871844   0.080265524  0.2391144
42.500999    13.28156219   0.079054524  0.23760834
42.6381      13.32440625   0.077963265  0.2361023
42.7752      13.36725      0.076754681  0.23482795
42.9123      13.41009375   0.075784265  0.2337853
43.0494      13.4529375    0.074696434  0.23285849
43.186501    13.49578156   0.073846521  0.23227926
43.323601    13.53862531   0.072997396  0.23181584
43.460701    13.58146906   0.072267385  0.2314683
43.597801    13.62431281   0.071656163  0.2314683
43.734901    13.66715656   0.070927059  0.23123661
43.872002    13.71000063   0.070316741  0.23112075
44.009102    13.75284438   0.069706752  0.23088905
44.146198    13.79568688   0.069097095  0.23065735
44.283298    13.83853063   0.068487774  0.23019394
44.420399    13.88137469   0.067878767  0.2298464
44.557499    13.92421844   0.067270071  0.22938301
44.694599    13.96706219   0.066661669  0.2289196
44.831699    14.00990594   0.06593562   0.2282245
44.9688      14.05275      0.065446028  0.22752941
45.1059      14.09559375   0.064838544  0.2268343
45.243       14.1384375    0.064231314  0.22602335
45.3801      14.18128125   0.063624288  0.2252124
45.5172      14.224125     0.062899609  0.2242856
45.654301    14.26696906   0.062175329  0.22301126
45.791401    14.30981281   0.061451408  0.22162105
45.928501    14.35265656   0.060610104  0.21988329
46.065601    14.39550031   0.05988707   0.21802969
46.202702    14.43834438   0.059046626  0.21606025
46.339802    14.48118813   0.05808903   0.2138591
46.476898    14.52403063   0.057132198  0.2117738
46.613998    14.56687438   0.056293723  0.20957264
46.751099    14.60971844   0.055338231  0.20748734
46.888199    14.65256219   0.054501107  0.20540205
47.025299    14.69540594   0.053782078  0.20331675
47.162399    14.73824969   0.052945892  0.20146315
47.2995      14.78109375   0.052110268  0.19960955
47.4366      14.8239375    0.051275228  0.19798765
47.5737      14.86678125   0.05055818   0.19636574
47.7108      14.909625     0.049724099  0.19474386
47.8479      14.95246875   0.049007944  0.1930061
47.985001    14.99531281   0.048174757  0.19126835
48.122101    15.03815656   0.047224796  0.1895306
48.259201    15.08100031   0.046510206  0.18790869
48.396301    15.12384406   0.045678719  0.18628681
48.533401    15.16668781   0.044965085  0.1848966
48.670502    15.20953188   0.044251842  0.18339054
48.807598    15.25237438   0.04353898   0.18176866
48.944698    15.29521813   0.042709322  0.1800309
49.081799    15.33806219   0.042114591  0.1781773
49.218899    15.38090594   0.041285757  0.1763237
49.355999    15.42374969   0.040574649  0.17435426
49.493099    15.46659344   0.039863972  0.1726165
49.630199    15.50943719   0.03927083   0.17064705
49.7673      15.55228125   0.038560881  0.16879345
49.9044      15.595125     0.037968445  0.166824
50.0415      15.63796875   0.037376305  0.1649704
50.1786      15.6808125    0.036784459  0.16300096
50.315701    15.72365656   0.036192903  0.16114736
50.452801    15.76650031   0.035601657  0.1591779
50.589901    15.80934406   0.035010721  0.15720844
50.727001    15.85218781   0.034537064  0.15512314
50.864101    15.89503156   0.033946621  0.1531537
51.001202    15.93787563   0.033356505  0.15118425
51.138302    15.98071938   0.032883655  0.14933065
51.275398    16.02356188   0.032411003  0.1473612
51.412498    16.06640563   0.031938569  0.14562345
51.549599    16.10924969   0.031466346  0.143654
51.686699    16.15209344   0.030994365  0.1420321
51.823799    16.19493719   0.03063948   0.14029434
51.960899    16.23778094   0.030284713  0.13890415
52.098       16.280625     0.029930065  0.13728225
52.2351      16.32346875   0.029575522  0.13554449
52.3722      16.3663125    0.029104319  0.13392261
52.5093      16.40915625   0.028866923  0.1323007
52.6464      16.452        0.028512752  0.13079464
52.783501    16.49484406   0.028041965  0.1292886
52.920601    16.53768781   0.027804911  0.1276667
53.057701    16.58053156   0.027451151  0.12604479
53.194801    16.62337531   0.027214227  0.1244229
53.331902    16.66621938   0.026743923  0.12268515
53.469002    16.70906313   0.026507241  0.1209474
53.606098    16.75190563   0.026153918  0.1193255
53.743198    16.79474938   0.02591739   0.1179353
53.880299    16.83759344   0.025564238  0.1165451
54.017399    16.88043719   0.025327847  0.1151549
54.154499    16.92328094   0.024858233  0.113533
54.291599    16.96612469   0.024622097  0.11202695
54.428699    17.00896844   0.024386001  0.1105209
54.5658      17.0518125    0.024149912  0.108899
54.7029      17.09465625   0.023680697  0.1072771
54.84        17.1375       0.023444846  0.10553935
54.9771      17.18034375   0.023092473  0.10368575
55.114201    17.22318781   0.022856771  0.1017163
55.251301    17.26603156   0.022504565  0.099862702
55.388401    17.30887531   0.022152494  0.0982408
55.525501    17.35171906   0.021917074  0.0963872
55.662601    17.39456281   0.021681686  0.094649449
55.799702    17.43740688   0.021329843  0.093259253
55.936798    17.48024938   0.020978142  0.091637351
56.073898    17.52309313   0.020743061  0.090247147
56.210999    17.56593719   0.020624481  0.08885695
56.348099    17.60878094   0.020272963  0.087466747
56.485199    17.65162469   0.020038018  0.086192399
56.622299    17.69446844   0.019803111  0.084686346
56.759399    17.73731219   0.019451835  0.083180301
56.8965      17.78015625   0.019217103  0.081674248
57.0336      17.823        0.018982417  0.080168203
57.1707      17.86584375   0.018747776  0.078893848
57.3078      17.9086875    0.018396807  0.077503651
57.444901    17.95153156   0.018162342  0.076229297
57.582001    17.99437531   0.017927936  0.074954949
57.719101    18.03721906   0.017693597  0.073448896
57.856201    18.08006281   0.017575647  0.0720587
57.993301    18.12290656   0.017225028  0.070436798
58.130402    18.16575063   0.017107185  0.069046602
58.267502    18.20859438   0.016873017  0.067772247
58.404598    18.25143688   0.016638914  0.0664979
58.541698    18.29428063   0.016521161  0.065223552
58.678799    18.33712469   0.016287107  0.063833348
58.815899    18.37996844   0.016053107  0.062559001
58.952999    18.42281219   0.015819162  0.061052948
59.090099    18.46565594   0.015585274  0.059546899
59.2272      18.5085       0.015351451  0.057925001
59.3643      18.55134375   0.015233925  0.056071401
59.5014      18.5941875    0.015000153  0.054101951
59.6385      18.63703125   0.014766434  0.052132498
59.7756      18.679875     0.01453277   0.0500472
59.912701    18.72271906   0.014299164  0.0481936
60.049801    18.76556281   0.014065623  0.04634
60.186901    18.80840656   0.013948332  0.0444864
60.324001    18.85125031   0.013714858  0.042748649
60.461102    18.89409438   0.01359761   0.040895049
60.598202    18.93693813   0.013248032  0.039041448
60.735298    18.97978063   0.013130896  0.037187848
60.872398    19.02262438   0.012897619  0.035450101
61.009499    19.06546844   0.01278056   0.033828199
61.146599    19.10831219   0.012663515  0.032206301
61.283699    19.15115594   0.01254648   0.030816101
61.420799    19.19399969   0.012313343  0.02954175
61.557899    19.23684344   0.012196406  0.028614949
61.695       19.2796875    0.012079516  0.027919849
61.8321      19.32253125   0.01219488   0.0275723
61.9692      19.365375     0.012310177  0.0273406
62.1063      19.40821875   0.01242539   0.0271089
62.243401    19.45106281   0.012424434  0.026761349
62.380501    19.49390656   0.012423436  0.026297949
62.517601    19.53675031   0.012422381  0.025834549
62.654701    19.57959406   0.012305215  0.025371149
62.791801    19.62243781   0.012188039  0.0247919
62.928902    19.66528188   0.012070839  0.0240968
63.066002    19.70812563   0.011837591  0.0236334
63.203098    19.75096813   0.011488371  0.02317
63.340199    19.79381219   0.011371222  0.022590751
63.477299    19.83665594   0.011022053  0.0222432
63.614399    19.87949969   0.010556986  0.0217798
63.751499    19.92234344   0.01032397   0.021200551
63.888599    19.96518719   0.009859051  0.020505451
64.025703    20.00803219   0.009510186  0.0199262
64.162804    20.05087625   0.008929507  0.019115251
64.299896    20.0937175    0.00858084   0.018420151
64.436996    20.13656125   0.008116302  0.0176092
64.574097    20.17940531   0.007535951  0.016682399
64.711197    20.22224906   0.007071647  0.01587145
64.848297    20.26509281   0.006723327  0.01494465
64.985397    20.30793656   0.006143275  0.013902
65.122498    20.35078063   0.005679225  0.01285935
65.259598    20.39362438   0.005099377  0.01170085
65.396698    20.43646813   0.004635505  0.01054235
65.533798    20.47931188   0.004055838  0.0094997
65.670898    20.52215563   0.003592124  0.0083412
65.807999    20.56499969   0.003012614  0.0071827
65.945099    20.60784344   0.002549034  0.00614005
66.082199    20.65068719   0.002201357  0.00498155
66.219299    20.69353094   0.001737859  0.0039389
66.3564      20.736375     0.001274399  0.00289625
66.4935      20.77921875   0.000926818  0.00196945
66.6306      20.8220625    0.000579254  0.00104265
66.7677      20.86490625   0.0002317    0.00011585
66.9048      20.90775      0            0
67.041901    20.95059406   0            0
67.179001    20.99343781   0            0
67.316101    21.03628156   0            0
67.453201    21.07912531   0            0
67.590302    21.12196938   0            0
67.727402    21.16481313   0            0
67.864502    21.20765688   0            0
68.001602    21.25050063   0            0
68.138702    21.29334438   0            0
68.275803    21.33618844   0            0
68.412903    21.37903219   0            0
68.550003    21.42187594   0            0
68.687103    21.46471969   0            0
68.824203    21.50756344   0            0
68.961304    21.5504075    0            0
69.098396    21.59324875   0            0
69.235497    21.63609281   0            0
69.372597    21.67893656   0            0
69.509697    21.72178031   0            0
69.646797    21.76462406   0            0
69.783897    21.80746781   0            0
69.920998    21.85031188   0            0
70.058098    21.89315563   0            0
70.195198    21.93599938   0            0
70.332298    21.97884313   0            0
70.469398    22.02168688   0            0
70.606499    22.06453094   0            0
70.743599    22.10737469   0            0
70.880699    22.15021844   0            0
71.017799    22.19306219   0            0
71.1549      22.23590625   0            0
71.292       22.27875      0            0
71.4291      22.32159375   0            0
71.5662      22.3644375    0            0
71.7033      22.40728125   0            0
71.840401    22.45012531   0            0
71.977501    22.49296906   0            0
72.114601    22.53581281   0            0
72.251701    22.57865656   0            0
72.388802    22.62150063   0            0
72.525902    22.66434438   0            0
72.663002    22.70718813   0            0
72.800102    22.75003188   0            0
72.937202    22.79287563   0            0
73.074303    22.83571969   0            0
73.211403    22.87856344   0            0
73.348503    22.92140719   0            0
73.485603    22.96425094   0            0
73.622704    23.007095     0            0
73.759804    23.04993875   0            0
73.896896    23.09278      0            0
74.033997    23.13562406   0            0
74.171097    23.17846781   0            0
74.308197    23.22131156   0            0
74.445297    23.26415531   0            0
74.582397    23.30699906   0            0
74.719498    23.34984313   0            0
74.856598    23.39268688   0            0
74.993698    23.43553063   0            0
75.130798    23.47837438   0            0
75.267899    23.52121844   0            0
75.404999    23.56406219   0            0
75.542099    23.60690594   0            0
75.679199    23.64974969   0            0
75.816299    23.69259344   0            0
75.9534      23.7354375    0            0
76.0905      23.77828125   0            0
76.2276      23.821125     0            0
76.3647      23.86396875   0            0
76.501801    23.90681281   0            0
76.638901    23.94965656   0            0
76.776001    23.99250031   0            0
76.913101    24.03534406   0            0
77.050201    24.07818781   0            0
77.187302    24.12103188   0            0
77.324402    24.16387563   0            0
77.461502    24.20671938   0            0
77.598602    24.24956313   0            0
77.735703    24.29240719   0            0
77.872803    24.33525094   0            0
78.009903    24.37809469   0            0
78.147003    24.42093844   0            0
78.284103    24.46378219   0            0
78.421204    24.50662625   0            0
78.558296    24.5494675    0            0
78.695396    24.59231125   0            0
78.832497    24.63515531   0            0
78.969597    24.67799906   0            0
79.106697    24.72084281   0            0
79.243797    24.76368656   0            0
79.380898    24.80653063   0            0
79.517998    24.84937438   0            0
79.655098    24.89221813   0            0
79.792198    24.93506188   0            0
79.929298    24.97790563   0            0
