#    r         (mm)  r/D  T(K)  std  T  (K)
-50  -15.625   294   0
-45  -14.0625  1567  116
-40  -12.5     1571  115
-35  -10.9375  1576  111
-30  -9.375    1577  108
-25  -7.8125   1577  103
-20  -6.25     1572  100
-15  -4.6875   1567  98
-10  -3.125    1559  95
-5   -1.5625   1554  95
0    0         1549  95
5    1.5625    1548  95
10   3.125     1549  95
15   4.6875    1553  97
20   6.25      1558  102
25   7.8125    1565  100
30   9.375     1569  99
35   10.9375   1568  114
40   12.5      1560  130
45   14.0625   1574  104
50   15.625    294   0
