#            x/D           =            164.0625  ~   164    
#            r             (mm)         r/D       fv  (ppm)  rms_fv
-79.929298   -24.97790563  0.0020853    0.01494465
-79.792198   -24.93506188  0.002085426  0.0145971
-79.655098   -24.89221813  0.002085514  0.0143654
-79.517998   -24.84937438  0.002085587  0.0141337
-79.380898   -24.80653063  0.002085649  0.01401785
-79.243797   -24.76368656  0.002085705  0.01378615
-79.106697   -24.72084281  0.002085756  0.0136703
-78.969597   -24.67799906  0.002085804  0.01355445
-78.832497   -24.63515531  0.001969967  0.01332275
-78.695396   -24.59231125  0.00197      0.01309105
-78.558296   -24.5494675   0.001970033  0.01285935
-78.421204   -24.50662625  0.001970064  0.01262765
-78.284103   -24.46378219  0.001970095  0.01239595
-78.147003   -24.42093844  0.001970124  0.01216425
-78.009903   -24.37809469  0.001970153  0.01193255
-77.872803   -24.33525094  0.001970181  0.011585
-77.735703   -24.29240719  0.001970208  0.0113533
-77.598602   -24.24956313  0.001970234  0.01123745
-77.461502   -24.20671938  0.001970259  0.01100575
-77.324402   -24.16387563  0.001854385  0.0108899
-77.187302   -24.12103188  0.001854402  0.0108899
-77.050201   -24.07818781  0.00185442   0.01100575
-76.913101   -24.03534406  0.001854438  0.01123745
-76.776001   -23.99250031  0.001970359  0.01146915
-76.638901   -23.94965656  0.001970385  0.0118167
-76.501801   -23.90681281  0.001970408  0.01216425
-76.3647     -23.86396875  0.001970431  0.0125118
-76.2276     -23.821125    0.001970453  0.0129752
-76.0905     -23.77828125  0.001970474  0.01332275
-75.9534     -23.7354375   0.001970494  0.0136703
-75.816299   -23.69259344  0.001970514  0.01401785
-75.679199   -23.64974969  0.002086448  0.01424955
-75.542099   -23.60690594  0.002086475  0.01448125
-75.404999   -23.56406219  0.0020865    0.01471295
-75.267899   -23.52121844  0.002086524  0.01494465
-75.130798   -23.47837438  0.002086546  0.01517635
-74.993698   -23.43553063  0.002086569  0.01540805
-74.856598   -23.39268688  0.00208659   0.015755599
-74.719498   -23.34984313  0.002086611  0.01633485
-74.582397   -23.30699906  0.002086632  0.016914099
-74.445297   -23.26415531  0.002086652  0.01749335
-74.308197   -23.22131156  0.002202598  0.01795675
-74.171097   -23.17846781  0.002202626  0.018536
-74.033997   -23.13562406  0.002202651  0.0189994
-73.896896   -23.09278     0.002202675  0.019346951
-73.759804   -23.04993875  0.002202699  0.019578651
-73.622704   -23.007095    0.002202721  0.019810351
-73.485603   -22.96425094  0.002202743  0.0199262
-73.348503   -22.92140719  0.002202765  0.020042051
-73.211403   -22.87856344  0.002202786  0.0203896
-73.074303   -22.83571969  0.002202806  0.0206213
-72.937202   -22.79287563  0.002202827  0.020853
-72.800102   -22.75003188  0.002202847  0.0210847
-72.663002   -22.70718813  0.002202866  0.021200551
-72.525902   -22.66434438  0.002086945  0.021200551
-72.388802   -22.62150063  0.002086956  0.020968851
-72.251701   -22.57865656  0.002086969  0.0206213
-72.114601   -22.53581281  0.002086983  0.020273751
-71.977501   -22.49296906  0.002086997  0.0196945
-71.840401   -22.45012531  0.001971066  0.0192311
-71.7033     -22.40728125  0.001971074  0.018651851
-71.5662     -22.3644375   0.001971083  0.0180726
-71.4291     -22.32159375  0.001971093  0.01749335
-71.292      -22.27875     0.001855156  0.016914099
-71.1549     -22.23590625  0.00185516   0.01633485
-71.017799   -22.19306219  0.001855166  0.01587145
-70.880699   -22.15021844  0.001855173  0.0155239
-70.743599   -22.10737469  0.00185518   0.0152922
-70.606499   -22.06453094  0.001739239  0.0152922
-70.469398   -22.02168688  0.001739241  0.0152922
-70.332298   -21.97884313  0.001739244  0.0155239
-70.195198   -21.93599938  0.001739249  0.015755599
-70.058098   -21.89315563  0.001739254  0.01610315
-69.920998   -21.85031188  0.00173926   0.016450699
-69.783897   -21.80746781  0.001739266  0.016914099
-69.646797   -21.76462406  0.001855223  0.017377499
-69.509697   -21.72178031  0.001855235  0.01795675
-69.372597   -21.67893656  0.001855246  0.018536
-69.235497   -21.63609281  0.001855256  0.019115251
-69.098396   -21.59324875  0.001855266  0.0196945
-68.961304   -21.5504075   0.001855276  0.0201579
-68.824203   -21.50756344  0.001855285  0.0206213
-68.687103   -21.46471969  0.001855294  0.020968851
-68.550003   -21.42187594  0.001855304  0.021200551
-68.412903   -21.37903219  0.001855313  0.021432251
-68.275803   -21.33618844  0.001855322  0.0215481
-68.138702   -21.29334438  0.001855331  0.021663951
-68.001602   -21.25050063  0.001855339  0.021663951
-67.864502   -21.20765688  0.001855348  0.021663951
-67.727402   -21.16481313  0.001855357  0.0215481
-67.590302   -21.12196938  0.001855366  0.021432251
-67.453201   -21.07912531  0.001855374  0.0213164
-67.316101   -21.03628156  0.001855383  0.0210847
-67.179001   -20.99343781  0.001855391  0.020853
-67.041901   -20.95059406  0.0018554    0.0206213
-66.9048     -20.90775     0.001855408  0.0203896
-66.7677     -20.86490625  0.002087344  0.021200551
-66.6306     -20.8220625   0.00243526   0.022127351
-66.4935     -20.77921875  0.002667238  0.022822451
-66.3564     -20.736375    0.002783262  0.023517551
-66.219299   -20.69353094  0.003015261  0.023980949
-66.082199   -20.65068719  0.00324728   0.0245602
-65.945099   -20.60784344  0.003595297  0.0250236
-65.807999   -20.56499969  0.003711392  0.025371149
-65.670898   -20.52215563  0.003943471  0.025834549
-65.533798   -20.47931188  0.004291563  0.026297949
-65.396698   -20.43646813  0.004523709  0.026761349
-65.259598   -20.39362438  0.004755876  0.0273406
-65.122498   -20.35078063  0.00510407   0.027688149
-64.985397   -20.30793656  0.005336309  0.0282674
-64.848297   -20.26509281  0.005568572  0.0287308
-64.711197   -20.22224906  0.005916878  0.0291942
-64.574097   -20.17940531  0.006149219  0.0296576
-64.436996   -20.13656125  0.006381585  0.03023685
-64.299896   -20.0937175   0.00661398   0.031047801
-64.162804   -20.05087625  0.006962445  0.03185875
-64.025703   -20.00803219  0.007194928  0.032669701
-63.888599   -19.96518719  0.007427439  0.033596501
-63.751499   -19.92234344  0.00765998   0.034870852
-63.614399   -19.87949969  0.007892555  0.035913501
-63.477299   -19.83665594  0.008241236  0.037187848
-63.340199   -19.79381219  0.00835783   0.038462199
-63.203098   -19.75096813  0.008590501  0.039504848
-63.066002   -19.70812563  0.008707117  0.04066335
-62.928902   -19.66528188  0.00882373   0.041706
-62.791801   -19.62243781  0.009056455  0.0426328
-62.654701   -19.57959406  0.009173112  0.043212049
-62.517601   -19.53675031  0.009173647  0.043675449
-62.380501   -19.49390656  0.009174148  0.043791302
-62.243401   -19.45106281  0.009174624  0.043675449
-62.1063     -19.40821875  0.009175081  0.0435596
-61.9692     -19.365375    0.009059376  0.043327902
-61.8321     -19.32253125  0.008943619  0.042864501
-61.695      -19.2796875   0.009060134  0.0430962
-61.557899   -19.23684344  0.009060524  0.0435596
-61.420799   -19.19399969  0.009177067  0.044023
-61.283699   -19.15115594  0.009293638  0.044718102
-61.146599   -19.10831219  0.00941023   0.045760751
-61.009499   -19.06546844  0.009526841  0.046687551
-60.872398   -19.02262438  0.009643469  0.047961898
-60.735298   -18.97978063  0.009876305  0.049352098
-60.598202   -18.93693813  0.009993     0.050742298
-60.461102   -18.89409438  0.010109703  0.052248351
-60.324001   -18.85125031  0.010226417  0.053522699
-60.186901   -18.80840656  0.01045936   0.05479705
-60.049801   -18.76556281  0.010576138  0.055955552
-59.912701   -18.72271906  0.010692922  0.056998201
-59.7756     -18.679875    0.010809716  0.058156699
-59.6385     -18.63703125  0.011042762  0.059199352
-59.5014     -18.5941875   0.011043374  0.060473699
-59.3643     -18.55134375  0.011276451  0.06174805
-59.2272     -18.5085      0.011509591  0.062906548
-59.090099   -18.46565594  0.01162652   0.064065047
-58.952999   -18.42281219  0.01174345   0.065339401
-58.815899   -18.37996844  0.01186039   0.066266201
-58.678799   -18.33712469  0.012093625  0.067308851
-58.541698   -18.29428063  0.01232692   0.068467349
-58.404598   -18.25143688  0.01244397   0.069625847
-58.267502   -18.20859438  0.012677325  0.070668504
-58.130402   -18.16575063  0.012910737  0.071942851
-57.993301   -18.12290656  0.013027881  0.073217198
-57.856201   -18.08006281  0.01326135   0.074375696
-57.719101   -18.03721906  0.013494875  0.075650051
-57.582001   -17.99437531  0.013728454  0.076808549
-57.444901   -17.95153156  0.013845733  0.078082897
-57.3078     -17.9086875   0.014079362  0.079241402
-57.1707     -17.86584375  0.014313051  0.080399901
-57.0336     -17.823       0.014546792  0.081326701
-56.8965     -17.78015625  0.014664201  0.082137652
-56.759399   -17.73731219  0.014897992  0.082948603
-56.622299   -17.69446844  0.015015446  0.083759546
-56.485199   -17.65162469  0.0152493    0.084570497
-56.348099   -17.60878094  0.015483218  0.085381448
-56.210999   -17.56593719  0.015600766  0.085960701
-56.073898   -17.52309313  0.015834739  0.086539946
-55.936798   -17.48024938  0.016068776  0.087235048
-55.799702   -17.43740688  0.01618642   0.08793015
-55.662601   -17.39456281  0.016420512  0.088509403
-55.525501   -17.35171906  0.016654669  0.089436203
-55.388401   -17.30887531  0.016888883  0.090247147
-55.251301   -17.26603156  0.017239635  0.091173947
-55.114201   -17.22318781  0.017474015  0.092216603
-54.9771     -17.18034375  0.017708434  0.093375102
-54.84       -17.1375      0.017942901  0.0945336
-54.7029     -17.09465625  0.018410461  0.095692098
-54.5658     -17.0518125   0.018645151  0.096618898
-54.428699   -17.00896844  0.018996407  0.097545698
-54.291599   -16.96612469  0.019231222  0.098472498
-54.154499   -16.92328094  0.019582631  0.099515148
-54.017399   -16.88043719  0.019817584  0.1003261
-53.880299   -16.83759344  0.020169153  0.10113705
-53.743198   -16.79474938  0.02052084   0.10206385
-53.606098   -16.75190563  0.020756032  0.1028748
-53.469002   -16.70906313  0.021107868  0.10391745
-53.331902   -16.66621938  0.021343192  0.1049601
-53.194801   -16.62337531  0.021811829  0.1061186
-53.057701   -16.58053156  0.022164021  0.10739295
-52.920601   -16.53768781  0.022516311  0.1086673
-52.783501   -16.49484406  0.022868703  0.1100575
-52.6464     -16.452       0.023221199  0.11133185
-52.5093     -16.40915625  0.023690503  0.11272205
-52.3722     -16.3663125   0.024043291  0.1142281
-52.2351     -16.32346875  0.024396167  0.11573415
-52.098      -16.280625    0.024982624  0.11735605
-51.960899   -16.23778094  0.025335868  0.1190938
-51.823799   -16.19493719  0.025805948  0.120484
-51.686699   -16.15209344  0.026276218  0.12175835
-51.549599   -16.10924969  0.026629871  0.122801
-51.412498   -16.06640563  0.027100411  0.1237278
-51.275398   -16.02356188  0.027337494  0.1246546
-51.138302   -15.98071938  0.027808235  0.12546556
-51.001202   -15.93787563  0.028279197  0.12627649
-50.864101   -15.89503156  0.028633484  0.1269716
-50.727001   -15.85218781  0.02898785   0.12778255
-50.589901   -15.80934406  0.029459214  0.1285935
-50.452801   -15.76650031  0.029813875  0.12940446
-50.315701   -15.72365656  0.030285554  0.13021541
-50.1786     -15.6808125   0.030640498  0.1311422
-50.0415     -15.63796875  0.031229452  0.13206901
-49.9044     -15.595125    0.031584779  0.13311166
-49.7673     -15.55228125  0.032057162  0.1341543
-49.630199   -15.50943719  0.03241274   0.13519695
-49.493099   -15.46659344  0.032885424  0.1362396
-49.355999   -15.42374969  0.033358326  0.13751395
-49.218899   -15.38090594  0.03383143   0.13867246
-49.081799   -15.33806219  0.034421812  0.14006265
-48.944698   -15.29521813  0.034778322  0.14145285
-48.807598   -15.25237438  0.035251989  0.1427272
-48.670502   -15.20953188  0.035725866  0.1441174
-48.533401   -15.16668781  0.036199939  0.14562345
-48.396301   -15.12384406  0.036674217  0.14689779
-48.259201   -15.08100031  0.037148685  0.14851969
-48.122101   -15.03815656  0.037740564  0.1501416
-47.985001   -14.99531281  0.03821555   0.1517635
-47.8479     -14.95246875  0.03880795   0.1538488
-47.7108     -14.909625    0.039283417  0.15604995
-47.5737     -14.86678125  0.039876331  0.15825111
-47.4366     -14.8239375   0.040586879  0.16045225
-47.2995     -14.78109375  0.041063233  0.16276924
-47.162399   -14.73824969  0.041774405  0.1652021
-47.025299   -14.69540594  0.042368681  0.16775081
-46.888199   -14.65256219  0.043080613  0.17018364
-46.751099   -14.60971844  0.04379299   0.1726165
-46.613998   -14.56687438  0.044505791  0.17516521
-46.476898   -14.52403063  0.04510155   0.1777139
-46.339802   -14.48118813  0.046049982  0.18014675
-46.202702   -14.43834438  0.046764184  0.18269545
-46.065601   -14.39550031  0.047478743  0.1851283
-45.928501   -14.35265656  0.048193692  0.1874453
-45.791401   -14.30981281  0.048909031  0.18987815
-45.654301   -14.26696906  0.04962478   0.19207931
-45.5172     -14.224125    0.050340934  0.19404875
-45.3801     -14.18128125  0.05117514   0.1960182
-45.243      -14.1384375   0.051892267  0.1978718
-45.1059     -14.09559375  0.05272747   0.19960955
-44.9688     -14.05275     0.053445538  0.20134731
-44.831699   -14.00990594  0.054281729  0.20320091
-44.694599   -13.96706219  0.055000737  0.20493865
-44.557499   -13.92421844  0.055837914  0.20656055
-44.420399   -13.88137469  0.056557865  0.2082983
-44.283298   -13.83853063  0.057396038  0.2099202
-44.146198   -13.79568688  0.058116936  0.2115421
-44.009102   -13.75284438  0.058956119  0.21304815
-43.872002   -13.71000063  0.059677968  0.21432251
-43.734901   -13.66715656  0.060400192  0.2157127
-43.597801   -13.62431281  0.061122826  0.2168712
-43.460701   -13.58146906  0.061845878  0.21791385
-43.323601   -13.53862531  0.062569352  0.21907236
-43.186501   -13.49578156  0.063293258  0.21999915
-43.0494     -13.4529375   0.064017603  0.22092596
-42.9123     -13.41009375  0.064624238  0.22208445
-42.7752     -13.36725     0.065349272  0.22324295
-42.6381     -13.32440625  0.065956594  0.2242856
-42.500999   -13.28156219  0.066682388  0.2252124
-42.363899   -13.23871844  0.067408688  0.22625504
-42.226799   -13.19587469  0.068135467  0.22729769
-42.089699   -13.15303094  0.068862709  0.2284562
-41.952599   -13.11018719  0.069708775  0.2296147
-41.815498   -13.06734313  0.070555544  0.23100489
-41.678398   -13.02449938  0.07128455   0.23227926
-41.541302   -12.98165688  0.072132404  0.23366944
-41.404202   -12.93881313  0.072980937  0.23529135
-41.267101   -12.89596906  0.073948628  0.23668155
-41.130001   -12.85312531  0.074917185  0.2381876
-40.992901   -12.81028156  0.075886587  0.23969366
-40.855801   -12.76743781  0.076856781  0.2411997
-40.7187     -12.72459375  0.077827779  0.24270575
-40.5816     -12.68175     0.078918238  0.24421179
-40.4445     -12.63890625  0.079891039  0.24571785
-40.3074     -12.5960625   0.080864578  0.2472239
-40.1703     -12.55321875  0.081957648  0.2488458
-40.033199   -12.51037469  0.083170574  0.25058356
-39.896099   -12.46753094  0.084265923  0.2523213
-39.758999   -12.42468719  0.085362197  0.25405905
-39.621899   -12.38184344  0.086697277  0.25568095
-39.484798   -12.33899938  0.087795953  0.25730285
-39.347698   -12.29615563  0.089133476  0.25904059
-39.210602   -12.25331313  0.090234418  0.26089421
-39.073502   -12.21046938  0.091574339  0.26274779
-38.936401   -12.16762531  0.092915763  0.26483309
-38.799301   -12.12478156  0.094377777  0.26668671
-38.662201   -12.08193781  0.095722283  0.26877201
-38.525101   -12.03909406  0.097187362  0.2708573
-38.388      -11.99625     0.09853481   0.2729426
-38.2509     -11.95340625  0.100002893  0.27514374
-38.1138     -11.9105625   0.101472633  0.27722904
-37.9767     -11.86771875  0.102943993  0.27931434
-37.8396     -11.824875    0.104416967  0.28116795
-37.702499   -11.78203094  0.105891542  0.28302154
-37.565399   -11.73918719  0.107367719  0.28487515
-37.428299   -11.69634344  0.10872588   0.2866129
-37.291199   -11.65349969  0.110204949  0.28835064
-37.154099   -11.61065594  0.111685697  0.29008839
-37.016998   -11.56781188  0.113168098  0.29171029
-36.879902   -11.52496938  0.114652127  0.29344806
-36.742802   -11.48212563  0.116017949  0.29541749
-36.605701   -11.43928156  0.117504929  0.29715526
-36.468601   -11.39643781  0.118993628  0.29877716
-36.331501   -11.35359406  0.120364012  0.30039904
-36.194401   -11.31075031  0.121855728  0.3019051
-36.057301   -11.26790656  0.123229087  0.303527
-35.9202     -11.2250625   0.124603768  0.30503306
-35.7831     -11.18221875  0.126100028  0.30653909
-35.646      -11.139375    0.127477844  0.30816099
-35.5089     -11.09653125  0.128977311  0.30966705
-35.371799   -11.05368719  0.130358225  0.31128895
-35.234699   -11.01084344  0.131981344  0.3130267
-35.097599   -10.96799969  0.133486225  0.3146486
-34.960499   -10.92515594  0.136017284  0.35137305
-34.823399   -10.88231219  0.137166971  0.35253155
-34.686298   -10.83946813  0.138316369  0.35374796
-34.549198   -10.79662438  0.139526518  0.35502234
-34.412102   -10.75378188  0.140918638  0.35647044
-34.275002   -10.71093813  0.142191535  0.35809234
-34.137901   -10.66809406  0.143767682  0.35965633
-34.000801   -10.62525031  0.145225179  0.36150992
-33.863701   -10.58240656  0.146865763  0.36347938
-33.726601   -10.53956281  0.148508679  0.36556467
-33.5895     -10.49671875  0.150214358  0.36770791
-33.4524     -10.453875    0.151982992  0.36990905
-33.3153     -10.41103125  0.153754173  0.37222606
-33.1782     -10.3681875   0.155649084  0.37465888
-33.0411     -10.32534375  0.15766824   0.37714967
-32.903999   -10.28249969  0.159569292  0.3797563
-32.766899   -10.23965594  0.161655165  0.38247877
-32.629799   -10.19681219  0.163683704  0.38520125
-32.492699   -10.15396844  0.165836849  0.38792372
-32.355598   -10.11112438  0.167871901  0.39064619
-32.218498   -10.06828063  0.170031552  0.39336866
-32.081402   -10.02543813  0.172133797  0.39603323
-31.9443     -9.98259375   0.167293996  0.42401099
-31.807199   -9.939749688  0.169072453  0.42621213
-31.670099   -9.896905938  0.1708586    0.42829746
-31.533001   -9.854062813  0.172527312  0.43061447
-31.395901   -9.811219063  0.174199165  0.43269974
-31.258801   -9.768375313  0.175995934  0.43490091
-31.1217     -9.72553125   0.177673616  0.43698621
-30.9846     -9.6826875    0.179475937  0.43907151
-30.8475     -9.63984375   0.18128114   0.4411568
-30.7104     -9.597        0.182966697  0.44312626
-30.573299   -9.554155938  0.184654411  0.44497985
-30.436199   -9.511312188  0.186344298  0.4469493
-30.299101   -9.468469063  0.187913861  0.44857121
-30.162001   -9.425625313  0.189607704  0.45007724
-30.0249     -9.38278125   0.191181209  0.45169914
-29.8878     -9.3399375    0.192756398  0.45308936
-29.7507     -9.29709375   0.194333408  0.45447958
-29.6136     -9.25425      0.195789348  0.45575389
-29.4765     -9.21140625   0.197246608  0.4569124
-29.339399   -9.168562188  0.198705287  0.45818675
-29.202299   -9.125718438  0.200288554  0.45922941
-29.065201   -9.082875313  0.201750753  0.46027204
-28.928101   -9.040031563  0.203214385  0.46119887
-28.791      -8.9971875    0.204679535  0.46212566
-28.6539     -8.95434375   0.206146254  0.46293658
-28.5168     -8.9115       0.207614532  0.46374756
-28.3797     -8.86865625   0.208960892  0.46444267
-28.242599   -8.825812188  0.210431862  0.46502191
-28.105499   -8.782968438  0.211780909  0.46560115
-27.968399   -8.740124688  0.213254746  0.46641213
-27.831301   -8.697281563  0.214730376  0.46710721
-27.694201   -8.654437813  0.216331527  0.46780229
-27.5571     -8.61159375   0.217687153  0.46861327
-27.42       -8.56875      0.219043691  0.4691925
-27.2829     -8.52590625   0.220649471  0.46977174
-27.1458     -8.4830625    0.222009449  0.47035098
-27.008699   -8.440218438  0.223494572  0.47081441
-26.871599   -8.397374688  0.22485724   0.47150952
-26.734501   -8.354531563  0.226345276  0.47232044
-26.597401   -8.311687813  0.228083866  0.47324726
-26.4603     -8.26884375   0.229825418  0.47452158
-26.3232     -8.226        0.231569612  0.47579592
-26.1861     -8.18315625   0.233565489  0.47730201
-26.049      -8.1403125    0.235440425  0.47880805
-25.9119     -8.09746875   0.237318132  0.48042995
-25.774799   -8.054624688  0.239323365  0.48228353
-25.637699   -8.011780938  0.241331956  0.48402131
-25.500601   -7.968937813  0.243343744  0.48599076
-25.363501   -7.926094063  0.245233667  0.48772851
-25.2264     -7.88325      0.24712601   0.48935038
-25.0893     -7.84040625   0.249020871  0.49097231
-24.9522     -7.7975625    0.250793079  0.4923625
-24.8151     -7.75471875   0.252441885  0.49363685
-24.677999   -7.711874688  0.254217454  0.49491119
-24.540899   -7.669030938  0.255869817  0.49618554
-24.403799   -7.626187188  0.257398223  0.49734405
-24.266701   -7.583344063  0.259053229  0.49850255
-24.129601   -7.540500313  0.260584426  0.49966103
-23.9925     -7.49765625   0.262242523  0.50070369
-23.8554     -7.4548125    0.263776797  0.50186217
-23.7183     -7.41196875   0.265312294  0.50278902
-23.5812     -7.369125     0.267101016  0.50383162
-23.444099   -7.326280938  0.26876646   0.50487429
-23.306999   -7.283437188  0.27043375   0.50580108
-23.169901   -7.240594063  0.272102864  0.50695956
-23.032801   -7.197750313  0.273900084  0.50811809
-22.8957     -7.15490625   0.275699817  0.50939244
-22.7586     -7.1120625    0.277754692  0.51066685
-22.6215     -7.06921875   0.27943398   0.51194113
-22.4844     -7.026375     0.281367572  0.51309967
-22.3473     -6.98353125   0.28317756   0.51414227
-22.210199   -6.940687188  0.284736285  0.515185
-22.073099   -6.897843438  0.286549211  0.51611173
-21.936001   -6.855000313  0.288237834  0.51692271
-21.798901   -6.812156563  0.289928016  0.51773369
-21.6618     -6.7693125    0.291492969  0.51866043
-21.5247     -6.72646875   0.29331295   0.51947141
-21.3876     -6.683625     0.29500844   0.52016652
-21.2505     -6.64078125   0.296705591  0.52120912
-21.1134     -6.5979375    0.298531745  0.5220201
-20.976299   -6.555093438  0.300360357  0.52306277
-20.839199   -6.512249688  0.302191243  0.52410543
-20.702101   -6.469406563  0.304151869  0.52526391
-20.565001   -6.426562813  0.306115416  0.52653825
-20.4279     -6.38371875   0.307826471  0.5278126
-20.2908     -6.340875     0.3097941    0.52897108
-20.1537     -6.29803125   0.311636841  0.5300138
-20.0166     -6.2551875    0.31348157   0.53117228
-19.879499   -6.212343438  0.315200378  0.53221488
-19.742399   -6.169499688  0.317048515  0.53325754
-19.605301   -6.126656563  0.318642696  0.53418434
-19.468201   -6.083812813  0.320365653  0.535227
-19.3311     -6.04096875   0.321962062  0.53603792
-19.194      -5.998125     0.323687676  0.5368489
-19.0569     -5.95528125   0.325286678  0.53742814
-18.9198     -5.9124375    0.326886632  0.53812325
-18.7827     -5.86959375   0.328359131  0.53858662
-18.645599   -5.826749688  0.329960649  0.53916585
-18.508499   -5.783905938  0.331434888  0.53974515
-18.371401   -5.741062813  0.333167075  0.54032439
-18.234301   -5.698219063  0.334772619  0.54113537
-18.0972     -5.655375     0.336250441  0.54171461
-17.9601     -5.61253125   0.337986652  0.54229385
-17.823      -5.5696875    0.339466896  0.54310477
-17.6859     -5.52684375   0.341205771  0.54368401
-17.5488     -5.484        0.342817556  0.54437912
-17.411699   -5.441155938  0.344430451  0.54507422
-17.274599   -5.398312188  0.346044523  0.54576933
-17.137501   -5.355469063  0.347659784  0.54646444
-17.000401   -5.312625313  0.349405683  0.54727542
-16.8633     -5.26978125   0.351024028  0.54797053
-16.7262     -5.2269375    0.352643351  0.54878145
-16.5891     -5.18409375   0.354523098  0.54982412
-16.452      -5.14125      0.356275759  0.55063504
-16.314899   -5.098405938  0.358029884  0.5516777
-16.177799   -5.055562188  0.360045415  0.55248863
-16.040701   -5.012719063  0.361933995  0.55341542
-15.9036     -4.969875     0.363824458  0.5542264
-15.7665     -4.92703125   0.365846962  0.55503738
-15.6294     -4.8841875    0.367741934  0.5558483
-15.4923     -4.84134375   0.369638543  0.55665922
-15.3552     -4.7985       0.371797536  0.5574702
-15.2181     -4.75565625   0.373829393  0.558397
-15.081      -4.7128125    0.375732925  0.55932379
-14.9439     -4.66996875   0.377898878  0.56025064
-14.8068     -4.627125     0.37993726   0.56106156
-14.6697     -4.58428125   0.3819776    0.56210423
-14.5326     -4.5414375    0.383889185  0.56279933
-14.3955     -4.49859375   0.385932759  0.5636102
-14.2584     -4.45575      0.387585786  0.56430531
-14.1213     -4.41290625   0.389369511  0.56465292
-13.9842     -4.3700625    0.391023102  0.56500041
-13.8471     -4.32721875   0.392414674  0.56534803
-13.71       -4.284375     0.394067457  0.56569552
-13.5729     -4.24153125   0.395589791  0.56604314
-13.4358     -4.1986875    0.39724343   0.56662238
-13.2987     -4.15584375   0.398897864  0.56720161
-13.1616     -4.113        0.400553016  0.56778085
-13.0245     -4.07015625   0.402208885  0.56847596
-12.8874     -4.0273125    0.403865349  0.56917107
-12.7503     -3.98446875   0.405522528  0.56951857
-12.6132     -3.941625     0.407180308  0.57009786
-12.4761     -3.89878125   0.408706887  0.57056123
-12.339      -3.8559375    0.410101506  0.57114053
-12.2019     -3.81309375   0.411627293  0.57148802
-12.0648     -3.77025      0.4128894    0.57195145
-11.9277     -3.72740625   0.414414333  0.57218313
-11.7906     -3.6845625    0.415675526  0.5726465
-11.6535     -3.64171875   0.416935579  0.57287824
-11.5164     -3.598875     0.418194774  0.57310998
-11.3793     -3.55603125   0.419320958  0.57345748
-11.2422     -3.5131875    0.42057809   0.57380503
-11.1051     -3.47034375   0.421834776  0.57415259
-10.968      -3.4275       0.423090953  0.57450014
-10.8309     -3.38465625   0.424479204  0.5748477
-10.6938     -3.3418125    0.426000238  0.57542694
-10.5567     -3.29896875   0.427522083  0.57612205
-10.4196     -3.256125     0.429044354  0.57681715
-10.2825     -3.21328125   0.43083266   0.57762808
-10.1454     -3.1704375    0.432622639  0.57843906
-10.0083     -3.12759375   0.434281002  0.57936585
-9.8711996   -3.084749875  0.436072739  0.58017683
-9.7341003   -3.041906344  0.437732571  0.58098775
-9.5970001   -2.999062531  0.439525774  0.5816828
-9.4598999   -2.956218719  0.441319937  0.58260965
-9.3227997   -2.913374906  0.44284848   0.58330476
-9.1857004   -2.870531375  0.444642934  0.58434737
-9.0486002   -2.827687563  0.446304991  0.58527422
-8.9115      -2.78484375   0.448233866  0.58631682
-8.7743998   -2.741999938  0.449897302  0.58724368
-8.6372995   -2.699156094  0.451694031  0.58840215
-8.5002003   -2.656312594  0.453491324  0.58932894
-8.3631001   -2.613468781  0.455289084  0.59060335
-8.2259998   -2.570624938  0.457220951  0.59164596
-8.0888996   -2.527781125  0.458886318  0.59280443
-7.9517999   -2.484937469  0.460684924  0.5938471
-7.8147001   -2.442093781  0.462483886  0.59488976
-7.6775999   -2.399249969  0.464149123  0.59604824
-7.5405002   -2.356406313  0.465813852  0.5970909
-7.4033999   -2.313562469  0.467478187  0.59813356
-7.2663002   -2.270718813  0.469008053  0.59906036
-7.1292      -2.227875     0.470671095  0.59998715
-6.9920998   -2.185031188  0.472065502  0.60079813
-6.855       -2.1421875    0.473458335  0.60149324
-6.7178998   -2.099343688  0.474715519  0.60218829
-6.5808001   -2.056500031  0.47610521   0.60276759
-6.4436998   -2.013656188  0.477225056  0.60323095
-6.3066001   -1.970812531  0.478073761  0.60369432
-6.1694999   -1.927968719  0.479053675  0.60404193
-6.0324001   -1.885125031  0.480031455  0.60438943
-5.8952999   -1.842281219  0.480737992  0.60473698
-5.7582002   -1.799437563  0.481575904  0.60508454
-5.6210999   -1.756593719  0.482276902  0.60520041
-5.4840002   -1.713750063  0.482975107  0.60554796
-5.3469      -1.67090625   0.483535977  0.6055479
-5.2097998   -1.628062438  0.483958988  0.60566378
-5.0727      -1.58521875   0.484513526  0.6055479
-4.9355998   -1.542374938  0.484930684  0.60554796
-4.7985001   -1.499531281  0.485344822  0.60531628
-4.6613998   -1.456687438  0.485756111  0.60520041
-4.5243001   -1.413843781  0.485894718  0.60508454
-4.3871999   -1.370999969  0.486164764  0.60473698
-4.2501001   -1.328156281  0.486431995  0.60462117
-4.1129999   -1.285312469  0.486561509  0.60427356
-3.9758999   -1.242468719  0.486687867  0.60381019
-3.8388      -1.199625     0.486676253  0.60334682
-3.7017      -1.15678125   0.486661371  0.60276759
-3.5646      -1.1139375    0.486373057  0.60218835
-3.4275      -1.07109375   0.486081046  0.60149318
-3.2904      -1.02825      0.485785741  0.60091394
-3.1533      -0.98540625   0.485487432  0.60010302
-3.0162001   -0.942562531  0.485050886  0.59952378
-2.8791001   -0.899718781  0.484746654  0.59882867
-2.7420001   -0.856875031  0.484440045  0.59836525
-2.6048999   -0.814031219  0.484131162  0.59790182
-2.4677999   -0.771187469  0.48382015   0.59720671
-2.3306999   -0.728343719  0.483507167  0.59674335
-2.1935999   -0.685499969  0.483192385  0.59616411
-2.0565      -0.64265625   0.482876027  0.59558487
-1.9194      -0.5998125    0.482558228  0.59512144
-1.7823      -0.55696875   0.482239254  0.59454221
-1.6452      -0.514125     0.482054995  0.59407878
-1.5081      -0.47128125   0.4817348    0.59373128
-1.3710001   -0.428437531  0.481549987  0.59315199
-1.2339      -0.38559375   0.481365632  0.59280443
-1.0968      -0.34275      0.481317903  0.59257281
-0.95969999  -0.299906247  0.481272092  0.59234107
-0.82260001  -0.257062503  0.48122901   0.59199351
-0.68550003  -0.214218759  0.4811899    0.59176183
-0.54839998  -0.171374994  0.481156793  0.59153008
-0.4113      -0.12853125   0.481132895  0.59141421
-0.27419999  -0.085687497  0.481124233  0.59118259
-0.1371      -0.04284375   0.481281114  0.59106672
0            0             0.481529291  0.59106672
0.1371       0.04284375    0.481281114  0.59106672
0.27419999   0.085687497   0.481124233  0.59118259
0.4113       0.12853125    0.481132895  0.59141421
0.54839998   0.171374994   0.481156793  0.59153008
0.68550003   0.214218759   0.4811899    0.59176183
0.82260001   0.257062503   0.48122901   0.59199351
0.95969999   0.299906247   0.481272092  0.59234107
1.0968       0.34275       0.481317903  0.59257281
1.2339       0.38559375    0.481365632  0.59280443
1.3710001    0.428437531   0.481549987  0.59315199
1.5081       0.47128125    0.4817348    0.59373128
1.6452       0.514125      0.482054995  0.59407878
1.7823       0.55696875    0.482239254  0.59454221
1.9194       0.5998125     0.482558228  0.59512144
2.0565       0.64265625    0.482876027  0.59558487
2.1935999    0.685499969   0.483192385  0.59616411
2.3306999    0.728343719   0.483507167  0.59674335
2.4677999    0.771187469   0.48382015   0.59720671
2.6048999    0.814031219   0.484131162  0.59790182
2.7420001    0.856875031   0.484440045  0.59836525
2.8791001    0.899718781   0.484746654  0.59882867
3.0162001    0.942562531   0.485050886  0.59952378
3.1533       0.98540625    0.485487432  0.60010302
3.2904       1.02825       0.485785741  0.60091394
3.4275       1.07109375    0.486081046  0.60149318
3.5646       1.1139375     0.486373057  0.60218835
3.7017       1.15678125    0.486661371  0.60276759
3.8388       1.199625      0.486676253  0.60334682
3.9758999    1.242468719   0.486687867  0.60381019
4.1129999    1.285312469   0.486561509  0.60427356
4.2501001    1.328156281   0.486431995  0.60462117
4.3871999    1.370999969   0.486164764  0.60473698
4.5243001    1.413843781   0.485894718  0.60508454
4.6613998    1.456687438   0.485756111  0.60520041
4.7985001    1.499531281   0.485344822  0.60531628
4.9355998    1.542374938   0.484930684  0.60554796
5.0727       1.58521875    0.484513526  0.6055479
5.2097998    1.628062438   0.483958988  0.60566378
5.3469       1.67090625    0.483535977  0.6055479
5.4840002    1.713750063   0.482975107  0.60554796
5.6210999    1.756593719   0.482276902  0.60520041
5.7582002    1.799437563   0.481575904  0.60508454
5.8952999    1.842281219   0.480737992  0.60473698
6.0324001    1.885125031   0.480031455  0.60438943
6.1694999    1.927968719   0.479053675  0.60404193
6.3066001    1.970812531   0.478073761  0.60369432
6.4436998    2.013656188   0.477225056  0.60323095
6.5808001    2.056500031   0.47610521   0.60276759
6.7178998    2.099343688   0.474715519  0.60218829
6.855        2.1421875     0.473458335  0.60149324
6.9920998    2.185031188   0.472065502  0.60079813
7.1292       2.227875      0.470671095  0.59998715
7.2663002    2.270718813   0.469008053  0.59906036
7.4033999    2.313562469   0.467478187  0.59813356
7.5405002    2.356406313   0.465813852  0.5970909
7.6775999    2.399249969   0.464149123  0.59604824
7.8147001    2.442093781   0.462483886  0.59488976
7.9517999    2.484937469   0.460684924  0.5938471
8.0888996    2.527781125   0.458886318  0.59280443
8.2259998    2.570624938   0.457220951  0.59164596
8.3631001    2.613468781   0.455289084  0.59060335
8.5002003    2.656312594   0.453491324  0.58932894
8.6372995    2.699156094   0.451694031  0.58840215
8.7743998    2.741999938   0.449897302  0.58724368
8.9115       2.78484375    0.448233866  0.58631682
9.0486002    2.827687563   0.446304991  0.58527422
9.1857004    2.870531375   0.444642934  0.58434737
9.3227997    2.913374906   0.44284848   0.58330476
9.4598999    2.956218719   0.441319937  0.58260965
9.5970001    2.999062531   0.439525774  0.5816828
9.7341003    3.041906344   0.437732571  0.58098775
9.8711996    3.084749875   0.436072739  0.58017683
10.0083      3.12759375    0.434281002  0.57936585
10.1454      3.1704375     0.432622639  0.57843906
10.2825      3.21328125    0.43083266   0.57762808
10.4196      3.256125      0.429044354  0.57681715
10.5567      3.29896875    0.427522083  0.57612205
10.6938      3.3418125     0.426000238  0.57542694
10.8309      3.38465625    0.424479204  0.5748477
10.968       3.4275        0.423090953  0.57450014
11.1051      3.47034375    0.421834776  0.57415259
11.2422      3.5131875     0.42057809   0.57380503
11.3793      3.55603125    0.419320958  0.57345748
11.5164      3.598875      0.418194774  0.57310998
11.6535      3.64171875    0.416935579  0.57287824
11.7906      3.6845625     0.415675526  0.5726465
11.9277      3.72740625    0.414414333  0.57218313
12.0648      3.77025       0.4128894    0.57195145
12.2019      3.81309375    0.411627293  0.57148802
12.339       3.8559375     0.410101506  0.57114053
12.4761      3.89878125    0.408706887  0.57056123
12.6132      3.941625      0.407180308  0.57009786
12.7503      3.98446875    0.405522528  0.56951857
12.8874      4.0273125     0.403865349  0.56917107
13.0245      4.07015625    0.402208885  0.56847596
13.1616      4.113         0.400553016  0.56778085
13.2987      4.15584375    0.398897864  0.56720161
13.4358      4.1986875     0.39724343   0.56662238
13.5729      4.24153125    0.395589791  0.56604314
13.71        4.284375      0.394067457  0.56569552
13.8471      4.32721875    0.392414674  0.56534803
13.9842      4.3700625     0.391023102  0.56500041
14.1213      4.41290625    0.389369511  0.56465292
14.2584      4.45575       0.387585786  0.56430531
14.3955      4.49859375    0.385932759  0.5636102
14.5326      4.5414375     0.383889185  0.56279933
14.6697      4.58428125    0.3819776    0.56210423
14.8068      4.627125      0.37993726   0.56106156
14.9439      4.66996875    0.377898878  0.56025064
15.081       4.7128125     0.375732925  0.55932379
15.2181      4.75565625    0.373829393  0.558397
15.3552      4.7985        0.371797536  0.5574702
15.4923      4.84134375    0.369638543  0.55665922
15.6294      4.8841875     0.367741934  0.5558483
15.7665      4.92703125    0.365846962  0.55503738
15.9036      4.969875      0.363824458  0.5542264
16.040701    5.012719063   0.361933995  0.55341542
16.177799    5.055562188   0.360045415  0.55248863
16.314899    5.098405938   0.358029884  0.5516777
16.452       5.14125       0.356275759  0.55063504
16.5891      5.18409375    0.354523098  0.54982412
16.7262      5.2269375     0.352643351  0.54878145
16.8633      5.26978125    0.351024028  0.54797053
17.000401    5.312625313   0.349405683  0.54727542
17.137501    5.355469063   0.347659784  0.54646444
17.274599    5.398312188   0.346044523  0.54576933
17.411699    5.441155938   0.344430451  0.54507422
17.5488      5.484         0.342817556  0.54437912
17.6859      5.52684375    0.341205771  0.54368401
17.823       5.5696875     0.339466896  0.54310477
17.9601      5.61253125    0.337986652  0.54229385
18.0972      5.655375      0.336250441  0.54171461
18.234301    5.698219063   0.334772619  0.54113537
18.371401    5.741062813   0.333167075  0.54032439
18.508499    5.783905938   0.331434888  0.53974515
18.645599    5.826749688   0.329960649  0.53916585
18.7827      5.86959375    0.328359131  0.53858662
18.9198      5.9124375     0.326886632  0.53812325
19.0569      5.95528125    0.325286678  0.53742814
19.194       5.998125      0.323687676  0.5368489
19.3311      6.04096875    0.321962062  0.53603792
19.468201    6.083812813   0.320365653  0.535227
19.605301    6.126656563   0.318642696  0.53418434
19.742399    6.169499688   0.317048515  0.53325754
19.879499    6.212343438   0.315200378  0.53221488
20.0166      6.2551875     0.31348157   0.53117228
20.1537      6.29803125    0.311636841  0.5300138
20.2908      6.340875      0.3097941    0.52897108
20.4279      6.38371875    0.307826471  0.5278126
20.565001    6.426562813   0.306115416  0.52653825
20.702101    6.469406563   0.304151869  0.52526391
20.839199    6.512249688   0.302191243  0.52410543
20.976299    6.555093438   0.300360357  0.52306277
21.1134      6.5979375     0.298531745  0.5220201
21.2505      6.64078125    0.296705591  0.52120912
21.3876      6.683625      0.29500844   0.52016652
21.5247      6.72646875    0.29331295   0.51947141
21.6618      6.7693125     0.291492969  0.51866043
21.798901    6.812156563   0.289928016  0.51773369
21.936001    6.855000313   0.288237834  0.51692271
22.073099    6.897843438   0.286549211  0.51611173
22.210199    6.940687188   0.284736285  0.515185
22.3473      6.98353125    0.28317756   0.51414227
22.4844      7.026375      0.281367572  0.51309967
22.6215      7.06921875    0.27943398   0.51194113
22.7586      7.1120625     0.277754692  0.51066685
22.8957      7.15490625    0.275699817  0.50939244
23.032801    7.197750313   0.273900084  0.50811809
23.169901    7.240594063   0.272102864  0.50695956
23.306999    7.283437188   0.27043375   0.50580108
23.444099    7.326280938   0.26876646   0.50487429
23.5812      7.369125      0.267101016  0.50383162
23.7183      7.41196875    0.265312294  0.50278902
23.8554      7.4548125     0.263776797  0.50186217
23.9925      7.49765625    0.262242523  0.50070369
24.129601    7.540500313   0.260584426  0.49966103
24.266701    7.583344063   0.259053229  0.49850255
24.403799    7.626187188   0.257398223  0.49734405
24.540899    7.669030938   0.255869817  0.49618554
24.677999    7.711874688   0.254217454  0.49491119
24.8151      7.75471875    0.252441885  0.49363685
24.9522      7.7975625     0.250793079  0.4923625
25.0893      7.84040625    0.249020871  0.49097231
25.2264      7.88325       0.24712601   0.48935038
25.363501    7.926094063   0.245233667  0.48772851
25.500601    7.968937813   0.243343744  0.48599076
25.637699    8.011780938   0.241331956  0.48402131
25.774799    8.054624688   0.239323365  0.48228353
25.9119      8.09746875    0.237318132  0.48042995
26.049       8.1403125     0.235440425  0.47880805
26.1861      8.18315625    0.233565489  0.47730201
26.3232      8.226         0.231569612  0.47579592
26.4603      8.26884375    0.229825418  0.47452158
26.597401    8.311687813   0.228083866  0.47324726
26.734501    8.354531563   0.226345276  0.47232044
26.871599    8.397374688   0.22485724   0.47150952
27.008699    8.440218438   0.223494572  0.47081441
27.1458      8.4830625     0.222009449  0.47035098
27.2829      8.52590625    0.220649471  0.46977174
27.42        8.56875       0.219043691  0.4691925
27.5571      8.61159375    0.217687153  0.46861327
27.694201    8.654437813   0.216331527  0.46780229
27.831301    8.697281563   0.214730376  0.46710721
27.968399    8.740124688   0.213254746  0.46641213
28.105499    8.782968438   0.211780909  0.46560115
28.242599    8.825812188   0.210431862  0.46502191
28.3797      8.86865625    0.208960892  0.46444267
28.5168      8.9115        0.207614532  0.46374756
28.6539      8.95434375    0.206146254  0.46293658
28.791       8.9971875     0.204679535  0.46212566
28.928101    9.040031563   0.203214385  0.46119887
29.065201    9.082875313   0.201750753  0.46027204
29.202299    9.125718438   0.200288554  0.45922941
29.339399    9.168562188   0.198705287  0.45818675
29.4765      9.21140625    0.197246608  0.4569124
29.6136      9.25425       0.195789348  0.45575389
29.7507      9.29709375    0.194333408  0.45447958
29.8878      9.3399375     0.192756398  0.45308936
30.0249      9.38278125    0.191181209  0.45169914
30.162001    9.425625313   0.189607704  0.45007724
30.299101    9.468469063   0.187913861  0.44857121
30.436199    9.511312188   0.186344298  0.4469493
30.573299    9.554155938   0.184654411  0.44497985
30.7104      9.597         0.182966697  0.44312626
30.8475      9.63984375    0.18128114   0.4411568
30.9846      9.6826875     0.179475937  0.43907151
31.1217      9.72553125    0.177673616  0.43698621
31.258801    9.768375313   0.175995934  0.43490091
31.395901    9.811219063   0.174199165  0.43269974
31.533001    9.854062813   0.172527312  0.43061447
31.670099    9.896905938   0.1708586    0.42829746
31.807199    9.939749688   0.169072453  0.42621213
31.9443      9.98259375    0.167293996  0.42401099
32.081402    10.02543813   0.172133797  0.39603323
32.218498    10.06828063   0.170031552  0.39336866
32.355598    10.11112438   0.167871901  0.39064619
32.492699    10.15396844   0.165836849  0.38792372
32.629799    10.19681219   0.163683704  0.38520125
32.766899    10.23965594   0.161655165  0.38247877
32.903999    10.28249969   0.159569292  0.3797563
33.0411      10.32534375   0.15766824   0.37714967
33.1782      10.3681875    0.155649084  0.37465888
33.3153      10.41103125   0.153754173  0.37222606
33.4524      10.453875     0.151982992  0.36990905
33.5895      10.49671875   0.150214358  0.36770791
33.726601    10.53956281   0.148508679  0.36556467
33.863701    10.58240656   0.146865763  0.36347938
34.000801    10.62525031   0.145225179  0.36150992
34.137901    10.66809406   0.143767682  0.35965633
34.275002    10.71093813   0.142191535  0.35809234
34.412102    10.75378188   0.140918638  0.35647044
34.549198    10.79662438   0.139526518  0.35502234
34.686298    10.83946813   0.138316369  0.35374796
34.823399    10.88231219   0.137166971  0.35253155
34.960499    10.92515594   0.136017284  0.35137305
35.097599    10.96799969   0.133486225  0.3146486
35.234699    11.01084344   0.131981344  0.3130267
35.371799    11.05368719   0.130358225  0.31128895
35.5089      11.09653125   0.128977311  0.30966705
35.646       11.139375     0.127477844  0.30816099
35.7831      11.18221875   0.126100028  0.30653909
35.9202      11.2250625    0.124603768  0.30503306
36.057301    11.26790656   0.123229087  0.303527
36.194401    11.31075031   0.121855728  0.3019051
36.331501    11.35359406   0.120364012  0.30039904
36.468601    11.39643781   0.118993628  0.29877716
36.605701    11.43928156   0.117504929  0.29715526
36.742802    11.48212563   0.116017949  0.29541749
36.879902    11.52496938   0.114652127  0.29344806
37.016998    11.56781188   0.113168098  0.29171029
37.154099    11.61065594   0.111685697  0.29008839
37.291199    11.65349969   0.110204949  0.28835064
37.428299    11.69634344   0.10872588   0.2866129
37.565399    11.73918719   0.107367719  0.28487515
37.702499    11.78203094   0.105891542  0.28302154
37.8396      11.824875     0.104416967  0.28116795
37.9767      11.86771875   0.102943993  0.27931434
38.1138      11.9105625    0.101472633  0.27722904
38.2509      11.95340625   0.100002893  0.27514374
38.388       11.99625      0.09853481   0.2729426
38.525101    12.03909406   0.097187362  0.2708573
38.662201    12.08193781   0.095722283  0.26877201
38.799301    12.12478156   0.094377777  0.26668671
38.936401    12.16762531   0.092915763  0.26483309
39.073502    12.21046938   0.091574339  0.26274779
39.210602    12.25331313   0.090234418  0.26089421
39.347698    12.29615563   0.089133476  0.25904059
39.484798    12.33899938   0.087795953  0.25730285
39.621899    12.38184344   0.086697277  0.25568095
39.758999    12.42468719   0.085362197  0.25405905
39.896099    12.46753094   0.084265923  0.2523213
40.033199    12.51037469   0.083170574  0.25058356
40.1703      12.55321875   0.081957648  0.2488458
40.3074      12.5960625    0.080864578  0.2472239
40.4445      12.63890625   0.079891039  0.24571785
40.5816      12.68175      0.078918238  0.24421179
40.7187      12.72459375   0.077827779  0.24270575
40.855801    12.76743781   0.076856781  0.2411997
40.992901    12.81028156   0.075886587  0.23969366
41.130001    12.85312531   0.074917185  0.2381876
41.267101    12.89596906   0.073948628  0.23668155
41.404202    12.93881313   0.072980937  0.23529135
41.541302    12.98165688   0.072132404  0.23366944
41.678398    13.02449938   0.07128455   0.23227926
41.815498    13.06734313   0.070555544  0.23100489
41.952599    13.11018719   0.069708775  0.2296147
42.089699    13.15303094   0.068862709  0.2284562
42.226799    13.19587469   0.068135467  0.22729769
42.363899    13.23871844   0.067408688  0.22625504
42.500999    13.28156219   0.066682388  0.2252124
42.6381      13.32440625   0.065956594  0.2242856
42.7752      13.36725      0.065349272  0.22324295
42.9123      13.41009375   0.064624238  0.22208445
43.0494      13.4529375    0.064017603  0.22092596
43.186501    13.49578156   0.063293258  0.21999915
43.323601    13.53862531   0.062569352  0.21907236
43.460701    13.58146906   0.061845878  0.21791385
43.597801    13.62431281   0.061122826  0.2168712
43.734901    13.66715656   0.060400192  0.2157127
43.872002    13.71000063   0.059677968  0.21432251
44.009102    13.75284438   0.058956119  0.21304815
44.146198    13.79568688   0.058116936  0.2115421
44.283298    13.83853063   0.057396038  0.2099202
44.420399    13.88137469   0.056557865  0.2082983
44.557499    13.92421844   0.055837914  0.20656055
44.694599    13.96706219   0.055000737  0.20493865
44.831699    14.00990594   0.054281729  0.20320091
44.9688      14.05275      0.053445538  0.20134731
45.1059      14.09559375   0.05272747   0.19960955
45.243       14.1384375    0.051892267  0.1978718
45.3801      14.18128125   0.05117514   0.1960182
45.5172      14.224125     0.050340934  0.19404875
45.654301    14.26696906   0.04962478   0.19207931
45.791401    14.30981281   0.048909031  0.18987815
45.928501    14.35265656   0.048193692  0.1874453
46.065601    14.39550031   0.047478743  0.1851283
46.202702    14.43834438   0.046764184  0.18269545
46.339802    14.48118813   0.046049982  0.18014675
46.476898    14.52403063   0.04510155   0.1777139
46.613998    14.56687438   0.044505791  0.17516521
46.751099    14.60971844   0.04379299   0.1726165
46.888199    14.65256219   0.043080613  0.17018364
47.025299    14.69540594   0.042368681  0.16775081
47.162399    14.73824969   0.041774405  0.1652021
47.2995      14.78109375   0.041063233  0.16276924
47.4366      14.8239375    0.040586879  0.16045225
47.5737      14.86678125   0.039876331  0.15825111
47.7108      14.909625     0.039283417  0.15604995
47.8479      14.95246875   0.03880795   0.1538488
47.985001    14.99531281   0.03821555   0.1517635
48.122101    15.03815656   0.037740564  0.1501416
48.259201    15.08100031   0.037148685  0.14851969
48.396301    15.12384406   0.036674217  0.14689779
48.533401    15.16668781   0.036199939  0.14562345
48.670502    15.20953188   0.035725866  0.1441174
48.807598    15.25237438   0.035251989  0.1427272
48.944698    15.29521813   0.034778322  0.14145285
49.081799    15.33806219   0.034421812  0.14006265
49.218899    15.38090594   0.03383143   0.13867246
49.355999    15.42374969   0.033358326  0.13751395
49.493099    15.46659344   0.032885424  0.1362396
49.630199    15.50943719   0.03241274   0.13519695
49.7673      15.55228125   0.032057162  0.1341543
49.9044      15.595125     0.031584779  0.13311166
50.0415      15.63796875   0.031229452  0.13206901
50.1786      15.6808125    0.030640498  0.1311422
50.315701    15.72365656   0.030285554  0.13021541
50.452801    15.76650031   0.029813875  0.12940446
50.589901    15.80934406   0.029459214  0.1285935
50.727001    15.85218781   0.02898785   0.12778255
50.864101    15.89503156   0.028633484  0.1269716
51.001202    15.93787563   0.028279197  0.12627649
51.138302    15.98071938   0.027808235  0.12546556
51.275398    16.02356188   0.027337494  0.1246546
51.412498    16.06640563   0.027100411  0.1237278
51.549599    16.10924969   0.026629871  0.122801
51.686699    16.15209344   0.026276218  0.12175835
51.823799    16.19493719   0.025805948  0.120484
51.960899    16.23778094   0.025335868  0.1190938
52.098       16.280625     0.024982624  0.11735605
52.2351      16.32346875   0.024396167  0.11573415
52.3722      16.3663125    0.024043291  0.1142281
52.5093      16.40915625   0.023690503  0.11272205
52.6464      16.452        0.023221199  0.11133185
52.783501    16.49484406   0.022868703  0.1100575
52.920601    16.53768781   0.022516311  0.1086673
53.057701    16.58053156   0.022164021  0.10739295
53.194801    16.62337531   0.021811829  0.1061186
53.331902    16.66621938   0.021343192  0.1049601
53.469002    16.70906313   0.021107868  0.10391745
53.606098    16.75190563   0.020756032  0.1028748
53.743198    16.79474938   0.02052084   0.10206385
53.880299    16.83759344   0.020169153  0.10113705
54.017399    16.88043719   0.019817584  0.1003261
54.154499    16.92328094   0.019582631  0.099515148
54.291599    16.96612469   0.019231222  0.098472498
54.428699    17.00896844   0.018996407  0.097545698
54.5658      17.0518125    0.018645151  0.096618898
54.7029      17.09465625   0.018410461  0.095692098
54.84        17.1375       0.017942901  0.0945336
54.9771      17.18034375   0.017708434  0.093375102
55.114201    17.22318781   0.017474015  0.092216603
55.251301    17.26603156   0.017239635  0.091173947
55.388401    17.30887531   0.016888883  0.090247147
55.525501    17.35171906   0.016654669  0.089436203
55.662601    17.39456281   0.016420512  0.088509403
55.799702    17.43740688   0.01618642   0.08793015
55.936798    17.48024938   0.016068776  0.087235048
56.073898    17.52309313   0.015834739  0.086539946
56.210999    17.56593719   0.015600766  0.085960701
56.348099    17.60878094   0.015483218  0.085381448
56.485199    17.65162469   0.0152493    0.084570497
56.622299    17.69446844   0.015015446  0.083759546
56.759399    17.73731219   0.014897992  0.082948603
56.8965      17.78015625   0.014664201  0.082137652
57.0336      17.823        0.014546792  0.081326701
57.1707      17.86584375   0.014313051  0.080399901
57.3078      17.9086875    0.014079362  0.079241402
57.444901    17.95153156   0.013845733  0.078082897
57.582001    17.99437531   0.013728454  0.076808549
57.719101    18.03721906   0.013494875  0.075650051
57.856201    18.08006281   0.01326135   0.074375696
57.993301    18.12290656   0.013027881  0.073217198
58.130402    18.16575063   0.012910737  0.071942851
58.267502    18.20859438   0.012677325  0.070668504
58.404598    18.25143688   0.01244397   0.069625847
58.541698    18.29428063   0.01232692   0.068467349
58.678799    18.33712469   0.012093625  0.067308851
58.815899    18.37996844   0.01186039   0.066266201
58.952999    18.42281219   0.01174345   0.065339401
59.090099    18.46565594   0.01162652   0.064065047
59.2272      18.5085       0.011509591  0.062906548
59.3643      18.55134375   0.011276451  0.06174805
59.5014      18.5941875    0.011043374  0.060473699
59.6385      18.63703125   0.011042762  0.059199352
59.7756      18.679875     0.010809716  0.058156699
59.912701    18.72271906   0.010692922  0.056998201
60.049801    18.76556281   0.010576138  0.055955552
60.186901    18.80840656   0.01045936   0.05479705
60.324001    18.85125031   0.010226417  0.053522699
60.461102    18.89409438   0.010109703  0.052248351
60.598202    18.93693813   0.009993     0.050742298
60.735298    18.97978063   0.009876305  0.049352098
60.872398    19.02262438   0.009643469  0.047961898
61.009499    19.06546844   0.009526841  0.046687551
61.146599    19.10831219   0.00941023   0.045760751
61.283699    19.15115594   0.009293638  0.044718102
61.420799    19.19399969   0.009177067  0.044023
61.557899    19.23684344   0.009060524  0.0435596
61.695       19.2796875    0.009060134  0.0430962
61.8321      19.32253125   0.008943619  0.042864501
61.9692      19.365375     0.009059376  0.043327902
62.1063      19.40821875   0.009175081  0.0435596
62.243401    19.45106281   0.009174624  0.043675449
62.380501    19.49390656   0.009174148  0.043791302
62.517601    19.53675031   0.009173647  0.043675449
62.654701    19.57959406   0.009173112  0.043212049
62.791801    19.62243781   0.009056455  0.0426328
62.928902    19.66528188   0.00882373   0.041706
63.066002    19.70812563   0.008707117  0.04066335
63.203098    19.75096813   0.008590501  0.039504848
63.340199    19.79381219   0.00835783   0.038462199
63.477299    19.83665594   0.008241236  0.037187848
63.614399    19.87949969   0.007892555  0.035913501
63.751499    19.92234344   0.00765998   0.034870852
63.888599    19.96518719   0.007427439  0.033596501
64.025703    20.00803219   0.007194928  0.032669701
64.162804    20.05087625   0.006962445  0.03185875
64.299896    20.0937175    0.00661398   0.031047801
64.436996    20.13656125   0.006381585  0.03023685
64.574097    20.17940531   0.006149219  0.0296576
64.711197    20.22224906   0.005916878  0.0291942
64.848297    20.26509281   0.005568572  0.0287308
64.985397    20.30793656   0.005336309  0.0282674
65.122498    20.35078063   0.00510407   0.027688149
65.259598    20.39362438   0.004755876  0.0273406
65.396698    20.43646813   0.004523709  0.026761349
65.533798    20.47931188   0.004291563  0.026297949
65.670898    20.52215563   0.003943471  0.025834549
65.807999    20.56499969   0.003711392  0.025371149
65.945099    20.60784344   0.003595297  0.0250236
66.082199    20.65068719   0.00324728   0.0245602
66.219299    20.69353094   0.003015261  0.023980949
66.3564      20.736375     0.002783262  0.023517551
66.4935      20.77921875   0.002667238  0.022822451
66.6306      20.8220625    0.00243526   0.022127351
66.7677      20.86490625   0.002087344  0.021200551
66.9048      20.90775      0.001855408  0.0203896
67.041901    20.95059406   0.0018554    0.0206213
67.179001    20.99343781   0.001855391  0.020853
67.316101    21.03628156   0.001855383  0.0210847
67.453201    21.07912531   0.001855374  0.0213164
67.590302    21.12196938   0.001855366  0.021432251
67.727402    21.16481313   0.001855357  0.0215481
67.864502    21.20765688   0.001855348  0.021663951
68.001602    21.25050063   0.001855339  0.021663951
68.138702    21.29334438   0.001855331  0.021663951
68.275803    21.33618844   0.001855322  0.0215481
68.412903    21.37903219   0.001855313  0.021432251
68.550003    21.42187594   0.001855304  0.021200551
68.687103    21.46471969   0.001855294  0.020968851
68.824203    21.50756344   0.001855285  0.0206213
68.961304    21.5504075    0.001855276  0.0201579
69.098396    21.59324875   0.001855266  0.0196945
69.235497    21.63609281   0.001855256  0.019115251
69.372597    21.67893656   0.001855246  0.018536
69.509697    21.72178031   0.001855235  0.01795675
69.646797    21.76462406   0.001855223  0.017377499
69.783897    21.80746781   0.001739266  0.016914099
69.920998    21.85031188   0.00173926   0.016450699
70.058098    21.89315563   0.001739254  0.01610315
70.195198    21.93599938   0.001739249  0.015755599
70.332298    21.97884313   0.001739244  0.0155239
70.469398    22.02168688   0.001739241  0.0152922
70.606499    22.06453094   0.001739239  0.0152922
70.743599    22.10737469   0.00185518   0.0152922
70.880699    22.15021844   0.001855173  0.0155239
71.017799    22.19306219   0.001855166  0.01587145
71.1549      22.23590625   0.00185516   0.01633485
71.292       22.27875      0.001855156  0.016914099
71.4291      22.32159375   0.001971093  0.01749335
71.5662      22.3644375    0.001971083  0.0180726
71.7033      22.40728125   0.001971074  0.018651851
71.840401    22.45012531   0.001971066  0.0192311
71.977501    22.49296906   0.002086997  0.0196945
72.114601    22.53581281   0.002086983  0.020273751
72.251701    22.57865656   0.002086969  0.0206213
72.388802    22.62150063   0.002086956  0.020968851
72.525902    22.66434438   0.002086945  0.021200551
72.663002    22.70718813   0.002202866  0.021200551
72.800102    22.75003188   0.002202847  0.0210847
72.937202    22.79287563   0.002202827  0.020853
73.074303    22.83571969   0.002202806  0.0206213
73.211403    22.87856344   0.002202786  0.0203896
73.348503    22.92140719   0.002202765  0.020042051
73.485603    22.96425094   0.002202743  0.0199262
73.622704    23.007095     0.002202721  0.019810351
73.759804    23.04993875   0.002202699  0.019578651
73.896896    23.09278      0.002202675  0.019346951
74.033997    23.13562406   0.002202651  0.0189994
74.171097    23.17846781   0.002202626  0.018536
74.308197    23.22131156   0.002202598  0.01795675
74.445297    23.26415531   0.002086652  0.01749335
74.582397    23.30699906   0.002086632  0.016914099
74.719498    23.34984313   0.002086611  0.01633485
74.856598    23.39268688   0.00208659   0.015755599
74.993698    23.43553063   0.002086569  0.01540805
75.130798    23.47837438   0.002086546  0.01517635
75.267899    23.52121844   0.002086524  0.01494465
75.404999    23.56406219   0.0020865    0.01471295
75.542099    23.60690594   0.002086475  0.01448125
75.679199    23.64974969   0.002086448  0.01424955
75.816299    23.69259344   0.001970514  0.01401785
75.9534      23.7354375    0.001970494  0.0136703
76.0905      23.77828125   0.001970474  0.01332275
76.2276      23.821125     0.001970453  0.0129752
76.3647      23.86396875   0.001970431  0.0125118
76.501801    23.90681281   0.001970408  0.01216425
76.638901    23.94965656   0.001970385  0.0118167
76.776001    23.99250031   0.001970359  0.01146915
76.913101    24.03534406   0.001854438  0.01123745
77.050201    24.07818781   0.00185442   0.01100575
77.187302    24.12103188   0.001854402  0.0108899
77.324402    24.16387563   0.001854385  0.0108899
77.461502    24.20671938   0.001970259  0.01100575
77.598602    24.24956313   0.001970234  0.01123745
77.735703    24.29240719   0.001970208  0.0113533
77.872803    24.33525094   0.001970181  0.011585
78.009903    24.37809469   0.001970153  0.01193255
78.147003    24.42093844   0.001970124  0.01216425
78.284103    24.46378219   0.001970095  0.01239595
78.421204    24.50662625   0.001970064  0.01262765
78.558296    24.5494675    0.001970033  0.01285935
78.695396    24.59231125   0.00197      0.01309105
78.832497    24.63515531   0.001969967  0.01332275
78.969597    24.67799906   0.002085804  0.01355445
79.106697    24.72084281   0.002085756  0.0136703
79.243797    24.76368656   0.002085705  0.01378615
79.380898    24.80653063   0.002085649  0.01401785
79.517998    24.84937438   0.002085587  0.0141337
79.655098    24.89221813   0.002085514  0.0143654
79.792198    24.93506188   0.002085426  0.0145971
79.929298    24.97790563   0.0020853    0.01494465
