#    r         (mm)  r/D  T(K)  std  T  (K)
-50  -15.625   294   0
-45  -14.0625  1535  115
-40  -12.5     1538  113
-35  -10.9375  1547  114
-30  -9.375    1550  109
-25  -7.8125   1551  106
-20  -6.25     1553  104
-15  -4.6875   1550  107
-10  -3.125    1548  103
-5   -1.5625   1545  99
0    0         1544  93
5    1.5625    1544  93
10   3.125     1546  94
15   4.6875    1549  95
20   6.25      1548  105
25   7.8125    1551  106
30   9.375     1550  107
35   10.9375   1546  119
40   12.5      1553  104
45   14.0625   1548  121
50   15.625    294   0
