#            x/D           =            179.6875  ~   180    
#            r             (mm)         r/D       fv  (ppm)  rms_fv
-79.929298   -24.97790563  0.00614005   0.00915215
-79.792198   -24.93506188  0.006141139  0.009268
-79.655098   -24.89221813  0.006141909  0.0094997
-79.517998   -24.84937438  0.006142537  0.0094997
-79.380898   -24.80653063  0.00614308   0.00961555
-79.243797   -24.76368656  0.006259482  0.0097314
-79.106697   -24.72084281  0.006259954  0.00984725
-78.969597   -24.67799906  0.006260387  0.0099631
-78.832497   -24.63515531  0.006260789  0.0101948
-78.695396   -24.59231125  0.006261167  0.0104265
-78.558296   -24.5494675   0.006261525  0.0106582
-78.421204   -24.50662625  0.006261865  0.0108899
-78.284103   -24.46378219  0.00626219   0.0111216
-78.147003   -24.42093844  0.006262503  0.0113533
-78.009903   -24.37809469  0.006262803  0.011585
-77.872803   -24.33525094  0.006263092  0.01170085
-77.735703   -24.29240719  0.006263372  0.0120484
-77.598602   -24.24956313  0.006263644  0.0122801
-77.461502   -24.20671938  0.006263907  0.0125118
-77.324402   -24.16387563  0.006264163  0.01285935
-77.187302   -24.12103188  0.006264412  0.01332275
-77.050201   -24.07818781  0.006264655  0.01378615
-76.913101   -24.03534406  0.006264892  0.0143654
-76.776001   -23.99250031  0.006381144  0.01494465
-76.638901   -23.94965656  0.006381396  0.0155239
-76.501801   -23.90681281  0.006381636  0.01610315
-76.3647     -23.86396875  0.006381869  0.016682399
-76.2276     -23.821125    0.006382096  0.01726165
-76.0905     -23.77828125  0.006382318  0.0178409
-75.9534     -23.7354375   0.006382535  0.018420151
-75.816299   -23.69259344  0.006382748  0.0189994
-75.679199   -23.64974969  0.006382956  0.019578651
-75.542099   -23.60690594  0.006499218  0.020042051
-75.404999   -23.56406219  0.006499444  0.0206213
-75.267899   -23.52121844  0.006499661  0.0210847
-75.130798   -23.47837438  0.006499871  0.0215481
-74.993698   -23.43553063  0.006500076  0.021895651
-74.856598   -23.39268688  0.006500277  0.0222432
-74.719498   -23.34984313  0.006500475  0.022590751
-74.582397   -23.30699906  0.006500669  0.022822451
-74.445297   -23.26415531  0.00650086   0.0229383
-74.308197   -23.22131156  0.006501047  0.02317
-74.171097   -23.17846781  0.006501232  0.023285851
-74.033997   -23.13562406  0.006501415  0.02317
-73.896896   -23.09278     0.006501595  0.02317
-73.759804   -23.04993875  0.006501772  0.023054151
-73.622704   -23.007095    0.006501947  0.022822451
-73.485603   -22.96425094  0.00650212   0.022590751
-73.348503   -22.92140719  0.00650229   0.0222432
-73.211403   -22.87856344  0.006502459  0.0217798
-73.074303   -22.83571969  0.006502625  0.021432251
-72.937202   -22.79287563  0.00650279   0.020853
-72.800102   -22.75003188  0.006502952  0.020505451
-72.663002   -22.70718813  0.006386986  0.020042051
-72.525902   -22.66434438  0.006387122  0.019578651
-72.388802   -22.62150063  0.006387262  0.0192311
-72.251701   -22.57865656  0.006503537  0.018883551
-72.114601   -22.53581281  0.006503701  0.018651851
-71.977501   -22.49296906  0.006503859  0.0183043
-71.840401   -22.45012531  0.00638787   0.01795675
-71.7033     -22.40728125  0.006387999  0.0178409
-71.5662     -22.3644375   0.00650428   0.0176092
-71.4291     -22.32159375  0.006504436  0.01749335
-71.292      -22.27875     0.006504587  0.01749335
-71.1549     -22.23590625  0.006388578  0.0176092
-71.017799   -22.19306219  0.006388701  0.0178409
-70.880699   -22.15021844  0.006388827  0.01818845
-70.743599   -22.10737469  0.006388954  0.0187677
-70.606499   -22.06453094  0.006505247  0.0192311
-70.469398   -22.02168688  0.006505397  0.019578651
-70.332298   -21.97884313  0.00650554   0.0199262
-70.195198   -21.93599938  0.00650568   0.020273751
-70.058098   -21.89315563  0.006505817  0.0206213
-69.920998   -21.85031188  0.006505953  0.020853
-69.783897   -21.80746781  0.006622267  0.0210847
-69.646797   -21.76462406  0.006622423  0.0215481
-69.509697   -21.72178031  0.006622571  0.0217798
-69.372597   -21.67893656  0.006622715  0.022127351
-69.235497   -21.63609281  0.006622857  0.022590751
-69.098396   -21.59324875  0.006506803  0.022822451
-68.961304   -21.5504075   0.006506918  0.022822451
-68.824203   -21.50756344  0.006623234  0.023054151
-68.687103   -21.46471969  0.006623376  0.023054151
-68.550003   -21.42187594  0.006623513  0.023285851
-68.412903   -21.37903219  0.006623647  0.023749251
-68.275803   -21.33618844  0.006623778  0.0240968
-68.138702   -21.29334438  0.006623908  0.024676049
-68.001602   -21.25050063  0.006740248  0.0252553
-67.864502   -21.20765688  0.006740398  0.0259504
-67.727402   -21.16481313  0.006740541  0.026761349
-67.590302   -21.12196938  0.006856899  0.027688149
-67.453201   -21.07912531  0.006857059  0.0287308
-67.316101   -21.03628156  0.006973434  0.0298893
-67.179001   -20.99343781  0.006973605  0.031047801
-67.041901   -20.95059406  0.007089995  0.032090452
-66.9048     -20.90775     0.007090175  0.03324895
-66.7677     -20.86490625  0.00720658   0.034407452
-66.6306     -20.8220625   0.007206768  0.035450101
-66.4935     -20.77921875  0.007323186  0.03649275
-66.3564     -20.736375    0.007323383  0.037535399
-66.219299   -20.69353094  0.007439815  0.038578048
-66.082199   -20.65068719  0.007556268  0.039620701
-65.945099   -20.60784344  0.007556486  0.04066335
-65.807999   -20.56499969  0.007672947  0.041706
-65.670898   -20.52215563  0.007673169  0.0426328
-65.533798   -20.47931188  0.007789641  0.043443751
-65.396698   -20.43646813  0.007906136  0.044138849
-65.259598   -20.39362438  0.007906378  0.0449498
-65.122498   -20.35078063  0.007906605  0.045644902
-64.985397   -20.30793656  0.007906823  0.046455849
-64.848297   -20.26509281  0.008139594  0.0472668
-64.711197   -20.22224906  0.008139854  0.048077751
-64.574097   -20.17940531  0.008140096  0.048888698
-64.436996   -20.13656125  0.008140327  0.049699649
-64.299896   -20.0937175   0.008256844  0.0505106
-64.162804   -20.05087625  0.008257089  0.051321551
-64.025703   -20.00803219  0.008257322  0.052016649
-63.888599   -19.96518719  0.008373851  0.052711751
-63.751499   -19.92234344  0.008374099  0.053291
-63.614399   -19.87949969  0.008374334  0.0537544
-63.477299   -19.83665594  0.008490875  0.054101951
-63.340199   -19.79381219  0.008491126  0.054565351
-63.203098   -19.75096813  0.008491364  0.055028751
-63.066002   -19.70812563  0.008491595  0.05526045
-62.928902   -19.66528188  0.008491821  0.055608001
-62.791801   -19.62243781  0.008492041  0.055839699
-62.654701   -19.57959406  0.008492258  0.056071401
-62.517601   -19.53675031  0.00849247   0.056303099
-62.380501   -19.49390656  0.008609018  0.05665065
-62.243401   -19.45106281  0.008492912  0.05711405
-62.1063     -19.40821875  0.008609452  0.057693299
-61.9692     -19.365375    0.008609678  0.058272552
-61.8321     -19.32253125  0.008726245  0.058735952
-61.695      -19.2796875   0.008726486  0.05943105
-61.557899   -19.23684344  0.008843071  0.060126148
-61.420799   -19.19399969  0.008959682  0.06082125
-61.283699   -19.15115594  0.008959951  0.061863899
-61.146599   -19.10831219  0.00907657   0.062790699
-61.009499   -19.06546844  0.009193214  0.063833348
-60.872398   -19.02262438  0.009193504  0.064760149
-60.735298   -18.97978063  0.00942653   0.0655711
-60.598202   -18.93693813  0.009543236  0.066382051
-60.461102   -18.89409438  0.009659953  0.067193002
-60.324001   -18.85125031  0.009776684  0.067888103
-60.186901   -18.80840656  0.010009823  0.068583198
-60.049801   -18.76556281  0.01001022   0.0692783
-59.912701   -18.72271906  0.01024339   0.069973402
-59.7756     -18.679875    0.010360212  0.070784353
-59.6385     -18.63703125  0.010593453  0.071711153
-59.5014     -18.5941875   0.010710331  0.072406247
-59.3643     -18.55134375  0.010827214  0.0729855
-59.2272     -18.5085      0.010944106  0.073448896
-59.090099   -18.46565594  0.011177443  0.0739123
-58.952999   -18.42281219  0.011294398  0.074375696
-58.815899   -18.37996844  0.011411357  0.074607402
-58.678799   -18.33712469  0.011644775  0.074954949
-58.541698   -18.29428063  0.011761795  0.075418353
-58.404598   -18.25143688  0.011995279  0.0757659
-58.267502   -18.20859438  0.011995887  0.076113448
-58.130402   -18.16575063  0.012229393  0.076461002
-57.993301   -18.12290656  0.012346487  0.076808549
-57.856201   -18.08006281  0.012580068  0.077040248
-57.719101   -18.03721906  0.01269722   0.077387802
-57.582001   -17.99437531  0.012814374  0.0776195
-57.444901   -17.95153156  0.012931536  0.07773535
-57.3078     -17.9086875   0.013048709  0.07773535
-57.1707     -17.86584375  0.013165894  0.0776195
-57.0336     -17.823       0.013283092  0.07773535
-56.8965     -17.78015625  0.013516828  0.077851199
-56.759399   -17.73731219  0.013634099  0.078082897
-56.622299   -17.69446844  0.013751372  0.078198753
-56.485199   -17.65162469  0.013868656  0.078430451
-56.348099   -17.60878094  0.014102501  0.07866215
-56.210999   -17.56593719  0.014103299  0.078893848
-56.073898   -17.52309313  0.014337172  0.079241402
-55.936798   -17.48024938  0.01445455   0.079704799
-55.799702   -17.43740688  0.014688508  0.079936497
-55.662601   -17.39456281  0.014805951  0.080284052
-55.525501   -17.35171906  0.014923394  0.080631599
-55.388401   -17.30887531  0.015157441  0.080863297
-55.251301   -17.26603156  0.015274954  0.081210852
-55.114201   -17.22318781  0.015509076  0.081558399
-54.9771     -17.18034375  0.015626646  0.082021803
-54.84       -17.1375      0.01586084   0.082716897
-54.7029     -17.09465625  0.015978469  0.08329615
-54.5658     -17.0518125   0.016096094  0.084107101
-54.428699   -17.00896844  0.016447018  0.084802203
-54.291599   -16.96612469  0.016564765  0.085497297
-54.154499   -16.92328094  0.0166825    0.086424097
-54.017399   -16.88043719  0.01703357   0.087350897
-53.880299   -16.83759344  0.017151422  0.088393547
-53.743198   -16.79474938  0.01738594   0.089436203
-53.606098   -16.75190563  0.017620521  0.090478852
-53.469002   -16.70906313  0.017971859  0.091637351
-53.331902   -16.66621938  0.01820661   0.09268
-53.194801   -16.62337531  0.018441401  0.0936068
-53.057701   -16.58053156  0.018676238  0.094417751
-52.920601   -16.53768781  0.018911125  0.095112853
-52.783501   -16.49484406  0.019146063  0.095692098
-52.6464     -16.452       0.019381051  0.096503049
-52.5093     -16.40915625  0.019499328  0.097198151
-52.3722     -16.3663125   0.019734356  0.098009102
-52.2351     -16.32346875  0.020086229  0.098820053
-52.098      -16.280625    0.020321445  0.099630997
-51.960899   -16.23778094  0.020556702  0.10044195
-51.823799   -16.19493719  0.020908818  0.1012529
-51.686699   -16.15209344  0.02114424   0.1021797
-51.549599   -16.10924969  0.021496527  0.10299065
-51.412498   -16.06640563  0.021965778  0.10414915
-51.275398   -16.02356188  0.022318375  0.10530765
-51.138302   -15.98071938  0.022671064  0.10646615
-51.001202   -15.93787563  0.023140726  0.1077405
-50.864101   -15.89503156  0.023493694  0.10924655
-50.727001   -15.85218781  0.024080538  0.11063675
-50.589901   -15.80934406  0.024550752  0.11225865
-50.452801   -15.76650031  0.025138043  0.1137647
-50.315701   -15.72365656  0.025608659  0.1151549
-50.1786     -15.6808125   0.02619637   0.11642925
-50.0415     -15.63796875  0.026667379  0.1177036
-49.9044     -15.595125    0.027372482  0.11920965
-49.7673     -15.55228125  0.027960958  0.120484
-49.630199   -15.50943719  0.028432658  0.12175835
-49.493099   -15.46659344  0.029138534  0.1230327
-49.355999   -15.42374969  0.02972774   0.1241912
-49.218899   -15.38090594  0.030317176  0.12546556
-49.081799   -15.33806219  0.031023926  0.12662405
-48.944698   -15.29521813  0.031613948  0.12778255
-48.807598   -15.25237438  0.032204194  0.1288252
-48.670502   -15.20953188  0.032911808  0.12998369
-48.533401   -15.16668781  0.033502648  0.13102636
-48.396301   -15.12384406  0.034328039  0.1323007
-48.259201   -15.08100031  0.034919571  0.1334592
-48.122101   -15.03815656  0.035745706  0.1348494
-47.985001   -14.99531281  0.036337906  0.13612375
-47.8479     -14.95246875  0.037164783  0.13739809
-47.7108     -14.909625    0.037874911  0.13844074
-47.5737     -14.86678125  0.038585376  0.13959925
-47.4366     -14.8239375   0.039296196  0.1406419
-47.2995     -14.78109375  0.040007371  0.1418004
-47.162399   -14.73824969  0.04071891   0.14295889
-47.025299   -14.69540594  0.04154818   0.1441174
-46.888199   -14.65256219  0.042260581  0.14527591
-46.751099   -14.60971844  0.043090739  0.14631855
-46.613998   -14.56687438  0.04380398   0.1475929
-46.476898   -14.52403063  0.044517565  0.14875139
-46.339802   -14.48118813  0.045348996  0.15002576
-46.202702   -14.43834438  0.046063455  0.15118425
-46.065601   -14.39550031  0.046895794  0.15234275
-45.928501   -14.35265656  0.047728679  0.15350126
-45.791401   -14.30981281  0.048562086  0.15465975
-45.654301   -14.26696906  0.049278401  0.15581825
-45.5172     -14.224125    0.050230321  0.15720844
-45.3801     -14.18128125  0.051065313  0.1587145
-45.243      -14.1384375   0.052018492  0.16010471
-45.1059     -14.09559375  0.052854655  0.16161075
-44.9688     -14.05275     0.053926796  0.16323265
-44.831699   -14.00990594  0.054882064  0.1647387
-44.694599   -13.96706219  0.055720172  0.1663606
-44.557499   -13.92421844  0.056794404  0.16775081
-44.420399   -13.88137469  0.057751683  0.16925685
-44.283298   -13.83853063  0.058827493  0.17064705
-44.146198   -13.79568688  0.059786269  0.1719214
-44.009102   -13.75284438  0.060745674  0.17307989
-43.872002   -13.71000063  0.061587753  0.1740067
-43.734901   -13.66715656  0.062548304  0.17493349
-43.597801   -13.62431281  0.063509581  0.17574444
-43.460701   -13.58146906  0.064471559  0.1765554
-43.323601   -13.53862531  0.065434233  0.17736635
-43.186501   -13.49578156  0.066279473  0.178409
-43.0494     -13.4529375   0.067243363  0.17921995
-42.9123     -13.41009375  0.068089797  0.1802626
-42.7752     -13.36725     0.068936723  0.18153694
-42.6381     -13.32440625  0.069902459  0.18292715
-42.500999   -13.28156219  0.070750677  0.18443321
-42.363899   -13.23871844  0.071836099  0.18605509
-42.226799   -13.19587469  0.072804189  0.18790869
-42.089699   -13.15303094  0.073772997  0.18987815
-41.952599   -13.11018719  0.074742543  0.19196345
-41.815498   -13.06734313  0.075712833  0.19428045
-41.678398   -13.02449938  0.076565349  0.1964816
-41.541302   -12.98165688  0.077536909  0.1985669
-41.404202   -12.93881313  0.078390682  0.20076805
-41.267101   -12.89596906  0.079363594  0.20296919
-41.130001   -12.85312531  0.080218666  0.20540205
-40.992901   -12.81028156  0.081074259  0.2078349
-40.855801   -12.76743781  0.081930409  0.21038359
-40.7187     -12.72459375  0.082787156  0.21270061
-40.5816     -12.68175     0.083644483  0.21513344
-40.4445     -12.63890625  0.08438357   0.21745045
-40.3074     -12.5960625   0.085122976  0.21976745
-40.1703     -12.55321875  0.085743856  0.22173689
-40.033199   -12.51037469  0.086483826  0.22382221
-39.896099   -12.46753094  0.087105286  0.22567581
-39.758999   -12.42468719  0.087726937  0.22729769
-39.621899   -12.38184344  0.088229755  0.22880375
-39.484798   -12.33899938  0.088732563  0.2303098
-39.347698   -12.29615563  0.089116284  0.23181584
-39.210602   -12.25331313  0.089618999  0.23320605
-39.073502   -12.21046938  0.090121898  0.23459625
-38.936401   -12.16762531  0.090505716  0.23598646
-38.799301   -12.12478156  0.091008702  0.23737665
-38.662201   -12.08193781  0.091392609  0.23865101
-38.525101   -12.03909406  0.091895783  0.23992535
-38.388      -11.99625     0.092160476  0.2411997
-38.2509     -11.95340625  0.092663639  0.24247405
-38.1138     -11.9105625   0.093047714  0.24363256
-37.9767     -11.86771875  0.093192806  0.24479105
-37.8396     -11.824875    0.093576384  0.24571785
-37.702499   -11.78203094  0.093840583  0.24664465
-37.565399   -11.73918719  0.093985041  0.24733976
-37.428299   -11.69634344  0.094368281  0.24803485
-37.291199   -11.65349969  0.094512514  0.24849825
-37.154099   -11.61065594  0.094536669  0.24896166
-37.016998   -11.56781188  0.094679933  0.2493092
-36.879902   -11.52496938  0.094823006  0.2495409
-36.742802   -11.48212563  0.094846125  0.24965675
-36.605701   -11.43928156  0.094868773  0.24977259
-36.468601   -11.39643781  0.094891029  0.24977259
-36.331501   -11.35359406  0.094793084  0.24977259
-36.194401   -11.31075031  0.094934285  0.24977259
-36.057301   -11.26790656  0.094835728  0.24988845
-35.9202     -11.2250625   0.094856485  0.24988845
-35.7831     -11.18221875  0.094877038  0.25000429
-35.646      -11.139375    0.094777375  0.25012016
-35.5089     -11.09653125  0.094797201  0.25012016
-35.371799   -11.05368719  0.094816862  0.25012016
-35.234699   -11.01084344  0.094836328  0.25035185
-35.097599   -10.96799969  0.094855594  0.25058356
-34.960499   -10.92515594  0.100278909  0.29524371
-34.823399   -10.88231219  0.100789732  0.29646015
-34.686298   -10.83946813  0.101358596  0.29761866
-34.549198   -10.79662438  0.101926974  0.298893
-34.412102   -10.75378188  0.102555362  0.30016735
-34.275002   -10.71093813  0.103244109  0.3014417
-34.137901   -10.66809406  0.103873122  0.30277398
-34.000801   -10.62525031  0.104502418  0.30410624
-33.863701   -10.58240656  0.105192207  0.30543852
-33.726601   -10.53956281  0.105882487  0.30671287
-33.5895     -10.49671875  0.106452825  0.30792931
-33.4524     -10.453875    0.107143768  0.30920365
-33.3153     -10.41103125  0.10783524   0.31036213
-33.1782     -10.3681875   0.108527204  0.31169444
-33.0411     -10.32534375  0.109219644  0.31296879
-32.903999   -10.28249969  0.109912554  0.31424314
-32.766899   -10.23965594  0.110605938  0.31563333
-32.629799   -10.19681219  0.111239448  0.31696561
-32.492699   -10.15396844  0.111993952  0.31829786
-32.355598   -10.11112438  0.11256803   0.31945637
-32.218498   -10.06828063  0.113142227  0.32061487
-32.081402   -10.02543813  0.113716626  0.32165754
-31.9443     -9.98259375   0.114230848  0.32258433
-31.807199   -9.939749688  0.114745169  0.32333735
-31.670099   -9.896905938  0.115199185  0.32403246
-31.533001   -9.854062813  0.115592743  0.32449585
-31.395901   -9.811219063  0.115925735  0.32507509
-31.258801   -9.768375313  0.116318992  0.32553849
-31.1217     -9.72553125   0.11665179   0.32594398
-30.9846     -9.6826875    0.117044964  0.32646531
-30.8475     -9.63984375   0.11743821   0.32687077
-30.7104     -9.597        0.117831525  0.32733417
-30.573299   -9.554155938  0.118285463  0.3278555
-30.436199   -9.511312188  0.118739617  0.32831889
-30.299101   -9.468469063  0.119254572  0.32895607
-30.162001   -9.425625313  0.119769857  0.32965118
-30.0249     -9.38278125   0.12034607   0.33040419
-29.8878     -9.3399375    0.120922721  0.33133098
-29.7507     -9.29709375   0.121560424  0.33219987
-29.6136     -9.25425      0.122259324  0.33335838
-29.4765     -9.21140625   0.122898179  0.33445895
-29.339399   -9.168562188  0.12371956   0.33567536
-29.202299   -9.125718438  0.124481133  0.33706558
-29.065201   -9.082875313  0.125304078  0.33845577
-28.928101   -9.040031563  0.126249303  0.33996183
-28.791      -8.9971875    0.127195587  0.34146786
-28.6539     -8.95434375   0.128142829  0.34303185
-28.5168     -8.9115       0.129151786  0.34465376
-28.3797     -8.86865625   0.130161787  0.3464494
-28.242599   -8.825812188  0.131233615  0.34830302
-28.105499   -8.782968438  0.132306566  0.35021454
-27.968399   -8.740124688  0.133502325  0.35212609
-27.831301   -8.697281563  0.134699482  0.35421136
-27.694201   -8.654437813  0.135958818  0.35635459
-27.5571     -8.61159375   0.137219586  0.35855573
-27.42       -8.56875      0.138481687  0.36064106
-27.2829     -8.52590625   0.139745113  0.36278427
-27.1458     -8.4830625    0.141009809  0.36475372
-27.008699   -8.440218438  0.142336808  0.36666524
-26.871599   -8.397374688  0.143543146  0.36857677
-26.734501   -8.354531563  0.144811571  0.37048829
-26.597401   -8.311687813  0.146020183  0.37211019
-26.4603     -8.26884375   0.147168731  0.37379003
-26.3232     -8.226        0.148440369  0.37535399
-26.1861     -8.18315625   0.149529949  0.37680212
-26.049      -8.1403125    0.150681316  0.37819234
-25.9119     -8.09746875   0.151833661  0.37952459
-25.774799   -8.054624688  0.153048173  0.38085687
-25.637699   -8.011780938  0.154141391  0.38224706
-25.500601   -7.968937813  0.155296583  0.38352144
-25.363501   -7.926094063  0.156391514  0.38467991
-25.2264     -7.88325      0.157548513  0.38583842
-25.0893     -7.84040625   0.1586452    0.38705486
-24.9522     -7.7975625    0.159926659  0.38827127
-24.8151     -7.75471875   0.161086854  0.38954562
-24.677999   -7.711874688  0.162247955  0.3908779
-24.540899   -7.669030938  0.163532764  0.39209434
-24.403799   -7.626187188  0.16475755   0.39348453
-24.266701   -7.583344063  0.16604482   0.39487472
-24.129601   -7.540500313  0.167394841  0.39626491
-23.9925     -7.49765625   0.168684843  0.39771307
-23.8554     -7.4548125    0.169976017  0.39910325
-23.7183     -7.41196875   0.171329889  0.40060931
-23.5812     -7.369125     0.172562064  0.40211535
-23.444099   -7.326280938  0.173918292  0.40362141
-23.306999   -7.283437188  0.175214333  0.40501159
-23.169901   -7.240594063  0.176511518  0.40651765
-23.032801   -7.197750313  0.177933105  0.40808162
-22.8957     -7.15490625   0.179232973  0.40958768
-22.7586     -7.1120625    0.180595551  0.41120958
-22.6215     -7.06921875   0.181897771  0.41277355
-22.4844     -7.026375     0.183262783  0.41439545
-22.3473     -6.98353125   0.184629118  0.41607526
-22.210199   -6.940687188  0.185996741  0.41781303
-22.073099   -6.897843438  0.187427426  0.41949284
-21.936001   -6.855000313  0.188859595  0.42128852
-21.798901   -6.812156563  0.190169512  0.42302626
-21.6618     -6.7693125    0.191665968  0.42487988
-21.5247     -6.72646875   0.193226035  0.42661762
-21.3876     -6.683625     0.194787923  0.42858708
-21.2505     -6.64078125   0.19641347   0.4304986
-21.1134     -6.5979375    0.197978959  0.43235222
-20.976299   -6.555093438  0.199546038  0.43397412
-20.839199   -6.512249688  0.201052686  0.43571186
-20.702101   -6.469406563  0.202560685  0.43739167
-20.565001   -6.426562813  0.204132151  0.43901357
-20.4279     -6.38371875   0.205767344  0.44086719
-20.2908     -6.340875     0.207404366  0.44260493
-20.1537     -6.29803125   0.209105282  0.44457439
-20.0166     -6.2551875    0.210870337  0.44660175
-19.879499   -6.212343438  0.212575316  0.44868705
-19.742399   -6.169499688  0.214406533  0.45083028
-19.605301   -6.126656563  0.216115538  0.45303142
-19.468201   -6.083812813  0.218013039  0.45523259
-19.3311     -6.04096875   0.219850715  0.45754957
-19.194      -5.998125     0.221815119  0.45992449
-19.0569     -5.95528125   0.223782078  0.46241528
-18.9198     -5.9124375    0.225813826  0.46502191
-18.7827     -5.86959375   0.227848192  0.46745476
-18.645599   -5.826749688  0.229885099  0.4701193
-18.508499   -5.783905938  0.23198695   0.47272593
-18.371401   -5.741062813  0.234153964  0.47533256
-18.234301   -5.698219063  0.236198818  0.47776538
-18.0972     -5.655375     0.238371002  0.48014033
-17.9601     -5.61253125   0.240358277  0.4823994
-17.823      -5.5696875    0.242410095  0.48477432
-17.6859     -5.52684375   0.244464222  0.48697546
-17.5488     -5.484        0.246520622  0.48917663
-17.411699   -5.441155938  0.248516628  0.49137777
-17.274599   -5.398312188  0.2504519    0.49346307
-17.137501   -5.355469063  0.252451696  0.49549046
-17.000401   -5.312625313  0.25445363   0.49751782
-16.8633     -5.26978125   0.256394833  0.49948728
-16.7262     -5.2269375    0.258275006  0.5013988
-16.5891     -5.18409375   0.260156762  0.50313658
-16.452      -5.14125      0.261977265  0.50481635
-16.314899   -5.098405938  0.263673333  0.50638038
-16.177799   -5.055562188  0.265307384  0.50788641
-16.040701   -5.012719063  0.267131202  0.50950831
-15.9036     -4.969875     0.268767759  0.51101434
-15.7665     -4.92703125   0.27053123   0.51257831
-15.6294     -4.8841875    0.27223316   0.51414227
-15.4923     -4.84134375   0.273999395  0.51576418
-15.3552     -4.7985       0.275640848  0.51738608
-15.2181     -4.75565625   0.277409554  0.51883423
-15.081      -4.7128125    0.279179828  0.52028233
-14.9439     -4.66996875   0.280888355  0.52173048
-14.8068     -4.627125     0.282534792  0.52323651
-14.6697     -4.58428125   0.284245451  0.52462673
-14.5326     -4.5414375    0.286020717  0.52607483
-14.3955     -4.49859375   0.287734172  0.52758092
-14.2584     -4.45575      0.289575524  0.52914488
-14.1213     -4.41290625   0.291545422  0.53076679
-13.9842     -4.3700625    0.293390728  0.53238869
-13.8471     -4.32721875   0.295174029  0.5341264
-13.71       -4.284375     0.297021996  0.53569037
-13.5729     -4.24153125   0.298744502  0.53719646
-13.4358     -4.1986875    0.300467935  0.53852874
-13.2987     -4.15584375   0.302128818  0.53986102
-13.1616     -4.113        0.303790477  0.54119325
-13.0245     -4.07015625   0.305580258  0.54252553
-12.8874     -4.0273125    0.307307828  0.54391575
-12.7503     -3.98446875   0.309163801  0.54530597
-12.6132     -3.941625     0.310894035  0.54669613
-12.4761     -3.89878125   0.312688884  0.54797053
-12.339      -3.8559375    0.314485046  0.54912901
-12.2019     -3.81309375   0.31621863   0.55034542
-12.0648     -3.77025      0.317953126  0.55133015
-11.9277     -3.72740625   0.319688575  0.55248863
-11.7906     -3.6845625    0.321424982  0.55358922
-11.6535     -3.64171875   0.32322626   0.55480564
-11.5164     -3.598875     0.325028734  0.55596417
-11.3793     -3.55603125   0.326896332  0.55723852
-11.2422     -3.5131875    0.328765357  0.55851287
-11.1051     -3.47034375   0.33057162   0.55984515
-10.968      -3.4275       0.33250698   0.56117737
-10.8309     -3.38465625   0.33425161   0.56256759
-10.6938     -3.3418125    0.33612505   0.563784
-10.5567     -3.29896875   0.337871465  0.56505835
-10.4196     -3.256125     0.339490139  0.56621689
-10.2825     -3.21328125   0.34117314   0.56731743
-10.1454     -3.1704375    0.342599842  0.56836009
-10.0083     -3.12759375   0.344090165  0.56940275
-9.8711996   -3.084749875  0.34558044   0.57044542
-9.7341003   -3.041906344  0.346942189  0.57148802
-9.5970001   -2.999062531  0.348303385  0.57247275
-9.4598999   -2.956218719  0.349599863  0.57351542
-9.3227997   -2.913374906  0.350895803  0.57444221
-9.1857004   -2.870531375  0.351998082  0.57519525
-9.0486002   -2.827687563  0.35303478   0.57583243
-8.9115      -2.78484375   0.353876874  0.57629579
-8.7743998   -2.741999938  0.354588135  0.57658547
-8.6372995   -2.699156094  0.355361799  0.57681715
-8.5002003   -2.656312594  0.355940337  0.57693303
-8.3631001   -2.613468781  0.356387567  0.57704884
-8.2259998   -2.570624938  0.356832328  0.57704884
-8.0888996   -2.527781125  0.357210255  0.5769909
-7.9517999   -2.484937469  0.357521308  0.57681715
-7.8147001   -2.442093781  0.357829991  0.57681715
-7.6775999   -2.399249969  0.358071843  0.57670128
-7.5405002   -2.356406313  0.35818209   0.57670128
-7.4033999   -2.313562469  0.358419069  0.57664335
-7.2663002   -2.270718813  0.358524685  0.57652754
-7.1292      -2.227875     0.358692675  0.5764696
-6.9920998   -2.185031188  0.358923399  0.57641166
-6.855       -2.1421875    0.359087702  0.57641166
-6.7178998   -2.099343688  0.359314849  0.57652754
-6.5808001   -2.056500031  0.359669898  0.57658547
-6.4436998   -2.013656188  0.36002381   0.57675922
-6.3066001   -1.970812531  0.360311626  0.57687509
-6.1694999   -1.927968719  0.360597889  0.57704884
-6.0324001   -1.885125031  0.360947574  0.57716471
-5.8952999   -1.842281219  0.361296035  0.57733846
-5.7582002   -1.799437563  0.361708096  0.5775702
-5.6210999   -1.756593719  0.362119105  0.57791775
-5.4840002   -1.713750063  0.362593931  0.57826531
-5.3469      -1.67090625   0.36313278   0.57872868
-5.2097998   -1.628062438  0.363670823  0.5791921
-5.0727      -1.58521875   0.36427298   0.5797134
-4.9355998   -1.542374938  0.364809495  0.58017683
-4.7985001   -1.499531281  0.365410005  0.58069813
-4.6613998   -1.456687438  0.365944746  0.58121943
-4.5243001   -1.413843781  0.366543507  0.58168286
-4.3871999   -1.370999969  0.367076477  0.5822621
-4.2501001   -1.328156281  0.367608396  0.58278346
-4.1129999   -1.285312469  0.368204396  0.58330476
-3.9758999   -1.242468719  0.368799611  0.583884
-3.8388      -1.199625     0.369459091  0.58446324
-3.7017      -1.15678125   0.370052808  0.5849846
-3.5646      -1.1139375    0.370645637  0.5855059
-3.4275      -1.07109375   0.371237605  0.58591139
-3.2904      -1.02825      0.37189387   0.586954
-3.1533      -0.98540625   0.372288884  0.58730155
-3.0162001   -0.942562531  0.372747715  0.58741742
-2.8791001   -0.899718781  0.373075213  0.58764911
-2.7420001   -0.856875031  0.373271059  0.58782291
-2.6048999   -0.814031219  0.373661037  0.58793873
-2.4677999   -0.771187469  0.37378943   0.5880546
-2.3306999   -0.728343719  0.374046845  0.58793879
-2.1935999   -0.685499969  0.37417294   0.58799666
-2.0565      -0.64265625   0.374297905  0.58799666
-1.9194      -0.5998125    0.374487206  0.58788085
-1.7823      -0.55696875   0.374480152  0.58788085
-1.6452      -0.514125     0.37460269   0.58788085
-1.5081      -0.47128125   0.374724893  0.58788085
-1.3710001   -0.428437531  0.374977464  0.58788079
-1.2339      -0.38559375   0.375034448  0.58799666
-1.0968      -0.34275      0.375156958  0.58799666
-0.95969999  -0.299906247  0.37521491   0.58799666
-0.82260001  -0.257062503  0.375274157  0.5880546
-0.68550003  -0.214218759  0.375335498  0.5880546
-0.54839998  -0.171374994  0.375400161  0.5880546
-0.4113      -0.12853125   0.375535509  0.5880546
-0.27419999  -0.085687497  0.375614598  0.5880546
-0.1371      -0.04284375   0.375776873  0.58817047
0            0             0.375863892  0.58817047
0.1371       0.04284375    0.375776873  0.58817047
0.27419999   0.085687497   0.375614598  0.5880546
0.4113       0.12853125    0.375535509  0.5880546
0.54839998   0.171374994   0.375400161  0.5880546
0.68550003   0.214218759   0.375335498  0.5880546
0.82260001   0.257062503   0.375274157  0.5880546
0.95969999   0.299906247   0.37521491   0.58799666
1.0968       0.34275       0.375156958  0.58799666
1.2339       0.38559375    0.375034448  0.58799666
1.3710001    0.428437531   0.374977464  0.58788079
1.5081       0.47128125    0.374724893  0.58788085
1.6452       0.514125      0.37460269   0.58788085
1.7823       0.55696875    0.374480152  0.58788085
1.9194       0.5998125     0.374487206  0.58788085
2.0565       0.64265625    0.374297905  0.58799666
2.1935999    0.685499969   0.37417294   0.58799666
2.3306999    0.728343719   0.374046845  0.58793879
2.4677999    0.771187469   0.37378943   0.5880546
2.6048999    0.814031219   0.373661037  0.58793873
2.7420001    0.856875031   0.373271059  0.58782291
2.8791001    0.899718781   0.373075213  0.58764911
3.0162001    0.942562531   0.372747715  0.58741742
3.1533       0.98540625    0.372288884  0.58730155
3.2904       1.02825       0.37189387   0.586954
3.4275       1.07109375    0.371237605  0.58591139
3.5646       1.1139375     0.370645637  0.5855059
3.7017       1.15678125    0.370052808  0.5849846
3.8388       1.199625      0.369459091  0.58446324
3.9758999    1.242468719   0.368799611  0.583884
4.1129999    1.285312469   0.368204396  0.58330476
4.2501001    1.328156281   0.367608396  0.58278346
4.3871999    1.370999969   0.367076477  0.5822621
4.5243001    1.413843781   0.366543507  0.58168286
4.6613998    1.456687438   0.365944746  0.58121943
4.7985001    1.499531281   0.365410005  0.58069813
4.9355998    1.542374938   0.364809495  0.58017683
5.0727       1.58521875    0.36427298   0.5797134
5.2097998    1.628062438   0.363670823  0.5791921
5.3469       1.67090625    0.36313278   0.57872868
5.4840002    1.713750063   0.362593931  0.57826531
5.6210999    1.756593719   0.362119105  0.57791775
5.7582002    1.799437563   0.361708096  0.5775702
5.8952999    1.842281219   0.361296035  0.57733846
6.0324001    1.885125031   0.360947574  0.57716471
6.1694999    1.927968719   0.360597889  0.57704884
6.3066001    1.970812531   0.360311626  0.57687509
6.4436998    2.013656188   0.36002381   0.57675922
6.5808001    2.056500031   0.359669898  0.57658547
6.7178998    2.099343688   0.359314849  0.57652754
6.855        2.1421875     0.359087702  0.57641166
6.9920998    2.185031188   0.358923399  0.57641166
7.1292       2.227875      0.358692675  0.5764696
7.2663002    2.270718813   0.358524685  0.57652754
7.4033999    2.313562469   0.358419069  0.57664335
7.5405002    2.356406313   0.35818209   0.57670128
7.6775999    2.399249969   0.358071843  0.57670128
7.8147001    2.442093781   0.357829991  0.57681715
7.9517999    2.484937469   0.357521308  0.57681715
8.0888996    2.527781125   0.357210255  0.5769909
8.2259998    2.570624938   0.356832328  0.57704884
8.3631001    2.613468781   0.356387567  0.57704884
8.5002003    2.656312594   0.355940337  0.57693303
8.6372995    2.699156094   0.355361799  0.57681715
8.7743998    2.741999938   0.354588135  0.57658547
8.9115       2.78484375    0.353876874  0.57629579
9.0486002    2.827687563   0.35303478   0.57583243
9.1857004    2.870531375   0.351998082  0.57519525
9.3227997    2.913374906   0.350895803  0.57444221
9.4598999    2.956218719   0.349599863  0.57351542
9.5970001    2.999062531   0.348303385  0.57247275
9.7341003    3.041906344   0.346942189  0.57148802
9.8711996    3.084749875   0.34558044   0.57044542
10.0083      3.12759375    0.344090165  0.56940275
10.1454      3.1704375     0.342599842  0.56836009
10.2825      3.21328125    0.34117314   0.56731743
10.4196      3.256125      0.339490139  0.56621689
10.5567      3.29896875    0.337871465  0.56505835
10.6938      3.3418125     0.33612505   0.563784
10.8309      3.38465625    0.33425161   0.56256759
10.968       3.4275        0.33250698   0.56117737
11.1051      3.47034375    0.33057162   0.55984515
11.2422      3.5131875     0.328765357  0.55851287
11.3793      3.55603125    0.326896332  0.55723852
11.5164      3.598875      0.325028734  0.55596417
11.6535      3.64171875    0.32322626   0.55480564
11.7906      3.6845625     0.321424982  0.55358922
11.9277      3.72740625    0.319688575  0.55248863
12.0648      3.77025       0.317953126  0.55133015
12.2019      3.81309375    0.31621863   0.55034542
12.339       3.8559375     0.314485046  0.54912901
12.4761      3.89878125    0.312688884  0.54797053
12.6132      3.941625      0.310894035  0.54669613
12.7503      3.98446875    0.309163801  0.54530597
12.8874      4.0273125     0.307307828  0.54391575
13.0245      4.07015625    0.305580258  0.54252553
13.1616      4.113         0.303790477  0.54119325
13.2987      4.15584375    0.302128818  0.53986102
13.4358      4.1986875     0.300467935  0.53852874
13.5729      4.24153125    0.298744502  0.53719646
13.71        4.284375      0.297021996  0.53569037
13.8471      4.32721875    0.295174029  0.5341264
13.9842      4.3700625     0.293390728  0.53238869
14.1213      4.41290625    0.291545422  0.53076679
14.2584      4.45575       0.289575524  0.52914488
14.3955      4.49859375    0.287734172  0.52758092
14.5326      4.5414375     0.286020717  0.52607483
14.6697      4.58428125    0.284245451  0.52462673
14.8068      4.627125      0.282534792  0.52323651
14.9439      4.66996875    0.280888355  0.52173048
15.081       4.7128125     0.279179828  0.52028233
15.2181      4.75565625    0.277409554  0.51883423
15.3552      4.7985        0.275640848  0.51738608
15.4923      4.84134375    0.273999395  0.51576418
15.6294      4.8841875     0.27223316   0.51414227
15.7665      4.92703125    0.27053123   0.51257831
15.9036      4.969875      0.268767759  0.51101434
16.040701    5.012719063   0.267131202  0.50950831
16.177799    5.055562188   0.265307384  0.50788641
16.314899    5.098405938   0.263673333  0.50638038
16.452       5.14125       0.261977265  0.50481635
16.5891      5.18409375    0.260156762  0.50313658
16.7262      5.2269375     0.258275006  0.5013988
16.8633      5.26978125    0.256394833  0.49948728
17.000401    5.312625313   0.25445363   0.49751782
17.137501    5.355469063   0.252451696  0.49549046
17.274599    5.398312188   0.2504519    0.49346307
17.411699    5.441155938   0.248516628  0.49137777
17.5488      5.484         0.246520622  0.48917663
17.6859      5.52684375    0.244464222  0.48697546
17.823       5.5696875     0.242410095  0.48477432
17.9601      5.61253125    0.240358277  0.4823994
18.0972      5.655375      0.238371002  0.48014033
18.234301    5.698219063   0.236198818  0.47776538
18.371401    5.741062813   0.234153964  0.47533256
18.508499    5.783905938   0.23198695   0.47272593
18.645599    5.826749688   0.229885099  0.4701193
18.7827      5.86959375    0.227848192  0.46745476
18.9198      5.9124375     0.225813826  0.46502191
19.0569      5.95528125    0.223782078  0.46241528
19.194       5.998125      0.221815119  0.45992449
19.3311      6.04096875    0.219850715  0.45754957
19.468201    6.083812813   0.218013039  0.45523259
19.605301    6.126656563   0.216115538  0.45303142
19.742399    6.169499688   0.214406533  0.45083028
19.879499    6.212343438   0.212575316  0.44868705
20.0166      6.2551875     0.210870337  0.44660175
20.1537      6.29803125    0.209105282  0.44457439
20.2908      6.340875      0.207404366  0.44260493
20.4279      6.38371875    0.205767344  0.44086719
20.565001    6.426562813   0.204132151  0.43901357
20.702101    6.469406563   0.202560685  0.43739167
20.839199    6.512249688   0.201052686  0.43571186
20.976299    6.555093438   0.199546038  0.43397412
21.1134      6.5979375     0.197978959  0.43235222
21.2505      6.64078125    0.19641347   0.4304986
21.3876      6.683625      0.194787923  0.42858708
21.5247      6.72646875    0.193226035  0.42661762
21.6618      6.7693125     0.191665968  0.42487988
21.798901    6.812156563   0.190169512  0.42302626
21.936001    6.855000313   0.188859595  0.42128852
22.073099    6.897843438   0.187427426  0.41949284
22.210199    6.940687188   0.185996741  0.41781303
22.3473      6.98353125    0.184629118  0.41607526
22.4844      7.026375      0.183262783  0.41439545
22.6215      7.06921875    0.181897771  0.41277355
22.7586      7.1120625     0.180595551  0.41120958
22.8957      7.15490625    0.179232973  0.40958768
23.032801    7.197750313   0.177933105  0.40808162
23.169901    7.240594063   0.176511518  0.40651765
23.306999    7.283437188   0.175214333  0.40501159
23.444099    7.326280938   0.173918292  0.40362141
23.5812      7.369125      0.172562064  0.40211535
23.7183      7.41196875    0.171329889  0.40060931
23.8554      7.4548125     0.169976017  0.39910325
23.9925      7.49765625    0.168684843  0.39771307
24.129601    7.540500313   0.167394841  0.39626491
24.266701    7.583344063   0.16604482   0.39487472
24.403799    7.626187188   0.16475755   0.39348453
24.540899    7.669030938   0.163532764  0.39209434
24.677999    7.711874688   0.162247955  0.3908779
24.8151      7.75471875    0.161086854  0.38954562
24.9522      7.7975625     0.159926659  0.38827127
25.0893      7.84040625    0.1586452    0.38705486
25.2264      7.88325       0.157548513  0.38583842
25.363501    7.926094063   0.156391514  0.38467991
25.500601    7.968937813   0.155296583  0.38352144
25.637699    8.011780938   0.154141391  0.38224706
25.774799    8.054624688   0.153048173  0.38085687
25.9119      8.09746875    0.151833661  0.37952459
26.049       8.1403125     0.150681316  0.37819234
26.1861      8.18315625    0.149529949  0.37680212
26.3232      8.226         0.148440369  0.37535399
26.4603      8.26884375    0.147168731  0.37379003
26.597401    8.311687813   0.146020183  0.37211019
26.734501    8.354531563   0.144811571  0.37048829
26.871599    8.397374688   0.143543146  0.36857677
27.008699    8.440218438   0.142336808  0.36666524
27.1458      8.4830625     0.141009809  0.36475372
27.2829      8.52590625    0.139745113  0.36278427
27.42        8.56875       0.138481687  0.36064106
27.5571      8.61159375    0.137219586  0.35855573
27.694201    8.654437813   0.135958818  0.35635459
27.831301    8.697281563   0.134699482  0.35421136
27.968399    8.740124688   0.133502325  0.35212609
28.105499    8.782968438   0.132306566  0.35021454
28.242599    8.825812188   0.131233615  0.34830302
28.3797      8.86865625    0.130161787  0.3464494
28.5168      8.9115        0.129151786  0.34465376
28.6539      8.95434375    0.128142829  0.34303185
28.791       8.9971875     0.127195587  0.34146786
28.928101    9.040031563   0.126249303  0.33996183
29.065201    9.082875313   0.125304078  0.33845577
29.202299    9.125718438   0.124481133  0.33706558
29.339399    9.168562188   0.12371956   0.33567536
29.4765      9.21140625    0.122898179  0.33445895
29.6136      9.25425       0.122259324  0.33335838
29.7507      9.29709375    0.121560424  0.33219987
29.8878      9.3399375     0.120922721  0.33133098
30.0249      9.38278125    0.12034607   0.33040419
30.162001    9.425625313   0.119769857  0.32965118
30.299101    9.468469063   0.119254572  0.32895607
30.436199    9.511312188   0.118739617  0.32831889
30.573299    9.554155938   0.118285463  0.3278555
30.7104      9.597         0.117831525  0.32733417
30.8475      9.63984375    0.11743821   0.32687077
30.9846      9.6826875     0.117044964  0.32646531
31.1217      9.72553125    0.11665179   0.32594398
31.258801    9.768375313   0.116318992  0.32553849
31.395901    9.811219063   0.115925735  0.32507509
31.533001    9.854062813   0.115592743  0.32449585
31.670099    9.896905938   0.115199185  0.32403246
31.807199    9.939749688   0.114745169  0.32333735
31.9443      9.98259375    0.114230848  0.32258433
32.081402    10.02543813   0.113716626  0.32165754
32.218498    10.06828063   0.113142227  0.32061487
32.355598    10.11112438   0.11256803   0.31945637
32.492699    10.15396844   0.111993952  0.31829786
32.629799    10.19681219   0.111239448  0.31696561
32.766899    10.23965594   0.110605938  0.31563333
32.903999    10.28249969   0.109912554  0.31424314
33.0411      10.32534375   0.109219644  0.31296879
33.1782      10.3681875    0.108527204  0.31169444
33.3153      10.41103125   0.10783524   0.31036213
33.4524      10.453875     0.107143768  0.30920365
33.5895      10.49671875   0.106452825  0.30792931
33.726601    10.53956281   0.105882487  0.30671287
33.863701    10.58240656   0.105192207  0.30543852
34.000801    10.62525031   0.104502418  0.30410624
34.137901    10.66809406   0.103873122  0.30277398
34.275002    10.71093813   0.103244109  0.3014417
34.412102    10.75378188   0.102555362  0.30016735
34.549198    10.79662438   0.101926974  0.298893
34.686298    10.83946813   0.101358596  0.29761866
34.823399    10.88231219   0.100789732  0.29646015
34.960499    10.92515594   0.100278909  0.29524371
35.097599    10.96799969   0.094855594  0.25058356
35.234699    11.01084344   0.094836328  0.25035185
35.371799    11.05368719   0.094816862  0.25012016
35.5089      11.09653125   0.094797201  0.25012016
35.646       11.139375     0.094777375  0.25012016
35.7831      11.18221875   0.094877038  0.25000429
35.9202      11.2250625    0.094856485  0.24988845
36.057301    11.26790656   0.094835728  0.24988845
36.194401    11.31075031   0.094934285  0.24977259
36.331501    11.35359406   0.094793084  0.24977259
36.468601    11.39643781   0.094891029  0.24977259
36.605701    11.43928156   0.094868773  0.24977259
36.742802    11.48212563   0.094846125  0.24965675
36.879902    11.52496938   0.094823006  0.2495409
37.016998    11.56781188   0.094679933  0.2493092
37.154099    11.61065594   0.094536669  0.24896166
37.291199    11.65349969   0.094512514  0.24849825
37.428299    11.69634344   0.094368281  0.24803485
37.565399    11.73918719   0.093985041  0.24733976
37.702499    11.78203094   0.093840583  0.24664465
37.8396      11.824875     0.093576384  0.24571785
37.9767      11.86771875   0.093192806  0.24479105
38.1138      11.9105625    0.093047714  0.24363256
38.2509      11.95340625   0.092663639  0.24247405
38.388       11.99625      0.092160476  0.2411997
38.525101    12.03909406   0.091895783  0.23992535
38.662201    12.08193781   0.091392609  0.23865101
38.799301    12.12478156   0.091008702  0.23737665
38.936401    12.16762531   0.090505716  0.23598646
39.073502    12.21046938   0.090121898  0.23459625
39.210602    12.25331313   0.089618999  0.23320605
39.347698    12.29615563   0.089116284  0.23181584
39.484798    12.33899938   0.088732563  0.2303098
39.621899    12.38184344   0.088229755  0.22880375
39.758999    12.42468719   0.087726937  0.22729769
39.896099    12.46753094   0.087105286  0.22567581
40.033199    12.51037469   0.086483826  0.22382221
40.1703      12.55321875   0.085743856  0.22173689
40.3074      12.5960625    0.085122976  0.21976745
40.4445      12.63890625   0.08438357   0.21745045
40.5816      12.68175      0.083644483  0.21513344
40.7187      12.72459375   0.082787156  0.21270061
40.855801    12.76743781   0.081930409  0.21038359
40.992901    12.81028156   0.081074259  0.2078349
41.130001    12.85312531   0.080218666  0.20540205
41.267101    12.89596906   0.079363594  0.20296919
41.404202    12.93881313   0.078390682  0.20076805
41.541302    12.98165688   0.077536909  0.1985669
41.678398    13.02449938   0.076565349  0.1964816
41.815498    13.06734313   0.075712833  0.19428045
41.952599    13.11018719   0.074742543  0.19196345
42.089699    13.15303094   0.073772997  0.18987815
42.226799    13.19587469   0.072804189  0.18790869
42.363899    13.23871844   0.071836099  0.18605509
42.500999    13.28156219   0.070750677  0.18443321
42.6381      13.32440625   0.069902459  0.18292715
42.7752      13.36725      0.068936723  0.18153694
42.9123      13.41009375   0.068089797  0.1802626
43.0494      13.4529375    0.067243363  0.17921995
43.186501    13.49578156   0.066279473  0.178409
43.323601    13.53862531   0.065434233  0.17736635
43.460701    13.58146906   0.064471559  0.1765554
43.597801    13.62431281   0.063509581  0.17574444
43.734901    13.66715656   0.062548304  0.17493349
43.872002    13.71000063   0.061587753  0.1740067
44.009102    13.75284438   0.060745674  0.17307989
44.146198    13.79568688   0.059786269  0.1719214
44.283298    13.83853063   0.058827493  0.17064705
44.420399    13.88137469   0.057751683  0.16925685
44.557499    13.92421844   0.056794404  0.16775081
44.694599    13.96706219   0.055720172  0.1663606
44.831699    14.00990594   0.054882064  0.1647387
44.9688      14.05275      0.053926796  0.16323265
45.1059      14.09559375   0.052854655  0.16161075
45.243       14.1384375    0.052018492  0.16010471
45.3801      14.18128125   0.051065313  0.1587145
45.5172      14.224125     0.050230321  0.15720844
45.654301    14.26696906   0.049278401  0.15581825
45.791401    14.30981281   0.048562086  0.15465975
45.928501    14.35265656   0.047728679  0.15350126
46.065601    14.39550031   0.046895794  0.15234275
46.202702    14.43834438   0.046063455  0.15118425
46.339802    14.48118813   0.045348996  0.15002576
46.476898    14.52403063   0.044517565  0.14875139
46.613998    14.56687438   0.04380398   0.1475929
46.751099    14.60971844   0.043090739  0.14631855
46.888199    14.65256219   0.042260581  0.14527591
47.025299    14.69540594   0.04154818   0.1441174
47.162399    14.73824969   0.04071891   0.14295889
47.2995      14.78109375   0.040007371  0.1418004
47.4366      14.8239375    0.039296196  0.1406419
47.5737      14.86678125   0.038585376  0.13959925
47.7108      14.909625     0.037874911  0.13844074
47.8479      14.95246875   0.037164783  0.13739809
47.985001    14.99531281   0.036337906  0.13612375
48.122101    15.03815656   0.035745706  0.1348494
48.259201    15.08100031   0.034919571  0.1334592
48.396301    15.12384406   0.034328039  0.1323007
48.533401    15.16668781   0.033502648  0.13102636
48.670502    15.20953188   0.032911808  0.12998369
48.807598    15.25237438   0.032204194  0.1288252
48.944698    15.29521813   0.031613948  0.12778255
49.081799    15.33806219   0.031023926  0.12662405
49.218899    15.38090594   0.030317176  0.12546556
49.355999    15.42374969   0.02972774   0.1241912
49.493099    15.46659344   0.029138534  0.1230327
49.630199    15.50943719   0.028432658  0.12175835
49.7673      15.55228125   0.027960958  0.120484
49.9044      15.595125     0.027372482  0.11920965
50.0415      15.63796875   0.026667379  0.1177036
50.1786      15.6808125    0.02619637   0.11642925
50.315701    15.72365656   0.025608659  0.1151549
50.452801    15.76650031   0.025138043  0.1137647
50.589901    15.80934406   0.024550752  0.11225865
50.727001    15.85218781   0.024080538  0.11063675
50.864101    15.89503156   0.023493694  0.10924655
51.001202    15.93787563   0.023140726  0.1077405
51.138302    15.98071938   0.022671064  0.10646615
51.275398    16.02356188   0.022318375  0.10530765
51.412498    16.06640563   0.021965778  0.10414915
51.549599    16.10924969   0.021496527  0.10299065
51.686699    16.15209344   0.02114424   0.1021797
51.823799    16.19493719   0.020908818  0.1012529
51.960899    16.23778094   0.020556702  0.10044195
52.098       16.280625     0.020321445  0.099630997
52.2351      16.32346875   0.020086229  0.098820053
52.3722      16.3663125    0.019734356  0.098009102
52.5093      16.40915625   0.019499328  0.097198151
52.6464      16.452        0.019381051  0.096503049
52.783501    16.49484406   0.019146063  0.095692098
52.920601    16.53768781   0.018911125  0.095112853
53.057701    16.58053156   0.018676238  0.094417751
53.194801    16.62337531   0.018441401  0.0936068
53.331902    16.66621938   0.01820661   0.09268
53.469002    16.70906313   0.017971859  0.091637351
53.606098    16.75190563   0.017620521  0.090478852
53.743198    16.79474938   0.01738594   0.089436203
53.880299    16.83759344   0.017151422  0.088393547
54.017399    16.88043719   0.01703357   0.087350897
54.154499    16.92328094   0.0166825    0.086424097
54.291599    16.96612469   0.016564765  0.085497297
54.428699    17.00896844   0.016447018  0.084802203
54.5658      17.0518125    0.016096094  0.084107101
54.7029      17.09465625   0.015978469  0.08329615
54.84        17.1375       0.01586084   0.082716897
54.9771      17.18034375   0.015626646  0.082021803
55.114201    17.22318781   0.015509076  0.081558399
55.251301    17.26603156   0.015274954  0.081210852
55.388401    17.30887531   0.015157441  0.080863297
55.525501    17.35171906   0.014923394  0.080631599
55.662601    17.39456281   0.014805951  0.080284052
55.799702    17.43740688   0.014688508  0.079936497
55.936798    17.48024938   0.01445455   0.079704799
56.073898    17.52309313   0.014337172  0.079241402
56.210999    17.56593719   0.014103299  0.078893848
56.348099    17.60878094   0.014102501  0.07866215
56.485199    17.65162469   0.013868656  0.078430451
56.622299    17.69446844   0.013751372  0.078198753
56.759399    17.73731219   0.013634099  0.078082897
56.8965      17.78015625   0.013516828  0.077851199
57.0336      17.823        0.013283092  0.07773535
57.1707      17.86584375   0.013165894  0.0776195
57.3078      17.9086875    0.013048709  0.07773535
57.444901    17.95153156   0.012931536  0.07773535
57.582001    17.99437531   0.012814374  0.0776195
57.719101    18.03721906   0.01269722   0.077387802
57.856201    18.08006281   0.012580068  0.077040248
57.993301    18.12290656   0.012346487  0.076808549
58.130402    18.16575063   0.012229393  0.076461002
58.267502    18.20859438   0.011995887  0.076113448
58.404598    18.25143688   0.011995279  0.0757659
58.541698    18.29428063   0.011761795  0.075418353
58.678799    18.33712469   0.011644775  0.074954949
58.815899    18.37996844   0.011411357  0.074607402
58.952999    18.42281219   0.011294398  0.074375696
59.090099    18.46565594   0.011177443  0.0739123
59.2272      18.5085       0.010944106  0.073448896
59.3643      18.55134375   0.010827214  0.0729855
59.5014      18.5941875    0.010710331  0.072406247
59.6385      18.63703125   0.010593453  0.071711153
59.7756      18.679875     0.010360212  0.070784353
59.912701    18.72271906   0.01024339   0.069973402
60.049801    18.76556281   0.01001022   0.0692783
60.186901    18.80840656   0.010009823  0.068583198
60.324001    18.85125031   0.009776684  0.067888103
60.461102    18.89409438   0.009659953  0.067193002
60.598202    18.93693813   0.009543236  0.066382051
60.735298    18.97978063   0.00942653   0.0655711
60.872398    19.02262438   0.009193504  0.064760149
61.009499    19.06546844   0.009193214  0.063833348
61.146599    19.10831219   0.00907657   0.062790699
61.283699    19.15115594   0.008959951  0.061863899
61.420799    19.19399969   0.008959682  0.06082125
61.557899    19.23684344   0.008843071  0.060126148
61.695       19.2796875    0.008726486  0.05943105
61.8321      19.32253125   0.008726245  0.058735952
61.9692      19.365375     0.008609678  0.058272552
62.1063      19.40821875   0.008609452  0.057693299
62.243401    19.45106281   0.008492912  0.05711405
62.380501    19.49390656   0.008609018  0.05665065
62.517601    19.53675031   0.00849247   0.056303099
62.654701    19.57959406   0.008492258  0.056071401
62.791801    19.62243781   0.008492041  0.055839699
62.928902    19.66528188   0.008491821  0.055608001
63.066002    19.70812563   0.008491595  0.05526045
63.203098    19.75096813   0.008491364  0.055028751
63.340199    19.79381219   0.008491126  0.054565351
63.477299    19.83665594   0.008490875  0.054101951
63.614399    19.87949969   0.008374334  0.0537544
63.751499    19.92234344   0.008374099  0.053291
63.888599    19.96518719   0.008373851  0.052711751
64.025703    20.00803219   0.008257322  0.052016649
64.162804    20.05087625   0.008257089  0.051321551
64.299896    20.0937175    0.008256844  0.0505106
64.436996    20.13656125   0.008140327  0.049699649
64.574097    20.17940531   0.008140096  0.048888698
64.711197    20.22224906   0.008139854  0.048077751
64.848297    20.26509281   0.008139594  0.0472668
64.985397    20.30793656   0.007906823  0.046455849
65.122498    20.35078063   0.007906605  0.045644902
65.259598    20.39362438   0.007906378  0.0449498
65.396698    20.43646813   0.007906136  0.044138849
65.533798    20.47931188   0.007789641  0.043443751
65.670898    20.52215563   0.007673169  0.0426328
65.807999    20.56499969   0.007672947  0.041706
65.945099    20.60784344   0.007556486  0.04066335
66.082199    20.65068719   0.007556268  0.039620701
66.219299    20.69353094   0.007439815  0.038578048
66.3564      20.736375     0.007323383  0.037535399
66.4935      20.77921875   0.007323186  0.03649275
66.6306      20.8220625    0.007206768  0.035450101
66.7677      20.86490625   0.00720658   0.034407452
66.9048      20.90775      0.007090175  0.03324895
67.041901    20.95059406   0.007089995  0.032090452
67.179001    20.99343781   0.006973605  0.031047801
67.316101    21.03628156   0.006973434  0.0298893
67.453201    21.07912531   0.006857059  0.0287308
67.590302    21.12196938   0.006856899  0.027688149
67.727402    21.16481313   0.006740541  0.026761349
67.864502    21.20765688   0.006740398  0.0259504
68.001602    21.25050063   0.006740248  0.0252553
68.138702    21.29334438   0.006623908  0.024676049
68.275803    21.33618844   0.006623778  0.0240968
68.412903    21.37903219   0.006623647  0.023749251
68.550003    21.42187594   0.006623513  0.023285851
68.687103    21.46471969   0.006623376  0.023054151
68.824203    21.50756344   0.006623234  0.023054151
68.961304    21.5504075    0.006506918  0.022822451
69.098396    21.59324875   0.006506803  0.022822451
69.235497    21.63609281   0.006622857  0.022590751
69.372597    21.67893656   0.006622715  0.022127351
69.509697    21.72178031   0.006622571  0.0217798
69.646797    21.76462406   0.006622423  0.0215481
69.783897    21.80746781   0.006622267  0.0210847
69.920998    21.85031188   0.006505953  0.020853
70.058098    21.89315563   0.006505817  0.0206213
70.195198    21.93599938   0.00650568   0.020273751
70.332298    21.97884313   0.00650554   0.0199262
70.469398    22.02168688   0.006505397  0.019578651
70.606499    22.06453094   0.006505247  0.0192311
70.743599    22.10737469   0.006388954  0.0187677
70.880699    22.15021844   0.006388827  0.01818845
71.017799    22.19306219   0.006388701  0.0178409
71.1549      22.23590625   0.006388578  0.0176092
71.292       22.27875      0.006504587  0.01749335
71.4291      22.32159375   0.006504436  0.01749335
71.5662      22.3644375    0.00650428   0.0176092
71.7033      22.40728125   0.006387999  0.0178409
71.840401    22.45012531   0.00638787   0.01795675
71.977501    22.49296906   0.006503859  0.0183043
72.114601    22.53581281   0.006503701  0.018651851
72.251701    22.57865656   0.006503537  0.018883551
72.388802    22.62150063   0.006387262  0.0192311
72.525902    22.66434438   0.006387122  0.019578651
72.663002    22.70718813   0.006386986  0.020042051
72.800102    22.75003188   0.006502952  0.020505451
72.937202    22.79287563   0.00650279   0.020853
73.074303    22.83571969   0.006502625  0.021432251
73.211403    22.87856344   0.006502459  0.0217798
73.348503    22.92140719   0.00650229   0.0222432
73.485603    22.96425094   0.00650212   0.022590751
73.622704    23.007095     0.006501947  0.022822451
73.759804    23.04993875   0.006501772  0.023054151
73.896896    23.09278      0.006501595  0.02317
74.033997    23.13562406   0.006501415  0.02317
74.171097    23.17846781   0.006501232  0.023285851
74.308197    23.22131156   0.006501047  0.02317
74.445297    23.26415531   0.00650086   0.0229383
74.582397    23.30699906   0.006500669  0.022822451
74.719498    23.34984313   0.006500475  0.022590751
74.856598    23.39268688   0.006500277  0.0222432
74.993698    23.43553063   0.006500076  0.021895651
75.130798    23.47837438   0.006499871  0.0215481
75.267899    23.52121844   0.006499661  0.0210847
75.404999    23.56406219   0.006499444  0.0206213
75.542099    23.60690594   0.006499218  0.020042051
75.679199    23.64974969   0.006382956  0.019578651
75.816299    23.69259344   0.006382748  0.0189994
75.9534      23.7354375    0.006382535  0.018420151
76.0905      23.77828125   0.006382318  0.0178409
76.2276      23.821125     0.006382096  0.01726165
76.3647      23.86396875   0.006381869  0.016682399
76.501801    23.90681281   0.006381636  0.01610315
76.638901    23.94965656   0.006381396  0.0155239
76.776001    23.99250031   0.006381144  0.01494465
76.913101    24.03534406   0.006264892  0.0143654
77.050201    24.07818781   0.006264655  0.01378615
77.187302    24.12103188   0.006264412  0.01332275
77.324402    24.16387563   0.006264163  0.01285935
77.461502    24.20671938   0.006263907  0.0125118
77.598602    24.24956313   0.006263644  0.0122801
77.735703    24.29240719   0.006263372  0.0120484
77.872803    24.33525094   0.006263092  0.01170085
78.009903    24.37809469   0.006262803  0.011585
78.147003    24.42093844   0.006262503  0.0113533
78.284103    24.46378219   0.00626219   0.0111216
78.421204    24.50662625   0.006261865  0.0108899
78.558296    24.5494675    0.006261525  0.0106582
78.695396    24.59231125   0.006261167  0.0104265
78.832497    24.63515531   0.006260789  0.0101948
78.969597    24.67799906   0.006260387  0.0099631
79.106697    24.72084281   0.006259954  0.00984725
79.243797    24.76368656   0.006259482  0.0097314
79.380898    24.80653063   0.00614308   0.00961555
79.517998    24.84937438   0.006142537  0.0094997
79.655098    24.89221813   0.006141909  0.0094997
79.792198    24.93506188   0.006141139  0.009268
79.929298    24.97790563   0.00614005   0.00915215
