#    r         (mm)  r/D  T(K)  std  T  (K)
-50  -15.625   1475  122
-45  -14.0625  1478  126
-40  -12.5     1491  125
-35  -10.9375  1505  124
-30  -9.375    1520  112
-25  -7.8125   1521  112
-20  -6.25     1527  112
-15  -4.6875   1530  106
-10  -3.125    1535  100
-5   -1.5625   1534  101
0    0         1536  100
5    1.5625    1537  99
10   3.125     1535  99
15   4.6875    1535  101
20   6.25      1534  105
25   7.8125    1532  109
30   9.375     1528  111
35   10.9375   1520  129
40   12.5      1509  137
45   14.0625   1528  103
50   15.625    1519  109
