#            x/D           =            195.3125  ~   195    
#            r             (mm)         r/D       fv  (ppm)  rms_fv
-79.929298   -24.97790563  0.00428645   0.023054151
-79.792198   -24.93506188  0.004171116  0.023054151
-79.655098   -24.89221813  0.004171467  0.0229383
-79.517998   -24.84937438  0.004171755  0.022822451
-79.380898   -24.80653063  0.004172005  0.022590751
-79.243797   -24.76368656  0.004172228  0.022590751
-79.106697   -24.72084281  0.004172432  0.0222432
-78.969597   -24.67799906  0.00417262   0.0220115
-78.832497   -24.63515531  0.004172797  0.0217798
-78.695396   -24.59231125  0.004172963  0.0215481
-78.558296   -24.5494675   0.00417312   0.021200551
-78.421204   -24.50662625  0.00417327   0.020968851
-78.284103   -24.46378219  0.004173414  0.0206213
-78.147003   -24.42093844  0.004173551  0.020273751
-78.009903   -24.37809469  0.004057748  0.019810351
-77.872803   -24.33525094  0.004057859  0.0194628
-77.735703   -24.29240719  0.00405797   0.019115251
-77.598602   -24.24956313  0.004058079  0.0187677
-77.461502   -24.20671938  0.004058185  0.0183043
-77.324402   -24.16387563  0.00405829   0.01795675
-77.187302   -24.12103188  0.004058391  0.0176092
-77.050201   -24.07818781  0.004058491  0.017377499
-76.913101   -24.03534406  0.004058588  0.016914099
-76.776001   -23.99250031  0.004058683  0.016682399
-76.638901   -23.94965656  0.004058776  0.01633485
-76.501801   -23.90681281  0.004058868  0.015987299
-76.3647     -23.86396875  0.004058957  0.015755599
-76.2276     -23.821125    0.004059045  0.0155239
-76.0905     -23.77828125  0.003943156  0.01540805
-75.9534     -23.7354375   0.003943225  0.01517635
-75.816299   -23.69259344  0.003943297  0.01494465
-75.679199   -23.64974969  0.003943369  0.01471295
-75.542099   -23.60690594  0.004059424  0.01448125
-75.404999   -23.56406219  0.004059511  0.01448125
-75.267899   -23.52121844  0.004059593  0.01424955
-75.130798   -23.47837438  0.004059672  0.0141337
-74.993698   -23.43553063  0.00405975   0.01401785
-74.856598   -23.39268688  0.004059826  0.013902
-74.719498   -23.34984313  0.0040599    0.013902
-74.582397   -23.30699906  0.004059974  0.013902
-74.445297   -23.26415531  0.004060046  0.01378615
-74.308197   -23.22131156  0.004060118  0.0136703
-74.171097   -23.17846781  0.004060188  0.0134386
-74.033997   -23.13562406  0.004060257  0.01332275
-73.896896   -23.09278     0.004060325  0.0129752
-73.759804   -23.04993875  0.003944382  0.0127435
-73.622704   -23.007095    0.003944434  0.0125118
-73.485603   -22.96425094  0.003944489  0.0122801
-73.348503   -22.92140719  0.003944545  0.0120484
-73.211403   -22.87856344  0.004060618  0.0118167
-73.074303   -22.83571969  0.004060689  0.01170085
-72.937202   -22.79287563  0.004060756  0.01146915
-72.800102   -22.75003188  0.004060821  0.0113533
-72.663002   -22.70718813  0.004060884  0.01123745
-72.525902   -22.66434438  0.004060946  0.01123745
-72.388802   -22.62150063  0.004061008  0.01123745
-72.251701   -22.57865656  0.004061068  0.0113533
-72.114601   -22.53581281  0.004061128  0.01146915
-71.977501   -22.49296906  0.004061187  0.0118167
-71.840401   -22.45012531  0.004061246  0.0120484
-71.7033     -22.40728125  0.004177341  0.01239595
-71.5662     -22.3644375   0.004177413  0.01285935
-71.4291     -22.32159375  0.00417748   0.0134386
-71.292      -22.27875     0.004177546  0.013902
-71.1549     -22.23590625  0.004177609  0.0145971
-71.017799   -22.19306219  0.004177672  0.0152922
-70.880699   -22.15021844  0.004177733  0.01610315
-70.743599   -22.10737469  0.004177794  0.01679825
-70.606499   -22.06453094  0.004177853  0.0176092
-70.469398   -22.02168688  0.004177912  0.018420151
-70.332298   -21.97884313  0.00417797   0.019346951
-70.195198   -21.93599938  0.004178028  0.0201579
-70.058098   -21.89315563  0.004294143  0.020968851
-69.920998   -21.85031188  0.004178154  0.0217798
-69.783897   -21.80746781  0.004178206  0.022590751
-69.646797   -21.76462406  0.004178259  0.023285851
-69.509697   -21.72178031  0.004178313  0.023980949
-69.372597   -21.67893656  0.004178367  0.024676049
-69.235497   -21.63609281  0.00417842   0.0252553
-69.098396   -21.59324875  0.004294541  0.025834549
-68.961304   -21.5504075   0.004294608  0.026297949
-68.824203   -21.50756344  0.004294671  0.0266455
-68.687103   -21.46471969  0.004294732  0.0268772
-68.550003   -21.42187594  0.004294791  0.0271089
-68.412903   -21.37903219  0.004294849  0.027456449
-68.275803   -21.33618844  0.004410985  0.0275723
-68.138702   -21.29334438  0.004411057  0.027804
-68.001602   -21.25050063  0.004411123  0.027688149
-67.864502   -21.20765688  0.004411188  0.0275723
-67.727402   -21.16481313  0.004527336  0.0273406
-67.590302   -21.12196938  0.004527413  0.0271089
-67.453201   -21.07912531  0.004527485  0.026761349
-67.316101   -21.03628156  0.004643645  0.0264138
-67.179001   -20.99343781  0.004643728  0.026066249
-67.041901   -20.95059406  0.004643805  0.0257187
-66.9048     -20.90775     0.004643879  0.025487
-66.7677     -20.86490625  0.004643951  0.024907749
-66.6306     -20.8220625   0.004644021  0.0245602
-66.4935     -20.77921875  0.00464409   0.0243285
-66.3564     -20.736375    0.004760261  0.0240968
-66.219299   -20.69353094  0.004760344  0.023980949
-66.082199   -20.65068719  0.004760421  0.0240968
-65.945099   -20.60784344  0.004876605  0.024212649
-65.807999   -20.56499969  0.004876694  0.024444349
-65.670898   -20.52215563  0.00499289   0.0247919
-65.533798   -20.47931188  0.004992987  0.0252553
-65.396698   -20.43646813  0.004993077  0.025834549
-65.259598   -20.39362438  0.004993163  0.0264138
-65.122498   -20.35078063  0.004993246  0.0271089
-64.985397   -20.30793656  0.004993327  0.0280357
-64.848297   -20.26509281  0.004993406  0.028846649
-64.711197   -20.22224906  0.005225739  0.02954175
-64.574097   -20.17940531  0.00522585   0.030352701
-64.436996   -20.13656125  0.005225951  0.03093195
-64.299896   -20.0937175   0.005226046  0.031627052
-64.162804   -20.05087625  0.005226138  0.03232215
-64.025703   -20.00803219  0.005226227  0.03278555
-63.888599   -19.96518719  0.005226314  0.033596501
-63.751499   -19.92234344  0.005342542  0.034291599
-63.614399   -19.87949969  0.005342643  0.034870852
-63.477299   -19.83665594  0.005342738  0.03556595
-63.340199   -19.79381219  0.005458978  0.03602935
-63.203098   -19.75096813  0.005459086  0.036608599
-63.066002   -19.70812563  0.005459186  0.03695615
-62.928902   -19.66528188  0.005459283  0.03741955
-62.791801   -19.62243781  0.005459377  0.037767101
-62.654701   -19.57959406  0.005691787  0.038230501
-62.517601   -19.53675031  0.005691914  0.038578048
-62.380501   -19.49390656  0.00569203   0.038925599
-62.243401   -19.45106281  0.00569214   0.03927315
-62.1063     -19.40821875  0.005808414  0.03973655
-61.9692     -19.365375    0.005808536  0.040084101
-61.8321     -19.32253125  0.005808651  0.040547501
-61.695      -19.2796875   0.005808761  0.040895049
-61.557899   -19.23684344  0.005925045  0.04112675
-61.420799   -19.19399969  0.005925169  0.041474301
-61.283699   -19.15115594  0.005925285  0.041706
-61.146599   -19.10831219  0.006041581  0.0421694
-61.009499   -19.06546844  0.00604171   0.0426328
-60.872398   -19.02262438  0.00615802   0.043212049
-60.735298   -18.97978063  0.006158157  0.043791302
-60.598202   -18.93693813  0.006274479  0.0444864
-60.461102   -18.89409438  0.006274622  0.045065649
-60.324001   -18.85125031  0.006274757  0.045760751
-60.186901   -18.80840656  0.006391087  0.046571702
-60.049801   -18.76556281  0.006391233  0.047498502
-59.912701   -18.72271906  0.00639137   0.048541151
-59.7756     -18.679875    0.006391502  0.049467951
-59.6385     -18.63703125  0.006507841  0.050626449
-59.5014     -18.5941875   0.006507987  0.051553249
-59.3643     -18.55134375  0.006508124  0.0523642
-59.2272     -18.5085      0.006508257  0.053059299
-59.090099   -18.46565594  0.006624607  0.0537544
-58.952999   -18.42281219  0.006624755  0.05433365
-58.815899   -18.37996844  0.006624894  0.054681201
-58.678799   -18.33712469  0.006741257  0.055028751
-58.541698   -18.29428063  0.00674141   0.05526045
-58.404598   -18.25143688  0.006857787  0.05526045
-58.267502   -18.20859438  0.006857948  0.055144601
-58.130402   -18.16575063  0.006858099  0.054912899
-57.993301   -18.12290656  0.006974486  0.054681201
-57.856201   -18.08006281  0.007090894  0.054565351
-57.719101   -18.03721906  0.007207318  0.05433365
-57.582001   -17.99437531  0.007207507  0.054101951
-57.444901   -17.95153156  0.007323936  0.054101951
-57.3078     -17.9086875   0.007440383  0.053986099
-57.1707     -17.86584375  0.007556846  0.053986099
-57.0336     -17.823       0.007557061  0.05387025
-56.8965     -17.78015625  0.007789792  0.0537544
-56.759399   -17.73731219  0.007790032  0.053522699
-56.622299   -17.69446844  0.007906525  0.05340685
-56.485199   -17.65162469  0.008023036  0.05340685
-56.348099   -17.60878094  0.008139562  0.053175151
-56.210999   -17.56593719  0.008372384  0.053175151
-56.073898   -17.52309313  0.008372677  0.0528276
-55.936798   -17.48024938  0.008489236  0.052595899
-55.799702   -17.43740688  0.008722106  0.0523642
-55.662601   -17.39456281  0.008838724  0.052132498
-55.525501   -17.35171906  0.008839046  0.0519008
-55.388401   -17.30887531  0.009071959  0.051784951
-55.251301   -17.26603156  0.009188613  0.051553249
-55.114201   -17.22318781  0.009421591  0.051553249
-54.9771     -17.18034375  0.009421974  0.051553249
-54.84       -17.1375      0.009654976  0.051784951
-54.7029     -17.09465625  0.009771702  0.052016649
-54.5658     -17.0518125   0.010004768  0.052595899
-54.428699   -17.00896844  0.010237882  0.053059299
-54.291599   -16.96612469  0.010354694  0.053638551
-54.154499   -16.92328094  0.010587857  0.05433365
-54.017399   -16.88043719  0.010821067  0.055144601
-53.880299   -16.83759344  0.010937958  0.05618725
-53.743198   -16.79474938  0.011171215  0.05711405
-53.606098   -16.75190563  0.011288147  0.058156699
-53.469002   -16.70906313  0.011521458  0.059199352
-53.331902   -16.66621938  0.011754819  0.06035785
-53.194801   -16.62337531  0.011988224  0.061516348
-53.057701   -16.58053156  0.012105275  0.06267485
-52.920601   -16.53768781  0.012338725  0.064065047
-52.783501   -16.49484406  0.012688635  0.065339401
-52.6464     -16.452       0.012805806  0.066961303
-52.5093     -16.40915625  0.013039385  0.068467349
-52.3722     -16.3663125   0.013389443  0.069973402
-52.2351     -16.32346875  0.013506721  0.071595304
-52.098      -16.280625    0.013856873  0.073101349
-51.960899   -16.23778094  0.014090673  0.074607402
-51.823799   -16.19493719  0.014440967  0.075881749
-51.686699   -16.15209344  0.014791359  0.077387802
-51.549599   -16.10924969  0.015025362  0.078777999
-51.412498   -16.06640563  0.015259392  0.080168203
-51.275398   -16.02356188  0.01560995   0.08144255
-51.138302   -15.98071938  0.015960609  0.082716897
-51.001202   -15.93787563  0.016311357  0.083991252
-50.864101   -15.89503156  0.016662196  0.08514975
-50.727001   -15.85218781  0.01701312   0.086424097
-50.589901   -15.80934406  0.017480671  0.087582603
-50.452801   -15.76650031  0.017831829  0.088741101
-50.315701   -15.72365656  0.018183061  0.090015449
-50.1786     -15.6808125   0.018650946  0.091405652
-50.0415     -15.63796875  0.019002411  0.092795849
-49.9044     -15.595125    0.01947054   0.094070204
-49.7673     -15.55228125  0.019822225  0.0954604
-49.630199   -15.50943719  0.020290596  0.096734747
-49.493099   -15.46659344  0.020642505  0.097893253
-49.355999   -15.42374969  0.021111123  0.099051751
-49.218899   -15.38090594  0.021579904  0.10021025
-49.081799   -15.33806219  0.022048841  0.1012529
-48.944698   -15.29521813  0.022401257  0.10229555
-48.807598   -15.25237438  0.022870427  0.10345405
-48.670502   -15.20953188  0.023339764  0.1044967
-48.533401   -15.16668781  0.023809261  0.10553935
-48.396301   -15.12384406  0.024278916  0.1068137
-48.259201   -15.08100031  0.024748728  0.10785635
-48.122101   -15.03815656  0.025218696  0.1091307
-47.985001   -14.99531281  0.025688825  0.11040505
-47.8479     -14.95246875  0.02604233   0.1114477
-47.7108     -14.909625    0.026512693  0.11249035
-47.5737     -14.86678125  0.027100047  0.11364885
-47.4366     -14.8239375   0.027570843  0.1146915
-47.2995     -14.78109375  0.028041792  0.11573415
-47.162399   -14.73824969  0.028629755  0.11689265
-47.025299   -14.69540594  0.028984241  0.11805115
-46.888199   -14.65256219  0.029455656  0.1193255
-46.751099   -14.60971844  0.030044152  0.12083155
-46.613998   -14.56687438  0.030516009  0.1223376
-46.476898   -14.52403063  0.031104955  0.12384365
-46.339802   -14.48118813  0.031577226  0.1253497
-46.202702   -14.43834438  0.032049642  0.12685575
-46.065601   -14.39550031  0.032639205  0.12813009
-45.928501   -14.35265656  0.033112052  0.1295203
-45.791401   -14.30981281  0.033702071  0.1309105
-45.654301   -14.26696906  0.03417533   0.13206901
-45.5172     -14.224125    0.034648744  0.1334592
-45.3801     -14.18128125  0.035239387  0.13473354
-45.243      -14.1384375   0.035713243  0.13589205
-45.1059     -14.09559375  0.036187241  0.13705055
-44.9688     -14.05275     0.036661413  0.1383249
-44.831699   -14.00990594  0.037252902  0.13936755
-44.694599   -13.96706219  0.037727535  0.1404102
-44.557499   -13.92421844  0.038202322  0.14168455
-44.420399   -13.88137469  0.03867728   0.14295889
-44.283298   -13.83853063  0.039152415  0.14423326
-44.146198   -13.79568688  0.039627732  0.14562345
-44.009102   -13.75284438  0.040103232  0.14701365
-43.872002   -13.71000063  0.040578918  0.14840385
-43.734901   -13.66715656  0.041054791  0.1496782
-43.597801   -13.62431281  0.04164817   0.1510684
-43.460701   -13.58146906  0.042007206  0.15211105
-43.323601   -13.53862531  0.042483623  0.15326954
-43.186501   -13.49578156  0.042960242  0.15419635
-43.0494     -13.4529375   0.043437067  0.15512314
-42.9123     -13.41009375  0.043796664  0.15604995
-42.7752     -13.36725     0.044273752  0.1570926
-42.6381     -13.32440625  0.04475106   0.15801939
-42.500999   -13.28156219  0.045228586  0.15906204
-42.363899   -13.23871844  0.045588814  0.16010471
-42.226799   -13.19587469  0.046066611  0.16114736
-42.089699   -13.15303094  0.046544642  0.16219001
-41.952599   -13.11018719  0.046787777  0.16323265
-41.815498   -13.06734313  0.047265961  0.16439115
-41.678398   -13.02449938  0.047744417  0.16543379
-41.541302   -12.98165688  0.048105492  0.1663606
-41.404202   -12.93881313  0.048584262  0.16728739
-41.267101   -12.89596906  0.048945632  0.1682142
-41.130001   -12.85312531  0.049424738  0.16937269
-40.992901   -12.81028156  0.0497864    0.17041536
-40.855801   -12.76743781  0.050148136  0.17180555
-40.7187     -12.72459375  0.050627696  0.17319575
-40.5816     -12.68175     0.050989767  0.17470179
-40.4445     -12.63890625  0.051351912  0.1763237
-40.3074     -12.5960625   0.051831957  0.17782976
-40.1703     -12.55321875  0.052194446  0.1793358
-40.033199   -12.51037469  0.052557012  0.18072601
-39.896099   -12.46753094  0.053037543  0.1818845
-39.758999   -12.42468719  0.053282582  0.183043
-39.621899   -12.38184344  0.05376333   0.18431735
-39.484798   -12.33899938  0.05412647   0.18547586
-39.347698   -12.29615563  0.054371749  0.18686604
-39.210602   -12.25331313  0.054734925  0.18790869
-39.073502   -12.21046938  0.055098258  0.18895134
-38.936401   -12.16762531  0.055461717  0.18999401
-38.799301   -12.12478156  0.055825308  0.1909208
-38.662201   -12.08193781  0.056070983  0.19184759
-38.525101   -12.03909406  0.056434671  0.1927744
-38.388      -11.99625     0.056798526  0.19370119
-38.2509     -11.95340625  0.057044421  0.19474386
-38.1138     -11.9105625   0.057290273  0.19567065
-37.9767     -11.86771875  0.057654273  0.19682916
-37.8396     -11.824875    0.057900284  0.1978718
-37.702499   -11.78203094  0.058146285  0.19891445
-37.565399   -11.73918719  0.058510493  0.19984125
-37.428299   -11.69634344  0.058756681  0.20076805
-37.291199   -11.65349969  0.059002856  0.20146315
-37.154099   -11.61065594  0.059249042  0.2020424
-37.016998   -11.56781188  0.059376972  0.20262165
-36.879902   -11.52496938  0.05962306   0.20296919
-36.742802   -11.48212563  0.059869218  0.20308505
-36.605701   -11.43928156  0.059997099  0.20331675
-36.468601   -11.39643781  0.060124851  0.2034326
-36.331501   -11.35359406  0.060370888  0.20331675
-36.194401   -11.31075031  0.060380248  0.20308505
-36.057301   -11.26790656  0.060626156  0.20296919
-35.9202     -11.2250625   0.060635348  0.20285335
-35.7831     -11.18221875  0.060762739  0.20262165
-35.646      -11.139375    0.060890115  0.20262165
-35.5089     -11.09653125  0.06089898   0.2027375
-35.371799   -11.05368719  0.060907642  0.20296919
-35.234699   -11.01084344  0.06115317   0.20296919
-35.097599   -10.96799969  0.061161842  0.20296919
-34.960499   -10.92515594  0.06591219   0.23175792
-34.823399   -10.88231219  0.066104971  0.2321634
-34.686298   -10.83946813  0.066355467  0.23268473
-34.549198   -10.79662438  0.066605371  0.23337983
-34.412102   -10.75378188  0.066854958  0.23413286
-34.275002   -10.71093813  0.067223016  0.23477003
-34.137901   -10.66809406  0.067531813  0.23546512
-34.000801   -10.62525031  0.067840568  0.23621815
-33.863701   -10.58240656  0.068149334  0.23685533
-33.726601   -10.53956281  0.068517491  0.23755042
-33.5895     -10.49671875  0.068885787  0.2381876
-33.4524     -10.453875    0.069254195  0.23894063
-33.3153     -10.41103125  0.069622728  0.2398095
-33.1782     -10.3681875   0.070050782  0.24079423
-33.0411     -10.32534375  0.070360209  0.24177895
-32.903999   -10.28249969  0.070729073  0.2428216
-32.766899   -10.23965594  0.071098061  0.24386425
-32.629799   -10.19681219  0.071526634  0.2449069
-32.492699   -10.15396844  0.071895958  0.24606539
-32.355598   -10.11112438  0.072324864  0.24710806
-32.218498   -10.06828063  0.072753983  0.24832447
-32.081402   -10.02543813  0.073123803  0.2495409
-31.9443     -9.98259375   0.073553206  0.25064147
-31.807199   -9.939749688  0.073982831  0.25191581
-31.670099   -9.896905938  0.074353105  0.25319019
-31.533001   -9.854062813  0.074783005  0.25446454
-31.395901   -9.811219063  0.075272655  0.25568095
-31.258801   -9.768375313  0.075703038  0.25707114
-31.1217     -9.72553125   0.076133581  0.25840342
-30.9846     -9.6826875    0.076623879  0.25967777
-30.8475     -9.63984375   0.077174033  0.26112589
-30.7104     -9.597        0.07772456   0.26251611
-30.573299   -9.554155938  0.078215784  0.26413801
-30.436199   -9.511312188  0.078707217  0.26570198
-30.299101   -9.468469063  0.079258493  0.26732388
-30.162001   -9.425625313  0.079750456  0.26888785
-30.0249     -9.38278125   0.080302271  0.27056769
-29.8878     -9.3399375    0.080854401  0.27213165
-29.7507     -9.29709375   0.08134715   0.27381149
-29.6136     -9.25425      0.081959464  0.27537546
-29.4765     -9.21140625   0.082572185  0.27705526
-29.339399   -9.168562188  0.083125569  0.27861926
-29.202299   -9.125718438  0.083619475  0.28000945
-29.065201   -9.082875313  0.084173265  0.28145757
-28.928101   -9.040031563  0.084727343  0.28278986
-28.791      -8.9971875    0.085281695  0.28412214
-28.6539     -8.95434375   0.08577654   0.28539649
-28.5168     -8.9115       0.086391118  0.28667083
-28.3797     -8.86865625   0.086886497  0.28800309
-28.242599   -8.825812188  0.087501638  0.28927746
-28.105499   -8.782968438  0.088057352  0.29049388
-27.968399   -8.740124688  0.088553481  0.29153651
-27.831301   -8.697281563  0.089169432  0.29263711
-27.694201   -8.654437813  0.089666075  0.2935639
-27.5571     -8.61159375   0.090342446  0.29437485
-27.42       -8.56875      0.090899566  0.29524374
-27.2829     -8.52590625   0.091516795  0.2961126
-27.1458     -8.4830625    0.092074471  0.29692355
-27.008699   -8.440218438  0.0927522    0.29761866
-26.871599   -8.397374688  0.093430401  0.29854545
-26.734501   -8.354531563  0.094049092  0.29941434
-26.597401   -8.311687813  0.09472802   0.30028319
-26.4603     -8.26884375   0.095407371  0.30126792
-26.3232     -8.226        0.096027146  0.30213681
-26.1861     -8.18315625   0.096767164  0.30300567
-26.049      -8.1403125    0.097327712  0.30375871
-25.9119     -8.09746875   0.098068416  0.30451173
-25.774799   -8.054624688  0.098809673  0.30532268
-25.637699   -8.011780938  0.099491371  0.30601779
-25.500601   -7.968937813  0.100233468  0.30682871
-25.363501   -7.926094063  0.100795835  0.30763966
-25.2264     -7.88325      0.101538522  0.30845061
-25.0893     -7.84040625   0.102281742  0.3093195
-24.9522     -7.7975625    0.103025434  0.31018838
-24.8151     -7.75471875   0.103709454  0.31105727
-24.677999   -7.711874688  0.104453923  0.31192613
-24.540899   -7.669030938  0.105138703  0.31273708
-24.403799   -7.626187188  0.105823793  0.31366387
-24.266701   -7.583344063  0.106629568  0.3146486
-24.129601   -7.540500313  0.10737574   0.31563333
-23.9925     -7.49765625   0.108062124  0.3167339
-23.8554     -7.4548125    0.108809012  0.31771863
-23.7183     -7.41196875   0.109616576  0.31876129
-23.5812     -7.369125     0.110364449  0.31980392
-23.444099   -7.326280938  0.111052451  0.32084659
-23.306999   -7.283437188  0.111800984  0.32194716
-23.169901   -7.240594063  0.112610244  0.32304773
-23.032801   -7.197750313  0.113299448  0.3241483
-22.8957     -7.15490625   0.114109518  0.32513303
-22.7586     -7.1120625    0.114799492  0.32611775
-22.6215     -7.06921875   0.115610385  0.32710248
-22.4844     -7.026375     0.11636149   0.32820305
-22.3473     -6.98353125   0.117173322  0.32930362
-22.210199   -6.940687188  0.117985675  0.33052006
-22.073099   -6.897843438  0.118738122  0.33185232
-21.936001   -6.855000313  0.119551332  0.33324254
-21.798901   -6.812156563  0.120365037  0.33469066
-21.6618     -6.7693125    0.121118787  0.33596501
-21.5247     -6.72646875   0.12199377   0.3373552
-21.3876     -6.683625     0.122748446  0.33880332
-21.2505     -6.64078125   0.123563913  0.34019351
-21.1134     -6.5979375    0.124379851  0.34164166
-20.976299   -6.555093438  0.12519625   0.34308976
-20.839199   -6.512249688  0.126013108  0.34453791
-20.702101   -6.469406563  0.126830407  0.34610188
-20.565001   -6.426562813  0.127648149  0.34755
-20.4279     -6.38371875   0.128466339  0.34905607
-20.2908     -6.340875     0.129284958  0.35062003
-20.1537     -6.29803125   0.130043419  0.35206816
-20.0166     -6.2551875    0.130802158  0.35351628
-19.879499   -6.212343438  0.131682477  0.35484856
-19.742399   -6.169499688  0.132442138  0.35612291
-19.605301   -6.126656563  0.133262704  0.35728139
-19.468201   -6.083812813  0.134144407  0.35843989
-19.3311     -6.04096875   0.134844631  0.35971424
-19.194      -5.998125     0.13572706   0.36093068
-19.0569     -5.95528125   0.136549398  0.36214709
-18.9198     -5.9124375    0.13737214   0.36318976
-18.7827     -5.86959375   0.138195278  0.36411655
-18.645599   -5.826749688  0.139079597  0.36498544
-18.508499   -5.783905938  0.139964471  0.36585429
-18.371401   -5.741062813  0.140849864  0.36666524
-18.234301   -5.698219063  0.14173576   0.36753413
-18.0972     -5.655375     0.142500501  0.36840299
-17.9601     -5.61253125   0.143447931  0.36932981
-17.823      -5.5696875    0.144335211  0.37031454
-17.6859     -5.52684375   0.145283832  0.37141511
-17.5488     -5.484        0.146111289  0.37245774
-17.411699   -5.441155938  0.146999931  0.37367418
-17.274599   -5.398312188  0.147828144  0.37477475
-17.137501   -5.355469063  0.148778506  0.37593326
-17.000401   -5.312625313  0.149668572  0.37714967
-16.8633     -5.26978125   0.150498113  0.37836608
-16.7262     -5.2269375    0.151449869  0.37946668
-16.5891     -5.18409375   0.152280269  0.38045141
-16.452      -5.14125      0.153171939  0.38132027
-16.314899   -5.098405938  0.154125093  0.382305
-16.177799   -5.055562188  0.155017795  0.38340557
-16.040701   -5.012719063  0.156032973  0.38456407
-15.9036     -4.969875     0.156987809  0.38583842
-15.7665     -4.92703125   0.157943137  0.38688108
-15.6294     -4.8841875    0.158960063  0.38809749
-15.4923     -4.84134375   0.159916514  0.389256
-15.3552     -4.7985       0.160934547  0.39024073
-15.2181     -4.75565625   0.161892049  0.3913413
-15.081      -4.7128125    0.162911124  0.39232603
-14.9439     -4.66996875   0.163930814  0.39319491
-14.8068     -4.627125     0.164889876  0.39417961
-14.6697     -4.58428125   0.165971735  0.39499056
-14.5326     -4.5414375    0.166931889  0.39568567
-14.3955     -4.49859375   0.167892392  0.39638078
-14.2584     -4.45575      0.168975782  0.39696002
-14.1213     -4.41290625   0.169937361  0.39765513
-13.9842     -4.3700625    0.171083119  0.3982923
-13.8471     -4.32721875   0.172107119  0.39887154
-13.71       -4.284375     0.173131567  0.39945081
-13.5729     -4.24153125   0.174156461  0.40020382
-13.4358     -4.1986875    0.175059152  0.40095684
-13.2987     -4.15584375   0.176023337  0.40176779
-13.1616     -4.113        0.177110638  0.40263668
-13.0245     -4.07015625   0.178075845  0.40367931
-12.8874     -4.0273125    0.179041354  0.40466404
-12.7503     -3.98446875   0.180068584  0.40576461
-12.6132     -3.941625     0.181096308  0.40703899
-12.4761     -3.89878125   0.182063067  0.40831333
-12.339      -3.8559375    0.183091551  0.40958768
-12.2019     -3.81309375   0.184059032  0.41097787
-12.0648     -3.77025      0.185026793  0.41242599
-11.9277     -3.72740625   0.18599487   0.41387412
-11.7906     -3.6845625    0.186901721  0.41543809
-11.6535     -3.64171875   0.187931783  0.41700208
-11.5164     -3.598875     0.188777702  0.41856605
-11.3793     -3.55603125   0.18974671   0.42013001
-11.2422     -3.5131875    0.190592911  0.42163607
-11.1051     -3.47034375   0.191500726  0.42296836
-10.968      -3.4275       0.192347154  0.42430061
-10.8309     -3.38465625   0.193193631  0.42557499
-10.6938     -3.3418125    0.193978537  0.4267914
-10.5567     -3.29896875   0.19470173   0.42794991
-10.4196     -3.256125     0.195424748  0.42899254
-10.2825     -3.21328125   0.19620934   0.43015105
-10.1454     -3.1704375    0.196993977  0.43113577
-10.0083     -3.12759375   0.197655245  0.4321205
-9.8711996   -3.084749875  0.198377962  0.43310523
-9.7341003   -3.041906344  0.199038898  0.43397409
-9.5970001   -2.999062531  0.199699612  0.43472713
-9.4598999   -2.956218719  0.20042195   0.43548015
-9.3227997   -2.913374906  0.201020712  0.43611732
-9.1857004   -2.870531375  0.201557364  0.43669659
-9.0486002   -2.827687563  0.202155421  0.43710205
-8.9115      -2.78484375   0.202753281  0.43756545
-8.7743998   -2.741999938  0.203350923  0.43785506
-8.6372995   -2.699156094  0.203824697  0.43826056
-8.5002003   -2.656312594  0.204421699  0.43849224
-8.3631001   -2.613468781  0.205018566  0.43872395
-8.2259998   -2.570624938  0.205491533  0.43883979
-8.0888996   -2.527781125  0.205902165  0.43889773
-7.9517999   -2.484937469  0.206436062  0.43889773
-7.8147001   -2.442093781  0.206845964  0.43878189
-7.6775999   -2.399249969  0.207317289  0.43872395
-7.5405002   -2.356406313  0.207602512  0.43855017
-7.4033999   -2.313562469  0.208010918  0.43855017
-7.2663002   -2.270718813  0.208418971  0.43843433
-7.1292      -2.227875     0.208702744  0.43849224
-6.9920998   -2.185031188  0.209109858  0.43860811
-6.855       -2.1421875    0.209454689  0.43866602
-6.7178998   -2.099343688  0.209737094  0.43878189
-6.5808001   -2.056500031  0.210080935  0.43895563
-6.4436998   -2.013656188  0.210362388  0.43912941
-6.3066001   -1.970812531  0.210705368  0.43941906
-6.1694999   -1.927968719  0.210985933  0.43965074
-6.0324001   -1.885125031  0.211328083  0.43994036
-5.8952999   -1.842281219  0.211607832  0.44011414
-5.7582002   -1.799437563  0.211949167  0.44028792
-5.6210999   -1.756593719  0.212166041  0.44040379
-5.4840002   -1.713750063  0.21244443   0.44057754
-5.3469      -1.67090625   0.212722384  0.44063547
-5.2097998   -1.628062438  0.212937854  0.44075131
-5.0727      -1.58521875   0.21327703   0.44080925
-4.9355998   -1.542374938  0.213491713  0.44086719
-4.7985001   -1.499531281  0.213705862  0.44086719
-4.6613998   -1.456687438  0.213857427  0.44092509
-4.5243001   -1.413843781  0.214132702  0.44109887
-4.3871999   -1.370999969  0.214283391  0.44127265
-4.2501001   -1.328156281  0.214433536  0.44150436
-4.1129999   -1.285312469  0.214645327  0.44173604
-3.9758999   -1.242468719  0.214856767  0.44202569
-3.8388      -1.199625     0.215005659  0.44225737
-3.7017      -1.15678125   0.215091882  0.44237322
-3.5646      -1.1139375    0.215364141  0.44254699
-3.4275      -1.07109375   0.215511796  0.44272077
-3.2904      -1.02825      0.215659026  0.44306833
-3.1533      -0.98540625   0.215930262  0.44330004
-3.0162001   -0.942562531  0.216076859  0.44347382
-2.8791001   -0.899718781  0.216285279  0.44376343
-2.7420001   -0.856875031  0.216431194  0.44405305
-2.6048999   -0.814031219  0.216638976  0.44440061
-2.4677999   -0.771187469  0.216784277  0.44474816
-2.3306999   -0.728343719  0.21692924   0.44509572
-2.1935999   -0.685499969  0.217073936  0.44544324
-2.0565      -0.64265625   0.217218366  0.4457908
-1.9194      -0.5998125    0.217424857  0.44602251
-1.7823      -0.55696875   0.217568978  0.44631213
-1.6452      -0.514125     0.217650663  0.44665968
-1.5081      -0.47128125   0.217794484  0.44706514
-1.3710001   -0.428437531  0.217938288  0.4474127
-1.2339      -0.38559375   0.21801988   0.44776025
-1.0968      -0.34275      0.218226188  0.44810781
-0.95969999  -0.299906247  0.218308271  0.44851327
-0.82260001  -0.257062503  0.218390808  0.44874498
-0.68550003  -0.214218759  0.218474059  0.4490346
-0.54839998  -0.171374994  0.218558457  0.44920838
-0.4113      -0.12853125   0.218644698  0.44932422
-0.27419999  -0.085687497  0.218671687  0.44938216
-0.1371      -0.04284375   0.218767051  0.44938216
0            0             0.218756646  0.44938216
0.1371       0.04284375    0.218767051  0.44938216
0.27419999   0.085687497   0.218671687  0.44938216
0.4113       0.12853125    0.218644698  0.44932422
0.54839998   0.171374994   0.218558457  0.44920838
0.68550003   0.214218759   0.218474059  0.4490346
0.82260001   0.257062503   0.218390808  0.44874498
0.95969999   0.299906247   0.218308271  0.44851327
1.0968       0.34275       0.218226188  0.44810781
1.2339       0.38559375    0.21801988   0.44776025
1.3710001    0.428437531   0.217938288  0.4474127
1.5081       0.47128125    0.217794484  0.44706514
1.6452       0.514125      0.217650663  0.44665968
1.7823       0.55696875    0.217568978  0.44631213
1.9194       0.5998125     0.217424857  0.44602251
2.0565       0.64265625    0.217218366  0.4457908
2.1935999    0.685499969   0.217073936  0.44544324
2.3306999    0.728343719   0.21692924   0.44509572
2.4677999    0.771187469   0.216784277  0.44474816
2.6048999    0.814031219   0.216638976  0.44440061
2.7420001    0.856875031   0.216431194  0.44405305
2.8791001    0.899718781   0.216285279  0.44376343
3.0162001    0.942562531   0.216076859  0.44347382
3.1533       0.98540625    0.215930262  0.44330004
3.2904       1.02825       0.215659026  0.44306833
3.4275       1.07109375    0.215511796  0.44272077
3.5646       1.1139375     0.215364141  0.44254699
3.7017       1.15678125    0.215091882  0.44237322
3.8388       1.199625      0.215005659  0.44225737
3.9758999    1.242468719   0.214856767  0.44202569
4.1129999    1.285312469   0.214645327  0.44173604
4.2501001    1.328156281   0.214433536  0.44150436
4.3871999    1.370999969   0.214283391  0.44127265
4.5243001    1.413843781   0.214132702  0.44109887
4.6613998    1.456687438   0.213857427  0.44092509
4.7985001    1.499531281   0.213705862  0.44086719
4.9355998    1.542374938   0.213491713  0.44086719
5.0727       1.58521875    0.21327703   0.44080925
5.2097998    1.628062438   0.212937854  0.44075131
5.3469       1.67090625    0.212722384  0.44063547
5.4840002    1.713750063   0.21244443   0.44057754
5.6210999    1.756593719   0.212166041  0.44040379
5.7582002    1.799437563   0.211949167  0.44028792
5.8952999    1.842281219   0.211607832  0.44011414
6.0324001    1.885125031   0.211328083  0.43994036
6.1694999    1.927968719   0.210985933  0.43965074
6.3066001    1.970812531   0.210705368  0.43941906
6.4436998    2.013656188   0.210362388  0.43912941
6.5808001    2.056500031   0.210080935  0.43895563
6.7178998    2.099343688   0.209737094  0.43878189
6.855        2.1421875     0.209454689  0.43866602
6.9920998    2.185031188   0.209109858  0.43860811
7.1292       2.227875      0.208702744  0.43849224
7.2663002    2.270718813   0.208418971  0.43843433
7.4033999    2.313562469   0.208010918  0.43855017
7.5405002    2.356406313   0.207602512  0.43855017
7.6775999    2.399249969   0.207317289  0.43872395
7.8147001    2.442093781   0.206845964  0.43878189
7.9517999    2.484937469   0.206436062  0.43889773
8.0888996    2.527781125   0.205902165  0.43889773
8.2259998    2.570624938   0.205491533  0.43883979
8.3631001    2.613468781   0.205018566  0.43872395
8.5002003    2.656312594   0.204421699  0.43849224
8.6372995    2.699156094   0.203824697  0.43826056
8.7743998    2.741999938   0.203350923  0.43785506
8.9115       2.78484375    0.202753281  0.43756545
9.0486002    2.827687563   0.202155421  0.43710205
9.1857004    2.870531375   0.201557364  0.43669659
9.3227997    2.913374906   0.201020712  0.43611732
9.4598999    2.956218719   0.20042195   0.43548015
9.5970001    2.999062531   0.199699612  0.43472713
9.7341003    3.041906344   0.199038898  0.43397409
9.8711996    3.084749875   0.198377962  0.43310523
10.0083      3.12759375    0.197655245  0.4321205
10.1454      3.1704375     0.196993977  0.43113577
10.2825      3.21328125    0.19620934   0.43015105
10.4196      3.256125      0.195424748  0.42899254
10.5567      3.29896875    0.19470173   0.42794991
10.6938      3.3418125     0.193978537  0.4267914
10.8309      3.38465625    0.193193631  0.42557499
10.968       3.4275        0.192347154  0.42430061
11.1051      3.47034375    0.191500726  0.42296836
11.2422      3.5131875     0.190592911  0.42163607
11.3793      3.55603125    0.18974671   0.42013001
11.5164      3.598875      0.188777702  0.41856605
11.6535      3.64171875    0.187931783  0.41700208
11.7906      3.6845625     0.186901721  0.41543809
11.9277      3.72740625    0.18599487   0.41387412
12.0648      3.77025       0.185026793  0.41242599
12.2019      3.81309375    0.184059032  0.41097787
12.339       3.8559375     0.183091551  0.40958768
12.4761      3.89878125    0.182063067  0.40831333
12.6132      3.941625      0.181096308  0.40703899
12.7503      3.98446875    0.180068584  0.40576461
12.8874      4.0273125     0.179041354  0.40466404
13.0245      4.07015625    0.178075845  0.40367931
13.1616      4.113         0.177110638  0.40263668
13.2987      4.15584375    0.176023337  0.40176779
13.4358      4.1986875     0.175059152  0.40095684
13.5729      4.24153125    0.174156461  0.40020382
13.71        4.284375      0.173131567  0.39945081
13.8471      4.32721875    0.172107119  0.39887154
13.9842      4.3700625     0.171083119  0.3982923
14.1213      4.41290625    0.169937361  0.39765513
14.2584      4.45575       0.168975782  0.39696002
14.3955      4.49859375    0.167892392  0.39638078
14.5326      4.5414375     0.166931889  0.39568567
14.6697      4.58428125    0.165971735  0.39499056
14.8068      4.627125      0.164889876  0.39417961
14.9439      4.66996875    0.163930814  0.39319491
15.081       4.7128125     0.162911124  0.39232603
15.2181      4.75565625    0.161892049  0.3913413
15.3552      4.7985        0.160934547  0.39024073
15.4923      4.84134375    0.159916514  0.389256
15.6294      4.8841875     0.158960063  0.38809749
15.7665      4.92703125    0.157943137  0.38688108
15.9036      4.969875      0.156987809  0.38583842
16.040701    5.012719063   0.156032973  0.38456407
16.177799    5.055562188   0.155017795  0.38340557
16.314899    5.098405938   0.154125093  0.382305
16.452       5.14125       0.153171939  0.38132027
16.5891      5.18409375    0.152280269  0.38045141
16.7262      5.2269375     0.151449869  0.37946668
16.8633      5.26978125    0.150498113  0.37836608
17.000401    5.312625313   0.149668572  0.37714967
17.137501    5.355469063   0.148778506  0.37593326
17.274599    5.398312188   0.147828144  0.37477475
17.411699    5.441155938   0.146999931  0.37367418
17.5488      5.484         0.146111289  0.37245774
17.6859      5.52684375    0.145283832  0.37141511
17.823       5.5696875     0.144335211  0.37031454
17.9601      5.61253125    0.143447931  0.36932981
18.0972      5.655375      0.142500501  0.36840299
18.234301    5.698219063   0.14173576   0.36753413
18.371401    5.741062813   0.140849864  0.36666524
18.508499    5.783905938   0.139964471  0.36585429
18.645599    5.826749688   0.139079597  0.36498544
18.7827      5.86959375    0.138195278  0.36411655
18.9198      5.9124375     0.13737214   0.36318976
19.0569      5.95528125    0.136549398  0.36214709
19.194       5.998125      0.13572706   0.36093068
19.3311      6.04096875    0.134844631  0.35971424
19.468201    6.083812813   0.134144407  0.35843989
19.605301    6.126656563   0.133262704  0.35728139
19.742399    6.169499688   0.132442138  0.35612291
19.879499    6.212343438   0.131682477  0.35484856
20.0166      6.2551875     0.130802158  0.35351628
20.1537      6.29803125    0.130043419  0.35206816
20.2908      6.340875      0.129284958  0.35062003
20.4279      6.38371875    0.128466339  0.34905607
20.565001    6.426562813   0.127648149  0.34755
20.702101    6.469406563   0.126830407  0.34610188
20.839199    6.512249688   0.126013108  0.34453791
20.976299    6.555093438   0.12519625   0.34308976
21.1134      6.5979375     0.124379851  0.34164166
21.2505      6.64078125    0.123563913  0.34019351
21.3876      6.683625      0.122748446  0.33880332
21.5247      6.72646875    0.12199377   0.3373552
21.6618      6.7693125     0.121118787  0.33596501
21.798901    6.812156563   0.120365037  0.33469066
21.936001    6.855000313   0.119551332  0.33324254
22.073099    6.897843438   0.118738122  0.33185232
22.210199    6.940687188   0.117985675  0.33052006
22.3473      6.98353125    0.117173322  0.32930362
22.4844      7.026375      0.11636149   0.32820305
22.6215      7.06921875    0.115610385  0.32710248
22.7586      7.1120625     0.114799492  0.32611775
22.8957      7.15490625    0.114109518  0.32513303
23.032801    7.197750313   0.113299448  0.3241483
23.169901    7.240594063   0.112610244  0.32304773
23.306999    7.283437188   0.111800984  0.32194716
23.444099    7.326280938   0.111052451  0.32084659
23.5812      7.369125      0.110364449  0.31980392
23.7183      7.41196875    0.109616576  0.31876129
23.8554      7.4548125     0.108809012  0.31771863
23.9925      7.49765625    0.108062124  0.3167339
24.129601    7.540500313   0.10737574   0.31563333
24.266701    7.583344063   0.106629568  0.3146486
24.403799    7.626187188   0.105823793  0.31366387
24.540899    7.669030938   0.105138703  0.31273708
24.677999    7.711874688   0.104453923  0.31192613
24.8151      7.75471875    0.103709454  0.31105727
24.9522      7.7975625     0.103025434  0.31018838
25.0893      7.84040625    0.102281742  0.3093195
25.2264      7.88325       0.101538522  0.30845061
25.363501    7.926094063   0.100795835  0.30763966
25.500601    7.968937813   0.100233468  0.30682871
25.637699    8.011780938   0.099491371  0.30601779
25.774799    8.054624688   0.098809673  0.30532268
25.9119      8.09746875    0.098068416  0.30451173
26.049       8.1403125     0.097327712  0.30375871
26.1861      8.18315625    0.096767164  0.30300567
26.3232      8.226         0.096027146  0.30213681
26.4603      8.26884375    0.095407371  0.30126792
26.597401    8.311687813   0.09472802   0.30028319
26.734501    8.354531563   0.094049092  0.29941434
26.871599    8.397374688   0.093430401  0.29854545
27.008699    8.440218438   0.0927522    0.29761866
27.1458      8.4830625     0.092074471  0.29692355
27.2829      8.52590625    0.091516795  0.2961126
27.42        8.56875       0.090899566  0.29524374
27.5571      8.61159375    0.090342446  0.29437485
27.694201    8.654437813   0.089666075  0.2935639
27.831301    8.697281563   0.089169432  0.29263711
27.968399    8.740124688   0.088553481  0.29153651
28.105499    8.782968438   0.088057352  0.29049388
28.242599    8.825812188   0.087501638  0.28927746
28.3797      8.86865625    0.086886497  0.28800309
28.5168      8.9115        0.086391118  0.28667083
28.6539      8.95434375    0.08577654   0.28539649
28.791       8.9971875     0.085281695  0.28412214
28.928101    9.040031563   0.084727343  0.28278986
29.065201    9.082875313   0.084173265  0.28145757
29.202299    9.125718438   0.083619475  0.28000945
29.339399    9.168562188   0.083125569  0.27861926
29.4765      9.21140625    0.082572185  0.27705526
29.6136      9.25425       0.081959464  0.27537546
29.7507      9.29709375    0.08134715   0.27381149
29.8878      9.3399375     0.080854401  0.27213165
30.0249      9.38278125    0.080302271  0.27056769
30.162001    9.425625313   0.079750456  0.26888785
30.299101    9.468469063   0.079258493  0.26732388
30.436199    9.511312188   0.078707217  0.26570198
30.573299    9.554155938   0.078215784  0.26413801
30.7104      9.597         0.07772456   0.26251611
30.8475      9.63984375    0.077174033  0.26112589
30.9846      9.6826875     0.076623879  0.25967777
31.1217      9.72553125    0.076133581  0.25840342
31.258801    9.768375313   0.075703038  0.25707114
31.395901    9.811219063   0.075272655  0.25568095
31.533001    9.854062813   0.074783005  0.25446454
31.670099    9.896905938   0.074353105  0.25319019
31.807199    9.939749688   0.073982831  0.25191581
31.9443      9.98259375    0.073553206  0.25064147
32.081402    10.02543813   0.073123803  0.2495409
32.218498    10.06828063   0.072753983  0.24832447
32.355598    10.11112438   0.072324864  0.24710806
32.492699    10.15396844   0.071895958  0.24606539
32.629799    10.19681219   0.071526634  0.2449069
32.766899    10.23965594   0.071098061  0.24386425
32.903999    10.28249969   0.070729073  0.2428216
33.0411      10.32534375   0.070360209  0.24177895
33.1782      10.3681875    0.070050782  0.24079423
33.3153      10.41103125   0.069622728  0.2398095
33.4524      10.453875     0.069254195  0.23894063
33.5895      10.49671875   0.068885787  0.2381876
33.726601    10.53956281   0.068517491  0.23755042
33.863701    10.58240656   0.068149334  0.23685533
34.000801    10.62525031   0.067840568  0.23621815
34.137901    10.66809406   0.067531813  0.23546512
34.275002    10.71093813   0.067223016  0.23477003
34.412102    10.75378188   0.066854958  0.23413286
34.549198    10.79662438   0.066605371  0.23337983
34.686298    10.83946813   0.066355467  0.23268473
34.823399    10.88231219   0.066104971  0.2321634
34.960499    10.92515594   0.06591219   0.23175792
35.097599    10.96799969   0.061161842  0.20296919
35.234699    11.01084344   0.06115317   0.20296919
35.371799    11.05368719   0.060907642  0.20296919
35.5089      11.09653125   0.06089898   0.2027375
35.646       11.139375     0.060890115  0.20262165
35.7831      11.18221875   0.060762739  0.20262165
35.9202      11.2250625    0.060635348  0.20285335
36.057301    11.26790656   0.060626156  0.20296919
36.194401    11.31075031   0.060380248  0.20308505
36.331501    11.35359406   0.060370888  0.20331675
36.468601    11.39643781   0.060124851  0.2034326
36.605701    11.43928156   0.059997099  0.20331675
36.742802    11.48212563   0.059869218  0.20308505
36.879902    11.52496938   0.05962306   0.20296919
37.016998    11.56781188   0.059376972  0.20262165
37.154099    11.61065594   0.059249042  0.2020424
37.291199    11.65349969   0.059002856  0.20146315
37.428299    11.69634344   0.058756681  0.20076805
37.565399    11.73918719   0.058510493  0.19984125
37.702499    11.78203094   0.058146285  0.19891445
37.8396      11.824875     0.057900284  0.1978718
37.9767      11.86771875   0.057654273  0.19682916
38.1138      11.9105625    0.057290273  0.19567065
38.2509      11.95340625   0.057044421  0.19474386
38.388       11.99625      0.056798526  0.19370119
38.525101    12.03909406   0.056434671  0.1927744
38.662201    12.08193781   0.056070983  0.19184759
38.799301    12.12478156   0.055825308  0.1909208
38.936401    12.16762531   0.055461717  0.18999401
39.073502    12.21046938   0.055098258  0.18895134
39.210602    12.25331313   0.054734925  0.18790869
39.347698    12.29615563   0.054371749  0.18686604
39.484798    12.33899938   0.05412647   0.18547586
39.621899    12.38184344   0.05376333   0.18431735
39.758999    12.42468719   0.053282582  0.183043
39.896099    12.46753094   0.053037543  0.1818845
40.033199    12.51037469   0.052557012  0.18072601
40.1703      12.55321875   0.052194446  0.1793358
40.3074      12.5960625    0.051831957  0.17782976
40.4445      12.63890625   0.051351912  0.1763237
40.5816      12.68175      0.050989767  0.17470179
40.7187      12.72459375   0.050627696  0.17319575
40.855801    12.76743781   0.050148136  0.17180555
40.992901    12.81028156   0.0497864    0.17041536
41.130001    12.85312531   0.049424738  0.16937269
41.267101    12.89596906   0.048945632  0.1682142
41.404202    12.93881313   0.048584262  0.16728739
41.541302    12.98165688   0.048105492  0.1663606
41.678398    13.02449938   0.047744417  0.16543379
41.815498    13.06734313   0.047265961  0.16439115
41.952599    13.11018719   0.046787777  0.16323265
42.089699    13.15303094   0.046544642  0.16219001
42.226799    13.19587469   0.046066611  0.16114736
42.363899    13.23871844   0.045588814  0.16010471
42.500999    13.28156219   0.045228586  0.15906204
42.6381      13.32440625   0.04475106   0.15801939
42.7752      13.36725      0.044273752  0.1570926
42.9123      13.41009375   0.043796664  0.15604995
43.0494      13.4529375    0.043437067  0.15512314
43.186501    13.49578156   0.042960242  0.15419635
43.323601    13.53862531   0.042483623  0.15326954
43.460701    13.58146906   0.042007206  0.15211105
43.597801    13.62431281   0.04164817   0.1510684
43.734901    13.66715656   0.041054791  0.1496782
43.872002    13.71000063   0.040578918  0.14840385
44.009102    13.75284438   0.040103232  0.14701365
44.146198    13.79568688   0.039627732  0.14562345
44.283298    13.83853063   0.039152415  0.14423326
44.420399    13.88137469   0.03867728   0.14295889
44.557499    13.92421844   0.038202322  0.14168455
44.694599    13.96706219   0.037727535  0.1404102
44.831699    14.00990594   0.037252902  0.13936755
44.9688      14.05275      0.036661413  0.1383249
45.1059      14.09559375   0.036187241  0.13705055
45.243       14.1384375    0.035713243  0.13589205
45.3801      14.18128125   0.035239387  0.13473354
45.5172      14.224125     0.034648744  0.1334592
45.654301    14.26696906   0.03417533   0.13206901
45.791401    14.30981281   0.033702071  0.1309105
45.928501    14.35265656   0.033112052  0.1295203
46.065601    14.39550031   0.032639205  0.12813009
46.202702    14.43834438   0.032049642  0.12685575
46.339802    14.48118813   0.031577226  0.1253497
46.476898    14.52403063   0.031104955  0.12384365
46.613998    14.56687438   0.030516009  0.1223376
46.751099    14.60971844   0.030044152  0.12083155
46.888199    14.65256219   0.029455656  0.1193255
47.025299    14.69540594   0.028984241  0.11805115
47.162399    14.73824969   0.028629755  0.11689265
47.2995      14.78109375   0.028041792  0.11573415
47.4366      14.8239375    0.027570843  0.1146915
47.5737      14.86678125   0.027100047  0.11364885
47.7108      14.909625     0.026512693  0.11249035
47.8479      14.95246875   0.02604233   0.1114477
47.985001    14.99531281   0.025688825  0.11040505
48.122101    15.03815656   0.025218696  0.1091307
48.259201    15.08100031   0.024748728  0.10785635
48.396301    15.12384406   0.024278916  0.1068137
48.533401    15.16668781   0.023809261  0.10553935
48.670502    15.20953188   0.023339764  0.1044967
48.807598    15.25237438   0.022870427  0.10345405
48.944698    15.29521813   0.022401257  0.10229555
49.081799    15.33806219   0.022048841  0.1012529
49.218899    15.38090594   0.021579904  0.10021025
49.355999    15.42374969   0.021111123  0.099051751
49.493099    15.46659344   0.020642505  0.097893253
49.630199    15.50943719   0.020290596  0.096734747
49.7673      15.55228125   0.019822225  0.0954604
49.9044      15.595125     0.01947054   0.094070204
50.0415      15.63796875   0.019002411  0.092795849
50.1786      15.6808125    0.018650946  0.091405652
50.315701    15.72365656   0.018183061  0.090015449
50.452801    15.76650031   0.017831829  0.088741101
50.589901    15.80934406   0.017480671  0.087582603
50.727001    15.85218781   0.01701312   0.086424097
50.864101    15.89503156   0.016662196  0.08514975
51.001202    15.93787563   0.016311357  0.083991252
51.138302    15.98071938   0.015960609  0.082716897
51.275398    16.02356188   0.01560995   0.08144255
51.412498    16.06640563   0.015259392  0.080168203
51.549599    16.10924969   0.015025362  0.078777999
51.686699    16.15209344   0.014791359  0.077387802
51.823799    16.19493719   0.014440967  0.075881749
51.960899    16.23778094   0.014090673  0.074607402
52.098       16.280625     0.013856873  0.073101349
52.2351      16.32346875   0.013506721  0.071595304
52.3722      16.3663125    0.013389443  0.069973402
52.5093      16.40915625   0.013039385  0.068467349
52.6464      16.452        0.012805806  0.066961303
52.783501    16.49484406   0.012688635  0.065339401
52.920601    16.53768781   0.012338725  0.064065047
53.057701    16.58053156   0.012105275  0.06267485
53.194801    16.62337531   0.011988224  0.061516348
53.331902    16.66621938   0.011754819  0.06035785
53.469002    16.70906313   0.011521458  0.059199352
53.606098    16.75190563   0.011288147  0.058156699
53.743198    16.79474938   0.011171215  0.05711405
53.880299    16.83759344   0.010937958  0.05618725
54.017399    16.88043719   0.010821067  0.055144601
54.154499    16.92328094   0.010587857  0.05433365
54.291599    16.96612469   0.010354694  0.053638551
54.428699    17.00896844   0.010237882  0.053059299
54.5658      17.0518125    0.010004768  0.052595899
54.7029      17.09465625   0.009771702  0.052016649
54.84        17.1375       0.009654976  0.051784951
54.9771      17.18034375   0.009421974  0.051553249
55.114201    17.22318781   0.009421591  0.051553249
55.251301    17.26603156   0.009188613  0.051553249
55.388401    17.30887531   0.009071959  0.051784951
55.525501    17.35171906   0.008839046  0.0519008
55.662601    17.39456281   0.008838724  0.052132498
55.799702    17.43740688   0.008722106  0.0523642
55.936798    17.48024938   0.008489236  0.052595899
56.073898    17.52309313   0.008372677  0.0528276
56.210999    17.56593719   0.008372384  0.053175151
56.348099    17.60878094   0.008139562  0.053175151
56.485199    17.65162469   0.008023036  0.05340685
56.622299    17.69446844   0.007906525  0.05340685
56.759399    17.73731219   0.007790032  0.053522699
56.8965      17.78015625   0.007789792  0.0537544
57.0336      17.823        0.007557061  0.05387025
57.1707      17.86584375   0.007556846  0.053986099
57.3078      17.9086875    0.007440383  0.053986099
57.444901    17.95153156   0.007323936  0.054101951
57.582001    17.99437531   0.007207507  0.054101951
57.719101    18.03721906   0.007207318  0.05433365
57.856201    18.08006281   0.007090894  0.054565351
57.993301    18.12290656   0.006974486  0.054681201
58.130402    18.16575063   0.006858099  0.054912899
58.267502    18.20859438   0.006857948  0.055144601
58.404598    18.25143688   0.006857787  0.05526045
58.541698    18.29428063   0.00674141   0.05526045
58.678799    18.33712469   0.006741257  0.055028751
58.815899    18.37996844   0.006624894  0.054681201
58.952999    18.42281219   0.006624755  0.05433365
59.090099    18.46565594   0.006624607  0.0537544
59.2272      18.5085       0.006508257  0.053059299
59.3643      18.55134375   0.006508124  0.0523642
59.5014      18.5941875    0.006507987  0.051553249
59.6385      18.63703125   0.006507841  0.050626449
59.7756      18.679875     0.006391502  0.049467951
59.912701    18.72271906   0.00639137   0.048541151
60.049801    18.76556281   0.006391233  0.047498502
60.186901    18.80840656   0.006391087  0.046571702
60.324001    18.85125031   0.006274757  0.045760751
60.461102    18.89409438   0.006274622  0.045065649
60.598202    18.93693813   0.006274479  0.0444864
60.735298    18.97978063   0.006158157  0.043791302
60.872398    19.02262438   0.00615802   0.043212049
61.009499    19.06546844   0.00604171   0.0426328
61.146599    19.10831219   0.006041581  0.0421694
61.283699    19.15115594   0.005925285  0.041706
61.420799    19.19399969   0.005925169  0.041474301
61.557899    19.23684344   0.005925045  0.04112675
61.695       19.2796875    0.005808761  0.040895049
61.8321      19.32253125   0.005808651  0.040547501
61.9692      19.365375     0.005808536  0.040084101
62.1063      19.40821875   0.005808414  0.03973655
62.243401    19.45106281   0.00569214   0.03927315
62.380501    19.49390656   0.00569203   0.038925599
62.517601    19.53675031   0.005691914  0.038578048
62.654701    19.57959406   0.005691787  0.038230501
62.791801    19.62243781   0.005459377  0.037767101
62.928902    19.66528188   0.005459283  0.03741955
63.066002    19.70812563   0.005459186  0.03695615
63.203098    19.75096813   0.005459086  0.036608599
63.340199    19.79381219   0.005458978  0.03602935
63.477299    19.83665594   0.005342738  0.03556595
63.614399    19.87949969   0.005342643  0.034870852
63.751499    19.92234344   0.005342542  0.034291599
63.888599    19.96518719   0.005226314  0.033596501
64.025703    20.00803219   0.005226227  0.03278555
64.162804    20.05087625   0.005226138  0.03232215
64.299896    20.0937175    0.005226046  0.031627052
64.436996    20.13656125   0.005225951  0.03093195
64.574097    20.17940531   0.00522585   0.030352701
64.711197    20.22224906   0.005225739  0.02954175
64.848297    20.26509281   0.004993406  0.028846649
64.985397    20.30793656   0.004993327  0.0280357
65.122498    20.35078063   0.004993246  0.0271089
65.259598    20.39362438   0.004993163  0.0264138
65.396698    20.43646813   0.004993077  0.025834549
65.533798    20.47931188   0.004992987  0.0252553
65.670898    20.52215563   0.00499289   0.0247919
65.807999    20.56499969   0.004876694  0.024444349
65.945099    20.60784344   0.004876605  0.024212649
66.082199    20.65068719   0.004760421  0.0240968
66.219299    20.69353094   0.004760344  0.023980949
66.3564      20.736375     0.004760261  0.0240968
66.4935      20.77921875   0.00464409   0.0243285
66.6306      20.8220625    0.004644021  0.0245602
66.7677      20.86490625   0.004643951  0.024907749
66.9048      20.90775      0.004643879  0.025487
67.041901    20.95059406   0.004643805  0.0257187
67.179001    20.99343781   0.004643728  0.026066249
67.316101    21.03628156   0.004643645  0.0264138
67.453201    21.07912531   0.004527485  0.026761349
67.590302    21.12196938   0.004527413  0.0271089
67.727402    21.16481313   0.004527336  0.0273406
67.864502    21.20765688   0.004411188  0.0275723
68.001602    21.25050063   0.004411123  0.027688149
68.138702    21.29334438   0.004411057  0.027804
68.275803    21.33618844   0.004410985  0.0275723
68.412903    21.37903219   0.004294849  0.027456449
68.550003    21.42187594   0.004294791  0.0271089
68.687103    21.46471969   0.004294732  0.0268772
68.824203    21.50756344   0.004294671  0.0266455
68.961304    21.5504075    0.004294608  0.026297949
69.098396    21.59324875   0.004294541  0.025834549
69.235497    21.63609281   0.00417842   0.0252553
69.372597    21.67893656   0.004178367  0.024676049
69.509697    21.72178031   0.004178313  0.023980949
69.646797    21.76462406   0.004178259  0.023285851
69.783897    21.80746781   0.004178206  0.022590751
69.920998    21.85031188   0.004178154  0.0217798
70.058098    21.89315563   0.004294143  0.020968851
70.195198    21.93599938   0.004178028  0.0201579
70.332298    21.97884313   0.00417797   0.019346951
70.469398    22.02168688   0.004177912  0.018420151
70.606499    22.06453094   0.004177853  0.0176092
70.743599    22.10737469   0.004177794  0.01679825
70.880699    22.15021844   0.004177733  0.01610315
71.017799    22.19306219   0.004177672  0.0152922
71.1549      22.23590625   0.004177609  0.0145971
71.292       22.27875      0.004177546  0.013902
71.4291      22.32159375   0.00417748   0.0134386
71.5662      22.3644375    0.004177413  0.01285935
71.7033      22.40728125   0.004177341  0.01239595
71.840401    22.45012531   0.004061246  0.0120484
71.977501    22.49296906   0.004061187  0.0118167
72.114601    22.53581281   0.004061128  0.01146915
72.251701    22.57865656   0.004061068  0.0113533
72.388802    22.62150063   0.004061008  0.01123745
72.525902    22.66434438   0.004060946  0.01123745
72.663002    22.70718813   0.004060884  0.01123745
72.800102    22.75003188   0.004060821  0.0113533
72.937202    22.79287563   0.004060756  0.01146915
73.074303    22.83571969   0.004060689  0.01170085
73.211403    22.87856344   0.004060618  0.0118167
73.348503    22.92140719   0.003944545  0.0120484
73.485603    22.96425094   0.003944489  0.0122801
73.622704    23.007095     0.003944434  0.0125118
73.759804    23.04993875   0.003944382  0.0127435
73.896896    23.09278      0.004060325  0.0129752
74.033997    23.13562406   0.004060257  0.01332275
74.171097    23.17846781   0.004060188  0.0134386
74.308197    23.22131156   0.004060118  0.0136703
74.445297    23.26415531   0.004060046  0.01378615
74.582397    23.30699906   0.004059974  0.013902
74.719498    23.34984313   0.0040599    0.013902
74.856598    23.39268688   0.004059826  0.013902
74.993698    23.43553063   0.00405975   0.01401785
75.130798    23.47837438   0.004059672  0.0141337
75.267899    23.52121844   0.004059593  0.01424955
75.404999    23.56406219   0.004059511  0.01448125
75.542099    23.60690594   0.004059424  0.01448125
75.679199    23.64974969   0.003943369  0.01471295
75.816299    23.69259344   0.003943297  0.01494465
75.9534      23.7354375    0.003943225  0.01517635
76.0905      23.77828125   0.003943156  0.01540805
76.2276      23.821125     0.004059045  0.0155239
76.3647      23.86396875   0.004058957  0.015755599
76.501801    23.90681281   0.004058868  0.015987299
76.638901    23.94965656   0.004058776  0.01633485
76.776001    23.99250031   0.004058683  0.016682399
76.913101    24.03534406   0.004058588  0.016914099
77.050201    24.07818781   0.004058491  0.017377499
77.187302    24.12103188   0.004058391  0.0176092
77.324402    24.16387563   0.00405829   0.01795675
77.461502    24.20671938   0.004058185  0.0183043
77.598602    24.24956313   0.004058079  0.0187677
77.735703    24.29240719   0.00405797   0.019115251
77.872803    24.33525094   0.004057859  0.0194628
78.009903    24.37809469   0.004057748  0.019810351
78.147003    24.42093844   0.004173551  0.020273751
78.284103    24.46378219   0.004173414  0.0206213
78.421204    24.50662625   0.00417327   0.020968851
78.558296    24.5494675    0.00417312   0.021200551
78.695396    24.59231125   0.004172963  0.0215481
78.832497    24.63515531   0.004172797  0.0217798
78.969597    24.67799906   0.00417262   0.0220115
79.106697    24.72084281   0.004172432  0.0222432
79.243797    24.76368656   0.004172228  0.022590751
79.380898    24.80653063   0.004172005  0.022590751
79.517998    24.84937438   0.004171755  0.022822451
79.655098    24.89221813   0.004171467  0.0229383
79.792198    24.93506188   0.004171116  0.023054151
79.929298    24.97790563   0.00428645   0.023054151
