#    r         (mm)  r/D  T(K)  std  T  (K)
-50  -15.625   1420  135
-45  -14.0625  1429  134
-40  -12.5     1434  137
-35  -10.9375  1457  136
-30  -9.375    1468  138
-25  -7.8125   1480  137
-20  -6.25     1490  128
-15  -4.6875   1498  127
-10  -3.125    1504  126
-5   -1.5625   1510  121
0    0         1513  120
5    1.5625    1517  113
10   3.125     1517  115
15   4.6875    1514  124
20   6.25      1511  129
25   7.8125    1507  135
30   9.375     1517  101
35   10.9375   1513  106
40   12.5      1506  113
45   14.0625   1494  130
50   15.625    294   0
