#            x/D           =            210.9375  ~   211    
#            r             (mm)         r/D       fv  (ppm)  rms_fv
-79.929298   -24.97790563  0.0025487    0.016218999
-79.792198   -24.93506188  0.002548888  0.01633485
-79.655098   -24.89221813  0.00254902   0.016450699
-79.517998   -24.84937438  0.002549128  0.01656655
-79.380898   -24.80653063  0.002549222  0.01656655
-79.243797   -24.76368656  0.002549306  0.016682399
-79.106697   -24.72084281  0.002549382  0.016682399
-78.969597   -24.67799906  0.002549452  0.01679825
-78.832497   -24.63515531  0.002549518  0.01679825
-78.695396   -24.59231125  0.00266547   0.01702995
-78.558296   -24.5494675   0.002665541  0.01702995
-78.421204   -24.50662625  0.002665606  0.01702995
-78.284103   -24.46378219  0.002665667  0.017145799
-78.147003   -24.42093844  0.002665725  0.017145799
-78.009903   -24.37809469  0.002665781  0.01726165
-77.872803   -24.33525094  0.002665834  0.01726165
-77.735703   -24.29240719  0.002665886  0.017377499
-77.598602   -24.24956313  0.002665936  0.017377499
-77.461502   -24.20671938  0.002665984  0.017377499
-77.324402   -24.16387563  0.002666031  0.01749335
-77.187302   -24.12103188  0.002666077  0.017377499
-77.050201   -24.07818781  0.002666121  0.01749335
-76.913101   -24.03534406  0.002666165  0.01749335
-76.776001   -23.99250031  0.002782129  0.017377499
-76.638901   -23.94965656  0.002782182  0.01749335
-76.501801   -23.90681281  0.002666304  0.01749335
-76.3647     -23.86396875  0.00266634   0.01749335
-76.2276     -23.821125    0.002666377  0.01749335
-76.0905     -23.77828125  0.002666414  0.01749335
-75.9534     -23.7354375   0.00266645   0.017377499
-75.816299   -23.69259344  0.002666486  0.017377499
-75.679199   -23.64974969  0.002666522  0.01726165
-75.542099   -23.60690594  0.002666557  0.01726165
-75.404999   -23.56406219  0.002666591  0.017377499
-75.267899   -23.52121844  0.002666625  0.017377499
-75.130798   -23.47837438  0.0027826    0.01749335
-74.993698   -23.43553063  0.002782643  0.0176092
-74.856598   -23.39268688  0.002782684  0.01772505
-74.719498   -23.34984313  0.002782722  0.0178409
-74.582397   -23.30699906  0.00278276   0.01818845
-74.445297   -23.26415531  0.002782796  0.01818845
-74.308197   -23.22131156  0.002782832  0.018420151
-74.171097   -23.17846781  0.002782867  0.018651851
-74.033997   -23.13562406  0.002782901  0.0187677
-73.896896   -23.09278     0.002782935  0.0189994
-73.759804   -23.04993875  0.002782968  0.0192311
-73.622704   -23.007095    0.00289896   0.019346951
-73.485603   -22.96425094  0.002899003  0.019578651
-73.348503   -22.92140719  0.002899042  0.019810351
-73.211403   -22.87856344  0.00289908   0.020042051
-73.074303   -22.83571969  0.002899117  0.020273751
-72.937202   -22.79287563  0.002899153  0.020505451
-72.800102   -22.75003188  0.002899189  0.020737151
-72.663002   -22.70718813  0.002899223  0.0210847
-72.525902   -22.66434438  0.002899257  0.0213164
-72.388802   -22.62150063  0.003015262  0.0215481
-72.251701   -22.57865656  0.003015306  0.0217798
-72.114601   -22.53581281  0.003015347  0.0220115
-71.977501   -22.49296906  0.003015386  0.022359051
-71.840401   -22.45012531  0.003015423  0.022590751
-71.7033     -22.40728125  0.00301546   0.0227066
-71.5662     -22.3644375   0.003015496  0.0229383
-71.4291     -22.32159375  0.003131513  0.023285851
-71.292      -22.27875     0.003131559  0.023517551
-71.1549     -22.23590625  0.003131602  0.023749251
-71.017799   -22.19306219  0.003131642  0.023980949
-70.880699   -22.15021844  0.003131682  0.0243285
-70.743599   -22.10737469  0.00313172   0.0245602
-70.606499   -22.06453094  0.003131758  0.024676049
-70.469398   -22.02168688  0.003131795  0.0250236
-70.332298   -21.97884313  0.003247825  0.025371149
-70.195198   -21.93599938  0.003247872  0.025602849
-70.058098   -21.89315563  0.003247916  0.0259504
-69.920998   -21.85031188  0.003247957  0.026297949
-69.783897   -21.80746781  0.003247998  0.026529649
-69.646797   -21.76462406  0.003248037  0.026993049
-69.509697   -21.72178031  0.003248076  0.0273406
-69.372597   -21.67893656  0.003248114  0.027688149
-69.235497   -21.63609281  0.003248151  0.0280357
-69.098396   -21.59324875  0.003248188  0.028383249
-68.961304   -21.5504075   0.003248224  0.0287308
-68.824203   -21.50756344  0.003364269  0.0289625
-68.687103   -21.46471969  0.003480327  0.0291942
-68.550003   -21.42187594  0.003480383  0.029310049
-68.412903   -21.37903219  0.003480434  0.02954175
-68.275803   -21.33618844  0.003480482  0.0296576
-68.138702   -21.29334438  0.003480528  0.02977345
-68.001602   -21.25050063  0.003480573  0.0298893
-67.864502   -21.20765688  0.003480616  0.030121
-67.727402   -21.16481313  0.003480659  0.03023685
-67.590302   -21.12196938  0.003480701  0.030352701
-67.453201   -21.07912531  0.003480742  0.030584401
-67.316101   -21.03628156  0.003480783  0.030816101
-67.179001   -20.99343781  0.003364795  0.030816101
-67.041901   -20.95059406  0.003364823  0.03093195
-66.9048     -20.90775     0.003364853  0.031047801
-66.7677     -20.86490625  0.003364884  0.03116365
-66.6306     -20.8220625   0.003364916  0.03116365
-66.4935     -20.77921875  0.003364947  0.03139535
-66.3564     -20.736375    0.003481012  0.031511199
-66.219299   -20.69353094  0.003481055  0.031511199
-66.082199   -20.65068719  0.003481095  0.031627052
-65.945099   -20.60784344  0.003481134  0.031742901
-65.807999   -20.56499969  0.003481171  0.031742901
-65.670898   -20.52215563  0.003481208  0.031742901
-65.533798   -20.47931188  0.003481244  0.031742901
-65.396698   -20.43646813  0.003481279  0.031627052
-65.259598   -20.39362438  0.003481314  0.031627052
-65.122498   -20.35078063  0.003365304  0.031511199
-64.985397   -20.30793656  0.003365326  0.031279501
-64.848297   -20.26509281  0.003365352  0.03116365
-64.711197   -20.22224906  0.003365378  0.031047801
-64.574097   -20.17940531  0.003365405  0.03070025
-64.436996   -20.13656125  0.003365433  0.030584401
-64.299896   -20.0937175   0.00336546   0.03023685
-64.162804   -20.05087625  0.003365487  0.030121
-64.025703   -20.00803219  0.003249462  0.03000515
-63.888599   -19.96518719  0.003249479  0.0298893
-63.751499   -19.92234344  0.003365552  0.0296576
-63.614399   -19.87949969  0.003365583  0.02954175
-63.477299   -19.83665594  0.003365612  0.02954175
-63.340199   -19.79381219  0.00336564   0.0294259
-63.203098   -19.75096813  0.003365668  0.029310049
-63.066002   -19.70812563  0.003365695  0.0294259
-62.928902   -19.66528188  0.003365722  0.029310049
-62.791801   -19.62243781  0.003365749  0.0294259
-62.654701   -19.57959406  0.003249714  0.02954175
-62.517601   -19.53675031  0.00324973   0.0296576
-62.380501   -19.49390656  0.003365811  0.03000515
-62.243401   -19.45106281  0.003481905  0.03023685
-62.1063     -19.40821875  0.003481944  0.030584401
-61.9692     -19.365375    0.003481979  0.03093195
-61.8321     -19.32253125  0.003482012  0.031047801
-61.695      -19.2796875   0.003482045  0.03139535
-61.557899   -19.23684344  0.003482076  0.031627052
-61.420799   -19.19399969  0.003598177  0.03185875
-61.283699   -19.15115594  0.003598218  0.031974599
-61.146599   -19.10831219  0.003598256  0.032206301
-61.009499   -19.06546844  0.003598293  0.032437999
-60.872398   -19.02262438  0.003598328  0.032669701
-60.735298   -18.97978063  0.003598362  0.033017252
-60.598202   -18.93693813  0.003714472  0.033364799
-60.461102   -18.89409438  0.003714517  0.03371235
-60.324001   -18.85125031  0.003714558  0.034059901
-60.186901   -18.80840656  0.003830678  0.034523301
-60.049801   -18.76556281  0.003830728  0.034870852
-59.912701   -18.72271906  0.003946858  0.035218399
-59.7756     -18.679875    0.003946915  0.035450101
-59.6385     -18.63703125  0.003946966  0.035797652
-59.5014     -18.5941875   0.003947015  0.036261048
-59.3643     -18.55134375  0.004063152  0.03649275
-59.2272     -18.5085      0.00406321   0.036840301
-59.090099   -18.46565594  0.004063263  0.037071999
-58.952999   -18.42281219  0.004063315  0.037303701
-58.815899   -18.37996844  0.004295556  0.037535399
-58.678799   -18.33712469  0.004295631  0.037998799
-58.541698   -18.29428063  0.004295698  0.038230501
-58.404598   -18.25143688  0.00429576   0.038578048
-58.267502   -18.20859438  0.00429582   0.038925599
-58.130402   -18.16575063  0.004411982  0.039157301
-57.993301   -18.12290656  0.004412052  0.039504848
-57.856201   -18.08006281  0.004412116  0.039852399
-57.719101   -18.03721906  0.004528288  0.039968248
-57.582001   -17.99437531  0.004644474  0.040315799
-57.444901   -17.95153156  0.004644557  0.04066335
-57.3078     -17.9086875   0.004644634  0.041010901
-57.1707     -17.86584375  0.004760823  0.041242599
-57.0336     -17.823       0.004760908  0.041474301
-56.8965     -17.78015625  0.004760986  0.041821849
-56.759399   -17.73731219  0.004993308  0.04205355
-56.622299   -17.69446844  0.004993412  0.042401101
-56.485199   -17.65162469  0.004993505  0.042748649
-56.348099   -17.60878094  0.005109722  0.042980351
-56.210999   -17.56593719  0.005109822  0.043327902
-56.073898   -17.52309313  0.005226049  0.0435596
-55.936798   -17.48024938  0.005342291  0.043907151
-55.799702   -17.43740688  0.005342406  0.044254702
-55.662601   -17.39456281  0.005458653  0.044718102
-55.525501   -17.35171906  0.00545877   0.0449498
-55.388401   -17.30887531  0.005575026  0.045297351
-55.251301   -17.26603156  0.005691296  0.045760751
-55.114201   -17.22318781  0.005807579  0.046224151
-54.9771     -17.18034375  0.005807719  0.046687551
-54.84       -17.1375      0.005924004  0.0472668
-54.7029     -17.09465625  0.005924145  0.0477302
-54.5658     -17.0518125   0.006156601  0.048309449
-54.428699   -17.00896844  0.006156765  0.048657
-54.291599   -16.96612469  0.006273082  0.0491204
-54.154499   -16.92328094  0.006273242  0.0495838
-54.017399   -16.88043719  0.006389566  0.0500472
-53.880299   -16.83759344  0.006622082  0.050394751
-53.743198   -16.79474938  0.006622276  0.050974
-53.606098   -16.75190563  0.006738636  0.0514374
-53.469002   -16.70906313  0.00685501   0.051784951
-53.331902   -16.66621938  0.006971396  0.052132498
-53.194801   -16.62337531  0.007087794  0.052480049
-53.057701   -16.58053156  0.007204204  0.0528276
-52.920601   -16.53768781  0.007204424  0.053175151
-52.783501   -16.49484406  0.007437037  0.053522699
-52.6464     -16.452       0.007553486  0.05387025
-52.5093     -16.40915625  0.007553732  0.0542178
-52.3722     -16.3663125   0.007670174  0.054681201
-52.2351     -16.32346875  0.007902852  0.055028751
-52.098      -16.280625    0.00801935   0.055492152
-51.960899   -16.23778094  0.008135855  0.055839699
-51.823799   -16.19493719  0.008252369  0.056303099
-51.686699   -16.15209344  0.008368894  0.056766499
-51.549599   -16.10924969  0.008601669  0.057345752
-51.412498   -16.06640563  0.008718244  0.057809152
-51.275398   -16.02356188  0.008951072  0.058388401
-51.138302   -15.98071938  0.00906769   0.059083499
-51.001202   -15.93787563  0.009184311  0.059778601
-50.864101   -15.89503156  0.009417202  0.060473699
-50.727001   -15.85218781  0.009533871  0.061168801
-50.589901   -15.80934406  0.009766815  0.06174805
-50.452801   -15.76650031  0.009883527  0.062443148
-50.315701   -15.72365656  0.010116523  0.063254103
-50.1786     -15.6808125   0.010233277  0.063949198
-50.0415     -15.63796875  0.010466324  0.064760149
-49.9044     -15.595125    0.010699418  0.065339401
-49.7673     -15.55228125  0.010932552  0.066150352
-49.630199   -15.50943719  0.011165726  0.066845447
-49.493099   -15.46659344  0.011282624  0.067656398
-49.355999   -15.42374969  0.011515838  0.068583198
-49.218899   -15.38090594  0.011865427  0.0692783
-49.081799   -15.33806219  0.011982434  0.069973402
-48.944698   -15.29521813  0.012215769  0.070784353
-48.807598   -15.25237438  0.012449148  0.071479447
-48.670502   -15.20953188  0.012682569  0.072174549
-48.533401   -15.16668781  0.01291603   0.0729855
-48.396301   -15.12384406  0.013149532  0.073680602
-48.259201   -15.08100031  0.013383074  0.074375696
-48.122101   -15.03815656  0.013733038  0.075070798
-47.985001   -14.99531281  0.013850316  0.0757659
-47.8479     -14.95246875  0.014200366  0.0766927
-47.7108     -14.909625    0.014434111  0.077387802
-47.5737     -14.86678125  0.01466789   0.078314602
-47.4366     -14.8239375   0.015018128  0.079009697
-47.2995     -14.78109375  0.015252032  0.079820648
-47.162399   -14.73824969  0.015485967  0.08051575
-47.025299   -14.69540594  0.015836382  0.081095003
-46.888199   -14.65256219  0.015953991  0.081790097
-46.751099   -14.60971844  0.016304492  0.082485199
-46.613998   -14.56687438  0.016655101  0.083180301
-46.476898   -14.52403063  0.016772847  0.083759546
-46.339802   -14.48118813  0.017123534  0.084454648
-46.202702   -14.43834438  0.017474329  0.08514975
-46.065601   -14.39550031  0.017592212  0.085729003
-45.928501   -14.35265656  0.017943083  0.086539946
-45.791401   -14.30981281  0.018177546  0.087235048
-45.654301   -14.26696906  0.018528574  0.087814301
-45.5172     -14.224125    0.018763165  0.088625252
-45.3801     -14.18128125  0.018997785  0.089320347
-45.243      -14.1384375   0.019349001  0.090015449
-45.1059     -14.09559375  0.019700329  0.090710551
-44.9688     -14.05275     0.019818594  0.091405652
-44.831699   -14.00990594  0.020169995  0.092100747
-44.694599   -13.96706219  0.020288314  0.09268
-44.557499   -13.92421844  0.020639814  0.093375102
-44.420399   -13.88137469  0.0207582    0.093954347
-44.283298   -13.83853063  0.021109806  0.0945336
-44.146198   -13.79568688  0.021344902  0.094997004
-44.009102   -13.75284438  0.021580033  0.095576249
-43.872002   -13.71000063  0.021815206  0.096155502
-43.734901   -13.66715656  0.021933753  0.096618898
-43.597801   -13.62431281  0.022168951  0.097082302
-43.460701   -13.58146906  0.022404211  0.097429849
-43.323601   -13.53862531  0.022639525  0.097893253
-43.186501   -13.49578156  0.022758181  0.098124951
-43.0494     -13.4529375   0.02287681   0.098472498
-42.9123     -13.41009375  0.023112156  0.098704197
-42.7752     -13.36725     0.023230838  0.099051751
-42.6381     -13.32440625  0.023466248  0.099283449
-42.500999   -13.28156219  0.023468216  0.099515148
-42.363899   -13.23871844  0.023586859  0.099630997
-42.226799   -13.19587469  0.023822288  0.099978551
-42.089699   -13.15303094  0.023941017  0.10021025
-41.952599   -13.11018719  0.024059735  0.1003261
-41.815498   -13.06734313  0.024178454  0.1005578
-41.678398   -13.02449938  0.024297178  0.10067365
-41.541302   -12.98165688  0.024415908  0.10090535
-41.404202   -12.93881313  0.024534643  0.1010212
-41.267101   -12.89596906  0.024770226  0.10136875
-41.130001   -12.85312531  0.024772199  0.1017163
-40.992901   -12.81028156  0.025007805  0.101948
-40.855801   -12.76743781  0.02512664   0.1024114
-40.7187     -12.72459375  0.025245472  0.1028748
-40.5816     -12.68175     0.025364309  0.10322235
-40.4445     -12.63890625  0.025483152  0.1035699
-40.3074     -12.5960625   0.025602004  0.10391745
-40.1703     -12.55321875  0.02583778   0.1044967
-40.033199   -12.51037469  0.025956725  0.1051918
-39.896099   -12.46753094  0.026075661  0.10577105
-39.758999   -12.42468719  0.026194602  0.10646615
-39.621899   -12.38184344  0.026430501  0.10716125
-39.484798   -12.33899938  0.026549529  0.1079722
-39.347698   -12.29615563  0.02666855   0.1086673
-39.210602   -12.25331313  0.026904552  0.10947825
-39.073502   -12.21046938  0.027140641  0.11017335
-38.936401   -12.16762531  0.027376803  0.1109843
-38.799301   -12.12478156  0.027496026  0.11179525
-38.662201   -12.08193781  0.027498216  0.1126062
-38.525101   -12.03909406  0.027734362  0.1133013
-38.388      -11.99625     0.027853581  0.11411225
-38.2509     -11.95340625  0.028089832  0.1149232
-38.1138     -11.9105625   0.028209123  0.11573415
-37.9767     -11.86771875  0.02844546   0.11666095
-37.8396     -11.824875    0.028564811  0.11758775
-37.702499   -11.78203094  0.028684152  0.11851455
-37.565399   -11.73918719  0.028920573  0.11944135
-37.428299   -11.69634344  0.029039989  0.12059985
-37.291199   -11.65349969  0.029276497  0.12152665
-37.154099   -11.61065594  0.029395974  0.12268515
-37.016998   -11.56781188  0.02963256   0.1237278
-36.879902   -11.52496938  0.029869232  0.12477045
-36.742802   -11.48212563  0.030105973  0.12604479
-36.605701   -11.43928156  0.030225627  0.1272033
-36.468601   -11.39643781  0.030462415  0.12847765
-36.331501   -11.35359406  0.030582114  0.129752
-36.194401   -11.31075031  0.030818968  0.1309105
-36.057301   -11.26790656  0.031055908  0.1323007
-35.9202     -11.2250625   0.031410116  0.13357505
-35.7831     -11.18221875  0.031647269  0.1348494
-35.646      -11.139375    0.031884464  0.13612375
-35.5089     -11.09653125  0.032121706  0.13751395
-35.371799   -11.05368719  0.032359     0.1387883
-35.234699   -11.01084344  0.032596353  0.1399468
-35.097599   -10.96799969  0.032716492  0.14122115
-34.960499   -10.92515594  0.030842942  0.15263237
-34.823399   -10.88231219  0.030961674  0.15344332
-34.686298   -10.83946813  0.03119802   0.15437013
-34.549198   -10.79662438  0.031317302  0.15529692
-34.412102   -10.75378188  0.031553952  0.15622373
-34.275002   -10.71093813  0.031732087  0.1570926
-34.137901   -10.66809406  0.031910285  0.15796147
-34.000801   -10.62525031  0.032088542  0.15883034
-33.863701   -10.58240656  0.032266857  0.15981507
-33.726601   -10.53956281  0.032445221  0.16068394
-33.5895     -10.49671875  0.032623629  0.1614949
-33.4524     -10.453875    0.032802081  0.1624217
-33.3153     -10.41103125  0.033039262  0.16329058
-33.1782     -10.3681875   0.033100461  0.16410153
-33.0411     -10.32534375  0.033396373  0.1649704
-32.903999   -10.28249969  0.033575032  0.16589721
-32.766899   -10.23965594  0.033695013  0.16670816
-32.629799   -10.19681219  0.033991101  0.16763495
-32.492699   -10.15396844  0.034228611  0.16856176
-32.355598   -10.11112438  0.034407472  0.16943063
-32.218498   -10.06828063  0.034645067  0.17035742
-32.081402   -10.02543813  0.034882737  0.17134215
-31.9443     -9.98259375   0.035120468  0.17226894
-31.807199   -9.939749688  0.03529953   0.17319575
-31.670099   -9.896905938  0.035537339  0.17412256
-31.533001   -9.854062813  0.035833965  0.17499143
-31.395901   -9.811219063  0.036071949  0.17591822
-31.258801   -9.768375313  0.036309985  0.17684503
-31.1217     -9.72553125   0.036606829  0.1777139
-30.9846     -9.6826875    0.036845016  0.17869863
-30.8475     -9.63984375   0.037083241  0.17950958
-30.7104     -9.597        0.037380293  0.18049431
-30.573299   -9.554155938  0.037618663  0.18136318
-30.436199   -9.511312188  0.037857077  0.18223205
-30.299101   -9.468469063  0.038154323  0.18310092
-30.162001   -9.425625313  0.038451672  0.1839698
-30.0249     -9.38278125   0.03869031   0.18472283
-29.8878     -9.3399375    0.038928979  0.18553378
-29.7507     -9.29709375   0.039226503  0.18628681
-29.6136     -9.25425      0.039465306  0.18709776
-29.4765     -9.21140625   0.039762968  0.18790869
-29.339399   -9.168562188  0.040001896  0.18871966
-29.202299   -9.125718438  0.040299692  0.1895306
-29.065201   -9.082875313  0.040538742  0.19034155
-28.928101   -9.040031563  0.04083667   0.19121042
-28.791      -8.9971875    0.041134691  0.19213723
-28.6539     -8.95434375   0.041432793  0.19306402
-28.5168     -8.9115       0.041789839  0.19399083
-28.3797     -8.86865625   0.042088155  0.1948597
-28.242599   -8.825812188  0.042386532  0.19572857
-28.105499   -8.782968438  0.042684985  0.19659746
-27.968399   -8.740124688  0.042983511  0.19740841
-27.831301   -8.697281563  0.043282107  0.19816142
-27.694201   -8.654437813  0.043521883  0.19885653
-27.5571     -8.61159375   0.043938376  0.19955163
-27.42       -8.56875      0.044119451  0.20024672
-27.2829     -8.52590625   0.044418286  0.20099975
-27.1458     -8.4830625    0.044717208  0.20169485
-27.008699   -8.440218438  0.045016212  0.20238996
-26.871599   -8.397374688  0.045315289  0.20320091
-26.734501   -8.354531563  0.045614444  0.20395392
-26.597401   -8.311687813  0.045913672  0.20464903
-26.4603     -8.26884375   0.04621297   0.20540205
-26.3232     -8.226        0.046630244  0.20609716
-26.1861     -8.18315625   0.046811876  0.20679225
-26.049      -8.1403125    0.047111367  0.20748734
-25.9119     -8.09746875   0.04741094   0.20824037
-25.774799   -8.054624688  0.047769567  0.20899341
-25.637699   -8.011780938  0.048128325  0.20974642
-25.500601   -7.968937813  0.048369227  0.21049945
-25.363501   -7.926094063  0.048669112  0.21125248
-25.2264     -7.88325      0.049028073  0.21212135
-25.0893     -7.84040625   0.049328155  0.21299022
-24.9522     -7.7975625    0.049746317  0.21380118
-24.8151     -7.75471875   0.05004663   0.21461213
-24.677999   -7.711874688  0.050406003  0.21553892
-24.540899   -7.669030938  0.050765486  0.21640781
-24.403799   -7.626187188  0.05112508   0.21739253
-24.266701   -7.583344063  0.051484778  0.21826141
-24.129601   -7.540500313  0.051844576  0.21924612
-23.9925     -7.49765625   0.052204471  0.22023085
-23.8554     -7.4548125    0.052623528  0.22121558
-23.7183     -7.41196875   0.052983679  0.2222003
-23.5812     -7.369125     0.053402986  0.2231271
-23.444099   -7.326280938  0.053763362  0.22416975
-23.306999   -7.283437188  0.054123819  0.22509655
-23.169901   -7.240594063  0.054484363  0.22608127
-23.032801   -7.197750313  0.054904096  0.227066
-22.8957     -7.15490625   0.055323983  0.22805072
-22.7586     -7.1120625    0.055684894  0.2289196
-22.6215     -7.06921875   0.056104998  0.22978848
-22.4844     -7.026375     0.056466121  0.2307732
-22.3473     -6.98353125   0.056886447  0.2317
-22.210199   -6.940687188  0.057247778  0.2326268
-22.073099   -6.897843438  0.05772747   0.23343775
-21.936001   -6.855000313  0.058029909  0.23436455
-21.798901   -6.812156563  0.058391498  0.23517551
-21.6618     -6.7693125    0.058812339  0.23598646
-21.5247     -6.72646875   0.05923333   0.23679741
-21.3876     -6.683625     0.059536092  0.2374925
-21.2505     -6.64078125   0.060016415  0.23830345
-21.1134     -6.5979375    0.060437767  0.23899855
-20.976299   -6.555093438  0.060740838  0.2398095
-20.839199   -6.512249688  0.061162313  0.24062045
-20.702101   -6.469406563  0.06158394   0.2414314
-20.565001   -6.426562813  0.062064922  0.24218443
-20.4279     -6.38371875   0.062427641  0.24299538
-20.2908     -6.340875     0.062908872  0.24386425
-20.1537     -6.29803125   0.063331058  0.24473312
-20.0166     -6.2551875    0.063812596  0.24554408
-19.879499   -6.212343438  0.064235062  0.24641295
-19.742399   -6.169499688  0.064657626  0.24728182
-19.605301   -6.126656563  0.065198839  0.24815071
-19.468201   -6.083812813  0.065621743  0.2490775
-19.3311     -6.04096875   0.066104007  0.24988845
-19.194      -5.998125     0.066586445  0.2506994
-19.0569     -5.95528125   0.06706904   0.25162619
-18.9198     -5.9124375    0.067551778  0.25243714
-18.7827     -5.86959375   0.068034665  0.25336397
-18.645599   -5.826749688  0.068577032  0.25423282
-18.508499   -5.783905938  0.069060276  0.25510171
-18.371401   -5.741062813  0.069543646  0.25608644
-18.234301   -5.698219063  0.070086507  0.25707114
-18.0972     -5.655375     0.070688918  0.25799796
-17.9601     -5.61253125   0.071113521  0.25904059
-17.823      -5.5696875    0.071716252  0.25996739
-17.6859     -5.52684375   0.072259885  0.26095212
-17.5488     -5.484        0.07280369   0.26193684
-17.411699   -5.441155938  0.073407056  0.26292157
-17.274599   -5.398312188  0.073951282  0.2639063
-17.137501   -5.355469063  0.074495654  0.26483309
-17.000401   -5.312625313  0.075040188  0.26581782
-16.8633     -5.26978125   0.075644304  0.26674461
-16.7262     -5.2269375    0.076189232  0.26767144
-16.5891     -5.18409375   0.076734314  0.26859823
-16.452      -5.14125      0.077279535  0.26958296
-16.314899   -5.098405938  0.07776547   0.27050975
-16.177799   -5.055562188  0.078370407  0.27155238
-16.040701   -5.012719063  0.078916121  0.27247921
-15.9036     -4.969875     0.07946198   0.27352184
-15.7665     -4.92703125   0.080126962  0.27444866
-15.6294     -4.8841875    0.080673264  0.27554923
-15.4923     -4.84134375   0.08127918   0.27647603
-15.3552     -4.7985       0.081825813  0.27740282
-15.2181     -4.75565625   0.082432074  0.2782717
-15.081      -4.7128125    0.082919499  0.27914059
-14.9439     -4.66996875   0.08352604   0.28006738
-14.8068     -4.627125     0.084073272  0.28087834
-14.6697     -4.58428125   0.084620615  0.28163135
-14.5326     -4.5414375    0.085108546  0.2824423
-14.3955     -4.49859375   0.085656095  0.28331119
-14.2584     -4.45575      0.086203798  0.28418005
-14.1213     -4.41290625   0.086751645  0.284991
-13.9842     -4.3700625    0.087240038  0.28580195
-13.8471     -4.32721875   0.087847693  0.2866129
-13.71       -4.284375     0.088336369  0.28742385
-13.5729     -4.24153125   0.088765472  0.2882348
-13.4358     -4.1986875    0.089313807  0.28892991
-13.2987     -4.15584375   0.089743056  0.28968292
-13.1616     -4.113        0.09029157   0.29037803
-13.0245     -4.07015625   0.09072097   0.29107311
-12.8874     -4.0273125    0.091090706  0.29165238
-12.7503     -3.98446875   0.091579702  0.29234746
-12.6132     -3.941625     0.092009159  0.29304257
-12.4761     -3.89878125   0.092438641  0.29367974
-12.339      -3.8559375    0.092868156  0.29431692
-12.2019     -3.81309375   0.093357404  0.29495409
-12.0648     -3.77025      0.093787067  0.2956492
-11.9277     -3.72740625   0.094216753  0.29628637
-11.7906     -3.6845625    0.094646473  0.29692355
-11.6535     -3.64171875   0.095076221  0.29756072
-11.5164     -3.598875     0.095446291  0.2981979
-11.3793     -3.55603125   0.095935785  0.298893
-11.2422     -3.5131875    0.096305936  0.29947224
-11.1051     -3.47034375   0.09679553   0.30005151
-10.968      -3.4275       0.097105987  0.30063075
-10.8309     -3.38465625   0.097476077  0.30115208
-10.6938     -3.3418125    0.097905934  0.30178925
-10.5567     -3.29896875   0.098335859  0.30231056
-10.4196     -3.256125     0.098646264  0.30283189
-10.2825     -3.21328125   0.099016351  0.30335322
-10.1454     -3.1704375    0.099326644  0.30387455
-10.0083     -3.12759375   0.099636858  0.30433795
-9.8711996   -3.084749875  0.100006826  0.30474344
-9.7341003   -3.041906344  0.100376808  0.3051489
-9.5970001   -2.999062531  0.100686975  0.30555439
-9.4598999   -2.956218719  0.100937237  0.30595985
-9.3227997   -2.913374906  0.101247211  0.30630741
-9.1857004   -2.870531375  0.101497305  0.30659702
-9.0486002   -2.827687563  0.101687443  0.30700248
-8.9115      -2.78484375   0.101997129  0.30729213
-8.7743998   -2.741999938  0.10230681   0.30763969
-8.6372995   -2.699156094  0.102556616  0.30792931
-8.5002003   -2.656312594  0.102866196  0.30827683
-8.3631001   -2.613468781  0.103055993  0.30862442
-8.2259998   -2.570624938  0.103245627  0.30908781
-8.0888996   -2.527781125  0.103554927  0.30943534
-7.9517999   -2.484937469  0.103744432  0.30972499
-7.8147001   -2.442093781  0.103993699  0.31007251
-7.6775999   -2.399249969  0.104183006  0.31036216
-7.5405002   -2.356406313  0.104432096  0.31065178
-7.4033999   -2.313562469  0.104681146  0.3109414
-7.2663002   -2.270718813  0.10487021   0.31117311
-7.1292      -2.227875     0.105119076  0.31146273
-6.9920998   -2.185031188  0.105367896  0.31175235
-6.855       -2.1421875    0.105496779  0.31204197
-6.7178998   -2.099343688  0.105745368  0.31221575
-6.5808001   -2.056500031  0.10593398   0.31273708
-6.4436998   -2.013656188  0.106122474  0.31296879
-6.3066001   -1.970812531  0.106310875  0.31325841
-6.1694999   -1.927968719  0.106499179  0.31349009
-6.0324001   -1.885125031  0.106687389  0.31383765
-5.8952999   -1.842281219  0.106875499  0.3141852
-5.7582002   -1.799437563  0.107063525  0.31441689
-5.6210999   -1.756593719  0.107191474  0.31470653
-5.4840002   -1.713750063  0.107379268  0.31476444
-5.3469      -1.67090625   0.107506992  0.31505406
-5.2097998   -1.628062438  0.107694571  0.31534371
-5.0727      -1.58521875   0.107822092  0.31551749
-4.9355998   -1.542374938  0.107889464  0.3158071
-4.7985001   -1.499531281  0.108136691  0.31598088
-4.6613998   -1.456687438  0.108323917  0.3162705
-4.5243001   -1.413843781  0.108391032  0.31644428
-4.3871999   -1.370999969  0.10851798   0.31667596
-4.2501001   -1.328156281  0.108704854  0.31684974
-4.1129999   -1.285312469  0.108771611  0.31713939
-3.9758999   -1.242468719  0.108898247  0.31731316
-3.8388      -1.199625     0.109024774  0.31754485
-3.7017      -1.15678125   0.109211257  0.3178924
-3.5646      -1.1139375    0.109337647  0.31812412
-3.4275      -1.07109375   0.109463932  0.31852958
-3.2904      -1.02825      0.109650175  0.3188192
-3.1533      -0.98540625   0.109836371  0.31922469
-3.0162001   -0.942562531  0.109962453  0.31957224
-2.8791001   -0.899718781  0.110088433  0.3199777
-2.7420001   -0.856875031  0.110334447  0.32032526
-2.6048999   -0.814031219  0.110460332  0.32061487
-2.4677999   -0.771187469  0.110646191  0.32102033
-2.3306999   -0.728343719  0.110771932  0.32119411
-2.1935999   -0.685499969  0.110897592  0.32154167
-2.0565      -0.64265625   0.11096311   0.32177338
-1.9194      -0.5998125    0.111148692  0.32200509
-1.7823      -0.55696875   0.1112141    0.32223678
-1.6452      -0.514125     0.11127944   0.32241055
-1.5081      -0.47128125   0.111344725  0.32264227
-1.3710001   -0.428437531  0.111409991  0.32275811
-1.2339      -0.38559375   0.111475249  0.32293189
-1.0968      -0.34275      0.111540543  0.32298979
-0.95969999  -0.299906247  0.111605904  0.32304773
-0.82260001  -0.257062503  0.111671374  0.32316357
-0.68550003  -0.214218759  0.111676931  0.32333735
-0.54839998  -0.171374994  0.111682759  0.32333735
-0.4113      -0.12853125   0.111749151  0.32339528
-0.27419999  -0.085687497  0.111816363  0.32339528
-0.1371      -0.04284375   0.1117048    0.32345319
0            0             0.111718374  0.32345319
0.1371       0.04284375    0.1117048    0.32345319
0.27419999   0.085687497   0.111816363  0.32339528
0.4113       0.12853125    0.111749151  0.32339528
0.54839998   0.171374994   0.111682759  0.32333735
0.68550003   0.214218759   0.111676931  0.32333735
0.82260001   0.257062503   0.111671374  0.32316357
0.95969999   0.299906247   0.111605904  0.32304773
1.0968       0.34275       0.111540543  0.32298979
1.2339       0.38559375    0.111475249  0.32293189
1.3710001    0.428437531   0.111409991  0.32275811
1.5081       0.47128125    0.111344725  0.32264227
1.6452       0.514125      0.11127944   0.32241055
1.7823       0.55696875    0.1112141    0.32223678
1.9194       0.5998125     0.111148692  0.32200509
2.0565       0.64265625    0.11096311   0.32177338
2.1935999    0.685499969   0.110897592  0.32154167
2.3306999    0.728343719   0.110771932  0.32119411
2.4677999    0.771187469   0.110646191  0.32102033
2.6048999    0.814031219   0.110460332  0.32061487
2.7420001    0.856875031   0.110334447  0.32032526
2.8791001    0.899718781   0.110088433  0.3199777
3.0162001    0.942562531   0.109962453  0.31957224
3.1533       0.98540625    0.109836371  0.31922469
3.2904       1.02825       0.109650175  0.3188192
3.4275       1.07109375    0.109463932  0.31852958
3.5646       1.1139375     0.109337647  0.31812412
3.7017       1.15678125    0.109211257  0.3178924
3.8388       1.199625      0.109024774  0.31754485
3.9758999    1.242468719   0.108898247  0.31731316
4.1129999    1.285312469   0.108771611  0.31713939
4.2501001    1.328156281   0.108704854  0.31684974
4.3871999    1.370999969   0.10851798   0.31667596
4.5243001    1.413843781   0.108391032  0.31644428
4.6613998    1.456687438   0.108323917  0.3162705
4.7985001    1.499531281   0.108136691  0.31598088
4.9355998    1.542374938   0.107889464  0.3158071
5.0727       1.58521875    0.107822092  0.31551749
5.2097998    1.628062438   0.107694571  0.31534371
5.3469       1.67090625    0.107506992  0.31505406
5.4840002    1.713750063   0.107379268  0.31476444
5.6210999    1.756593719   0.107191474  0.31470653
5.7582002    1.799437563   0.107063525  0.31441689
5.8952999    1.842281219   0.106875499  0.3141852
6.0324001    1.885125031   0.106687389  0.31383765
6.1694999    1.927968719   0.106499179  0.31349009
6.3066001    1.970812531   0.106310875  0.31325841
6.4436998    2.013656188   0.106122474  0.31296879
6.5808001    2.056500031   0.10593398   0.31273708
6.7178998    2.099343688   0.105745368  0.31221575
6.855        2.1421875     0.105496779  0.31204197
6.9920998    2.185031188   0.105367896  0.31175235
7.1292       2.227875      0.105119076  0.31146273
7.2663002    2.270718813   0.10487021   0.31117311
7.4033999    2.313562469   0.104681146  0.3109414
7.5405002    2.356406313   0.104432096  0.31065178
7.6775999    2.399249969   0.104183006  0.31036216
7.8147001    2.442093781   0.103993699  0.31007251
7.9517999    2.484937469   0.103744432  0.30972499
8.0888996    2.527781125   0.103554927  0.30943534
8.2259998    2.570624938   0.103245627  0.30908781
8.3631001    2.613468781   0.103055993  0.30862442
8.5002003    2.656312594   0.102866196  0.30827683
8.6372995    2.699156094   0.102556616  0.30792931
8.7743998    2.741999938   0.10230681   0.30763969
8.9115       2.78484375    0.101997129  0.30729213
9.0486002    2.827687563   0.101687443  0.30700248
9.1857004    2.870531375   0.101497305  0.30659702
9.3227997    2.913374906   0.101247211  0.30630741
9.4598999    2.956218719   0.100937237  0.30595985
9.5970001    2.999062531   0.100686975  0.30555439
9.7341003    3.041906344   0.100376808  0.3051489
9.8711996    3.084749875   0.100006826  0.30474344
10.0083      3.12759375    0.099636858  0.30433795
10.1454      3.1704375     0.099326644  0.30387455
10.2825      3.21328125    0.099016351  0.30335322
10.4196      3.256125      0.098646264  0.30283189
10.5567      3.29896875    0.098335859  0.30231056
10.6938      3.3418125     0.097905934  0.30178925
10.8309      3.38465625    0.097476077  0.30115208
10.968       3.4275        0.097105987  0.30063075
11.1051      3.47034375    0.09679553   0.30005151
11.2422      3.5131875     0.096305936  0.29947224
11.3793      3.55603125    0.095935785  0.298893
11.5164      3.598875      0.095446291  0.2981979
11.6535      3.64171875    0.095076221  0.29756072
11.7906      3.6845625     0.094646473  0.29692355
11.9277      3.72740625    0.094216753  0.29628637
12.0648      3.77025       0.093787067  0.2956492
12.2019      3.81309375    0.093357404  0.29495409
12.339       3.8559375     0.092868156  0.29431692
12.4761      3.89878125    0.092438641  0.29367974
12.6132      3.941625      0.092009159  0.29304257
12.7503      3.98446875    0.091579702  0.29234746
12.8874      4.0273125     0.091090706  0.29165238
13.0245      4.07015625    0.09072097   0.29107311
13.1616      4.113         0.09029157   0.29037803
13.2987      4.15584375    0.089743056  0.28968292
13.4358      4.1986875     0.089313807  0.28892991
13.5729      4.24153125    0.088765472  0.2882348
13.71        4.284375      0.088336369  0.28742385
13.8471      4.32721875    0.087847693  0.2866129
13.9842      4.3700625     0.087240038  0.28580195
14.1213      4.41290625    0.086751645  0.284991
14.2584      4.45575       0.086203798  0.28418005
14.3955      4.49859375    0.085656095  0.28331119
14.5326      4.5414375     0.085108546  0.2824423
14.6697      4.58428125    0.084620615  0.28163135
14.8068      4.627125      0.084073272  0.28087834
14.9439      4.66996875    0.08352604   0.28006738
15.081       4.7128125     0.082919499  0.27914059
15.2181      4.75565625    0.082432074  0.2782717
15.3552      4.7985        0.081825813  0.27740282
15.4923      4.84134375    0.08127918   0.27647603
15.6294      4.8841875     0.080673264  0.27554923
15.7665      4.92703125    0.080126962  0.27444866
15.9036      4.969875      0.07946198   0.27352184
16.040701    5.012719063   0.078916121  0.27247921
16.177799    5.055562188   0.078370407  0.27155238
16.314899    5.098405938   0.07776547   0.27050975
16.452       5.14125       0.077279535  0.26958296
16.5891      5.18409375    0.076734314  0.26859823
16.7262      5.2269375     0.076189232  0.26767144
16.8633      5.26978125    0.075644304  0.26674461
17.000401    5.312625313   0.075040188  0.26581782
17.137501    5.355469063   0.074495654  0.26483309
17.274599    5.398312188   0.073951282  0.2639063
17.411699    5.441155938   0.073407056  0.26292157
17.5488      5.484         0.07280369   0.26193684
17.6859      5.52684375    0.072259885  0.26095212
17.823       5.5696875     0.071716252  0.25996739
17.9601      5.61253125    0.071113521  0.25904059
18.0972      5.655375      0.070688918  0.25799796
18.234301    5.698219063   0.070086507  0.25707114
18.371401    5.741062813   0.069543646  0.25608644
18.508499    5.783905938   0.069060276  0.25510171
18.645599    5.826749688   0.068577032  0.25423282
18.7827      5.86959375    0.068034665  0.25336397
18.9198      5.9124375     0.067551778  0.25243714
19.0569      5.95528125    0.06706904   0.25162619
19.194       5.998125      0.066586445  0.2506994
19.3311      6.04096875    0.066104007  0.24988845
19.468201    6.083812813   0.065621743  0.2490775
19.605301    6.126656563   0.065198839  0.24815071
19.742399    6.169499688   0.064657626  0.24728182
19.879499    6.212343438   0.064235062  0.24641295
20.0166      6.2551875     0.063812596  0.24554408
20.1537      6.29803125    0.063331058  0.24473312
20.2908      6.340875      0.062908872  0.24386425
20.4279      6.38371875    0.062427641  0.24299538
20.565001    6.426562813   0.062064922  0.24218443
20.702101    6.469406563   0.06158394   0.2414314
20.839199    6.512249688   0.061162313  0.24062045
20.976299    6.555093438   0.060740838  0.2398095
21.1134      6.5979375     0.060437767  0.23899855
21.2505      6.64078125    0.060016415  0.23830345
21.3876      6.683625      0.059536092  0.2374925
21.5247      6.72646875    0.05923333   0.23679741
21.6618      6.7693125     0.058812339  0.23598646
21.798901    6.812156563   0.058391498  0.23517551
21.936001    6.855000313   0.058029909  0.23436455
22.073099    6.897843438   0.05772747   0.23343775
22.210199    6.940687188   0.057247778  0.2326268
22.3473      6.98353125    0.056886447  0.2317
22.4844      7.026375      0.056466121  0.2307732
22.6215      7.06921875    0.056104998  0.22978848
22.7586      7.1120625     0.055684894  0.2289196
22.8957      7.15490625    0.055323983  0.22805072
23.032801    7.197750313   0.054904096  0.227066
23.169901    7.240594063   0.054484363  0.22608127
23.306999    7.283437188   0.054123819  0.22509655
23.444099    7.326280938   0.053763362  0.22416975
23.5812      7.369125      0.053402986  0.2231271
23.7183      7.41196875    0.052983679  0.2222003
23.8554      7.4548125     0.052623528  0.22121558
23.9925      7.49765625    0.052204471  0.22023085
24.129601    7.540500313   0.051844576  0.21924612
24.266701    7.583344063   0.051484778  0.21826141
24.403799    7.626187188   0.05112508   0.21739253
24.540899    7.669030938   0.050765486  0.21640781
24.677999    7.711874688   0.050406003  0.21553892
24.8151      7.75471875    0.05004663   0.21461213
24.9522      7.7975625     0.049746317  0.21380118
25.0893      7.84040625    0.049328155  0.21299022
25.2264      7.88325       0.049028073  0.21212135
25.363501    7.926094063   0.048669112  0.21125248
25.500601    7.968937813   0.048369227  0.21049945
25.637699    8.011780938   0.048128325  0.20974642
25.774799    8.054624688   0.047769567  0.20899341
25.9119      8.09746875    0.04741094   0.20824037
26.049       8.1403125     0.047111367  0.20748734
26.1861      8.18315625    0.046811876  0.20679225
26.3232      8.226         0.046630244  0.20609716
26.4603      8.26884375    0.04621297   0.20540205
26.597401    8.311687813   0.045913672  0.20464903
26.734501    8.354531563   0.045614444  0.20395392
26.871599    8.397374688   0.045315289  0.20320091
27.008699    8.440218438   0.045016212  0.20238996
27.1458      8.4830625     0.044717208  0.20169485
27.2829      8.52590625    0.044418286  0.20099975
27.42        8.56875       0.044119451  0.20024672
27.5571      8.61159375    0.043938376  0.19955163
27.694201    8.654437813   0.043521883  0.19885653
27.831301    8.697281563   0.043282107  0.19816142
27.968399    8.740124688   0.042983511  0.19740841
28.105499    8.782968438   0.042684985  0.19659746
28.242599    8.825812188   0.042386532  0.19572857
28.3797      8.86865625    0.042088155  0.1948597
28.5168      8.9115        0.041789839  0.19399083
28.6539      8.95434375    0.041432793  0.19306402
28.791       8.9971875     0.041134691  0.19213723
28.928101    9.040031563   0.04083667   0.19121042
29.065201    9.082875313   0.040538742  0.19034155
29.202299    9.125718438   0.040299692  0.1895306
29.339399    9.168562188   0.040001896  0.18871966
29.4765      9.21140625    0.039762968  0.18790869
29.6136      9.25425       0.039465306  0.18709776
29.7507      9.29709375    0.039226503  0.18628681
29.8878      9.3399375     0.038928979  0.18553378
30.0249      9.38278125    0.03869031   0.18472283
30.162001    9.425625313   0.038451672  0.1839698
30.299101    9.468469063   0.038154323  0.18310092
30.436199    9.511312188   0.037857077  0.18223205
30.573299    9.554155938   0.037618663  0.18136318
30.7104      9.597         0.037380293  0.18049431
30.8475      9.63984375    0.037083241  0.17950958
30.9846      9.6826875     0.036845016  0.17869863
31.1217      9.72553125    0.036606829  0.1777139
31.258801    9.768375313   0.036309985  0.17684503
31.395901    9.811219063   0.036071949  0.17591822
31.533001    9.854062813   0.035833965  0.17499143
31.670099    9.896905938   0.035537339  0.17412256
31.807199    9.939749688   0.03529953   0.17319575
31.9443      9.98259375    0.035120468  0.17226894
32.081402    10.02543813   0.034882737  0.17134215
32.218498    10.06828063   0.034645067  0.17035742
32.355598    10.11112438   0.034407472  0.16943063
32.492699    10.15396844   0.034228611  0.16856176
32.629799    10.19681219   0.033991101  0.16763495
32.766899    10.23965594   0.033695013  0.16670816
32.903999    10.28249969   0.033575032  0.16589721
33.0411      10.32534375   0.033396373  0.1649704
33.1782      10.3681875    0.033100461  0.16410153
33.3153      10.41103125   0.033039262  0.16329058
33.4524      10.453875     0.032802081  0.1624217
33.5895      10.49671875   0.032623629  0.1614949
33.726601    10.53956281   0.032445221  0.16068394
33.863701    10.58240656   0.032266857  0.15981507
34.000801    10.62525031   0.032088542  0.15883034
34.137901    10.66809406   0.031910285  0.15796147
34.275002    10.71093813   0.031732087  0.1570926
34.412102    10.75378188   0.031553952  0.15622373
34.549198    10.79662438   0.031317302  0.15529692
34.686298    10.83946813   0.03119802   0.15437013
34.823399    10.88231219   0.030961674  0.15344332
34.960499    10.92515594   0.030842942  0.15263237
35.097599    10.96799969   0.032716492  0.14122115
35.234699    11.01084344   0.032596353  0.1399468
35.371799    11.05368719   0.032359     0.1387883
35.5089      11.09653125   0.032121706  0.13751395
35.646       11.139375     0.031884464  0.13612375
35.7831      11.18221875   0.031647269  0.1348494
35.9202      11.2250625    0.031410116  0.13357505
36.057301    11.26790656   0.031055908  0.1323007
36.194401    11.31075031   0.030818968  0.1309105
36.331501    11.35359406   0.030582114  0.129752
36.468601    11.39643781   0.030462415  0.12847765
36.605701    11.43928156   0.030225627  0.1272033
36.742802    11.48212563   0.030105973  0.12604479
36.879902    11.52496938   0.029869232  0.12477045
37.016998    11.56781188   0.02963256   0.1237278
37.154099    11.61065594   0.029395974  0.12268515
37.291199    11.65349969   0.029276497  0.12152665
37.428299    11.69634344   0.029039989  0.12059985
37.565399    11.73918719   0.028920573  0.11944135
37.702499    11.78203094   0.028684152  0.11851455
37.8396      11.824875     0.028564811  0.11758775
37.9767      11.86771875   0.02844546   0.11666095
38.1138      11.9105625    0.028209123  0.11573415
38.2509      11.95340625   0.028089832  0.1149232
38.388       11.99625      0.027853581  0.11411225
38.525101    12.03909406   0.027734362  0.1133013
38.662201    12.08193781   0.027498216  0.1126062
38.799301    12.12478156   0.027496026  0.11179525
38.936401    12.16762531   0.027376803  0.1109843
39.073502    12.21046938   0.027140641  0.11017335
39.210602    12.25331313   0.026904552  0.10947825
39.347698    12.29615563   0.02666855   0.1086673
39.484798    12.33899938   0.026549529  0.1079722
39.621899    12.38184344   0.026430501  0.10716125
39.758999    12.42468719   0.026194602  0.10646615
39.896099    12.46753094   0.026075661  0.10577105
40.033199    12.51037469   0.025956725  0.1051918
40.1703      12.55321875   0.02583778   0.1044967
40.3074      12.5960625    0.025602004  0.10391745
40.4445      12.63890625   0.025483152  0.1035699
40.5816      12.68175      0.025364309  0.10322235
40.7187      12.72459375   0.025245472  0.1028748
40.855801    12.76743781   0.02512664   0.1024114
40.992901    12.81028156   0.025007805  0.101948
41.130001    12.85312531   0.024772199  0.1017163
41.267101    12.89596906   0.024770226  0.10136875
41.404202    12.93881313   0.024534643  0.1010212
41.541302    12.98165688   0.024415908  0.10090535
41.678398    13.02449938   0.024297178  0.10067365
41.815498    13.06734313   0.024178454  0.1005578
41.952599    13.11018719   0.024059735  0.1003261
42.089699    13.15303094   0.023941017  0.10021025
42.226799    13.19587469   0.023822288  0.099978551
42.363899    13.23871844   0.023586859  0.099630997
42.500999    13.28156219   0.023468216  0.099515148
42.6381      13.32440625   0.023466248  0.099283449
42.7752      13.36725      0.023230838  0.099051751
42.9123      13.41009375   0.023112156  0.098704197
43.0494      13.4529375    0.02287681   0.098472498
43.186501    13.49578156   0.022758181  0.098124951
43.323601    13.53862531   0.022639525  0.097893253
43.460701    13.58146906   0.022404211  0.097429849
43.597801    13.62431281   0.022168951  0.097082302
43.734901    13.66715656   0.021933753  0.096618898
43.872002    13.71000063   0.021815206  0.096155502
44.009102    13.75284438   0.021580033  0.095576249
44.146198    13.79568688   0.021344902  0.094997004
44.283298    13.83853063   0.021109806  0.0945336
44.420399    13.88137469   0.0207582    0.093954347
44.557499    13.92421844   0.020639814  0.093375102
44.694599    13.96706219   0.020288314  0.09268
44.831699    14.00990594   0.020169995  0.092100747
44.9688      14.05275      0.019818594  0.091405652
45.1059      14.09559375   0.019700329  0.090710551
45.243       14.1384375    0.019349001  0.090015449
45.3801      14.18128125   0.018997785  0.089320347
45.5172      14.224125     0.018763165  0.088625252
45.654301    14.26696906   0.018528574  0.087814301
45.791401    14.30981281   0.018177546  0.087235048
45.928501    14.35265656   0.017943083  0.086539946
46.065601    14.39550031   0.017592212  0.085729003
46.202702    14.43834438   0.017474329  0.08514975
46.339802    14.48118813   0.017123534  0.084454648
46.476898    14.52403063   0.016772847  0.083759546
46.613998    14.56687438   0.016655101  0.083180301
46.751099    14.60971844   0.016304492  0.082485199
46.888199    14.65256219   0.015953991  0.081790097
47.025299    14.69540594   0.015836382  0.081095003
47.162399    14.73824969   0.015485967  0.08051575
47.2995      14.78109375   0.015252032  0.079820648
47.4366      14.8239375    0.015018128  0.079009697
47.5737      14.86678125   0.01466789   0.078314602
47.7108      14.909625     0.014434111  0.077387802
47.8479      14.95246875   0.014200366  0.0766927
47.985001    14.99531281   0.013850316  0.0757659
48.122101    15.03815656   0.013733038  0.075070798
48.259201    15.08100031   0.013383074  0.074375696
48.396301    15.12384406   0.013149532  0.073680602
48.533401    15.16668781   0.01291603   0.0729855
48.670502    15.20953188   0.012682569  0.072174549
48.807598    15.25237438   0.012449148  0.071479447
48.944698    15.29521813   0.012215769  0.070784353
49.081799    15.33806219   0.011982434  0.069973402
49.218899    15.38090594   0.011865427  0.0692783
49.355999    15.42374969   0.011515838  0.068583198
49.493099    15.46659344   0.011282624  0.067656398
49.630199    15.50943719   0.011165726  0.066845447
49.7673      15.55228125   0.010932552  0.066150352
49.9044      15.595125     0.010699418  0.065339401
50.0415      15.63796875   0.010466324  0.064760149
50.1786      15.6808125    0.010233277  0.063949198
50.315701    15.72365656   0.010116523  0.063254103
50.452801    15.76650031   0.009883527  0.062443148
50.589901    15.80934406   0.009766815  0.06174805
50.727001    15.85218781   0.009533871  0.061168801
50.864101    15.89503156   0.009417202  0.060473699
51.001202    15.93787563   0.009184311  0.059778601
51.138302    15.98071938   0.00906769   0.059083499
51.275398    16.02356188   0.008951072  0.058388401
51.412498    16.06640563   0.008718244  0.057809152
51.549599    16.10924969   0.008601669  0.057345752
51.686699    16.15209344   0.008368894  0.056766499
51.823799    16.19493719   0.008252369  0.056303099
51.960899    16.23778094   0.008135855  0.055839699
52.098       16.280625     0.00801935   0.055492152
52.2351      16.32346875   0.007902852  0.055028751
52.3722      16.3663125    0.007670174  0.054681201
52.5093      16.40915625   0.007553732  0.0542178
52.6464      16.452        0.007553486  0.05387025
52.783501    16.49484406   0.007437037  0.053522699
52.920601    16.53768781   0.007204424  0.053175151
53.057701    16.58053156   0.007204204  0.0528276
53.194801    16.62337531   0.007087794  0.052480049
53.331902    16.66621938   0.006971396  0.052132498
53.469002    16.70906313   0.00685501   0.051784951
53.606098    16.75190563   0.006738636  0.0514374
53.743198    16.79474938   0.006622276  0.050974
53.880299    16.83759344   0.006622082  0.050394751
54.017399    16.88043719   0.006389566  0.0500472
54.154499    16.92328094   0.006273242  0.0495838
54.291599    16.96612469   0.006273082  0.0491204
54.428699    17.00896844   0.006156765  0.048657
54.5658      17.0518125    0.006156601  0.048309449
54.7029      17.09465625   0.005924145  0.0477302
54.84        17.1375       0.005924004  0.0472668
54.9771      17.18034375   0.005807719  0.046687551
55.114201    17.22318781   0.005807579  0.046224151
55.251301    17.26603156   0.005691296  0.045760751
55.388401    17.30887531   0.005575026  0.045297351
55.525501    17.35171906   0.00545877   0.0449498
55.662601    17.39456281   0.005458653  0.044718102
55.799702    17.43740688   0.005342406  0.044254702
55.936798    17.48024938   0.005342291  0.043907151
56.073898    17.52309313   0.005226049  0.0435596
56.210999    17.56593719   0.005109822  0.043327902
56.348099    17.60878094   0.005109722  0.042980351
56.485199    17.65162469   0.004993505  0.042748649
56.622299    17.69446844   0.004993412  0.042401101
56.759399    17.73731219   0.004993308  0.04205355
56.8965      17.78015625   0.004760986  0.041821849
57.0336      17.823        0.004760908  0.041474301
57.1707      17.86584375   0.004760823  0.041242599
57.3078      17.9086875    0.004644634  0.041010901
57.444901    17.95153156   0.004644557  0.04066335
57.582001    17.99437531   0.004644474  0.040315799
57.719101    18.03721906   0.004528288  0.039968248
57.856201    18.08006281   0.004412116  0.039852399
57.993301    18.12290656   0.004412052  0.039504848
58.130402    18.16575063   0.004411982  0.039157301
58.267502    18.20859438   0.00429582   0.038925599
58.404598    18.25143688   0.00429576   0.038578048
58.541698    18.29428063   0.004295698  0.038230501
58.678799    18.33712469   0.004295631  0.037998799
58.815899    18.37996844   0.004295556  0.037535399
58.952999    18.42281219   0.004063315  0.037303701
59.090099    18.46565594   0.004063263  0.037071999
59.2272      18.5085       0.00406321   0.036840301
59.3643      18.55134375   0.004063152  0.03649275
59.5014      18.5941875    0.003947015  0.036261048
59.6385      18.63703125   0.003946966  0.035797652
59.7756      18.679875     0.003946915  0.035450101
59.912701    18.72271906   0.003946858  0.035218399
60.049801    18.76556281   0.003830728  0.034870852
60.186901    18.80840656   0.003830678  0.034523301
60.324001    18.85125031   0.003714558  0.034059901
60.461102    18.89409438   0.003714517  0.03371235
60.598202    18.93693813   0.003714472  0.033364799
60.735298    18.97978063   0.003598362  0.033017252
60.872398    19.02262438   0.003598328  0.032669701
61.009499    19.06546844   0.003598293  0.032437999
61.146599    19.10831219   0.003598256  0.032206301
61.283699    19.15115594   0.003598218  0.031974599
61.420799    19.19399969   0.003598177  0.03185875
61.557899    19.23684344   0.003482076  0.031627052
61.695       19.2796875    0.003482045  0.03139535
61.8321      19.32253125   0.003482012  0.031047801
61.9692      19.365375     0.003481979  0.03093195
62.1063      19.40821875   0.003481944  0.030584401
62.243401    19.45106281   0.003481905  0.03023685
62.380501    19.49390656   0.003365811  0.03000515
62.517601    19.53675031   0.00324973   0.0296576
62.654701    19.57959406   0.003249714  0.02954175
62.791801    19.62243781   0.003365749  0.0294259
62.928902    19.66528188   0.003365722  0.029310049
63.066002    19.70812563   0.003365695  0.0294259
63.203098    19.75096813   0.003365668  0.029310049
63.340199    19.79381219   0.00336564   0.0294259
63.477299    19.83665594   0.003365612  0.02954175
63.614399    19.87949969   0.003365583  0.02954175
63.751499    19.92234344   0.003365552  0.0296576
63.888599    19.96518719   0.003249479  0.0298893
64.025703    20.00803219   0.003249462  0.03000515
64.162804    20.05087625   0.003365487  0.030121
64.299896    20.0937175    0.00336546   0.03023685
64.436996    20.13656125   0.003365433  0.030584401
64.574097    20.17940531   0.003365405  0.03070025
64.711197    20.22224906   0.003365378  0.031047801
64.848297    20.26509281   0.003365352  0.03116365
64.985397    20.30793656   0.003365326  0.031279501
65.122498    20.35078063   0.003365304  0.031511199
65.259598    20.39362438   0.003481314  0.031627052
65.396698    20.43646813   0.003481279  0.031627052
65.533798    20.47931188   0.003481244  0.031742901
65.670898    20.52215563   0.003481208  0.031742901
65.807999    20.56499969   0.003481171  0.031742901
65.945099    20.60784344   0.003481134  0.031742901
66.082199    20.65068719   0.003481095  0.031627052
66.219299    20.69353094   0.003481055  0.031511199
66.3564      20.736375     0.003481012  0.031511199
66.4935      20.77921875   0.003364947  0.03139535
66.6306      20.8220625    0.003364916  0.03116365
66.7677      20.86490625   0.003364884  0.03116365
66.9048      20.90775      0.003364853  0.031047801
67.041901    20.95059406   0.003364823  0.03093195
67.179001    20.99343781   0.003364795  0.030816101
67.316101    21.03628156   0.003480783  0.030816101
67.453201    21.07912531   0.003480742  0.030584401
67.590302    21.12196938   0.003480701  0.030352701
67.727402    21.16481313   0.003480659  0.03023685
67.864502    21.20765688   0.003480616  0.030121
68.001602    21.25050063   0.003480573  0.0298893
68.138702    21.29334438   0.003480528  0.02977345
68.275803    21.33618844   0.003480482  0.0296576
68.412903    21.37903219   0.003480434  0.02954175
68.550003    21.42187594   0.003480383  0.029310049
68.687103    21.46471969   0.003480327  0.0291942
68.824203    21.50756344   0.003364269  0.0289625
68.961304    21.5504075    0.003248224  0.0287308
69.098396    21.59324875   0.003248188  0.028383249
69.235497    21.63609281   0.003248151  0.0280357
69.372597    21.67893656   0.003248114  0.027688149
69.509697    21.72178031   0.003248076  0.0273406
69.646797    21.76462406   0.003248037  0.026993049
69.783897    21.80746781   0.003247998  0.026529649
69.920998    21.85031188   0.003247957  0.026297949
70.058098    21.89315563   0.003247916  0.0259504
70.195198    21.93599938   0.003247872  0.025602849
70.332298    21.97884313   0.003247825  0.025371149
70.469398    22.02168688   0.003131795  0.0250236
70.606499    22.06453094   0.003131758  0.024676049
70.743599    22.10737469   0.00313172   0.0245602
70.880699    22.15021844   0.003131682  0.0243285
71.017799    22.19306219   0.003131642  0.023980949
71.1549      22.23590625   0.003131602  0.023749251
71.292       22.27875      0.003131559  0.023517551
71.4291      22.32159375   0.003131513  0.023285851
71.5662      22.3644375    0.003015496  0.0229383
71.7033      22.40728125   0.00301546   0.0227066
71.840401    22.45012531   0.003015423  0.022590751
71.977501    22.49296906   0.003015386  0.022359051
72.114601    22.53581281   0.003015347  0.0220115
72.251701    22.57865656   0.003015306  0.0217798
72.388802    22.62150063   0.003015262  0.0215481
72.525902    22.66434438   0.002899257  0.0213164
72.663002    22.70718813   0.002899223  0.0210847
72.800102    22.75003188   0.002899189  0.020737151
72.937202    22.79287563   0.002899153  0.020505451
73.074303    22.83571969   0.002899117  0.020273751
73.211403    22.87856344   0.00289908   0.020042051
73.348503    22.92140719   0.002899042  0.019810351
73.485603    22.96425094   0.002899003  0.019578651
73.622704    23.007095     0.00289896   0.019346951
73.759804    23.04993875   0.002782968  0.0192311
73.896896    23.09278      0.002782935  0.0189994
74.033997    23.13562406   0.002782901  0.0187677
74.171097    23.17846781   0.002782867  0.018651851
74.308197    23.22131156   0.002782832  0.018420151
74.445297    23.26415531   0.002782796  0.01818845
74.582397    23.30699906   0.00278276   0.01818845
74.719498    23.34984313   0.002782722  0.0178409
74.856598    23.39268688   0.002782684  0.01772505
74.993698    23.43553063   0.002782643  0.0176092
75.130798    23.47837438   0.0027826    0.01749335
75.267899    23.52121844   0.002666625  0.017377499
75.404999    23.56406219   0.002666591  0.017377499
75.542099    23.60690594   0.002666557  0.01726165
75.679199    23.64974969   0.002666522  0.01726165
75.816299    23.69259344   0.002666486  0.017377499
75.9534      23.7354375    0.00266645   0.017377499
76.0905      23.77828125   0.002666414  0.01749335
76.2276      23.821125     0.002666377  0.01749335
76.3647      23.86396875   0.00266634   0.01749335
76.501801    23.90681281   0.002666304  0.01749335
76.638901    23.94965656   0.002782182  0.01749335
76.776001    23.99250031   0.002782129  0.017377499
76.913101    24.03534406   0.002666165  0.01749335
77.050201    24.07818781   0.002666121  0.01749335
77.187302    24.12103188   0.002666077  0.017377499
77.324402    24.16387563   0.002666031  0.01749335
77.461502    24.20671938   0.002665984  0.017377499
77.598602    24.24956313   0.002665936  0.017377499
77.735703    24.29240719   0.002665886  0.017377499
77.872803    24.33525094   0.002665834  0.01726165
78.009903    24.37809469   0.002665781  0.01726165
78.147003    24.42093844   0.002665725  0.017145799
78.284103    24.46378219   0.002665667  0.017145799
78.421204    24.50662625   0.002665606  0.01702995
78.558296    24.5494675    0.002665541  0.01702995
78.695396    24.59231125   0.00266547   0.01702995
78.832497    24.63515531   0.002549518  0.01679825
78.969597    24.67799906   0.002549452  0.01679825
79.106697    24.72084281   0.002549382  0.016682399
79.243797    24.76368656   0.002549306  0.016682399
79.380898    24.80653063   0.002549222  0.01656655
79.517998    24.84937438   0.002549128  0.01656655
79.655098    24.89221813   0.00254902   0.016450699
79.792198    24.93506188   0.002548888  0.01633485
79.929298    24.97790563   0.0025487    0.016218999
