#    r         (mm)  r/D  T(K)  std  T  (K)
-50  -15.625   294   0
-45  -14.0625  1419  128
-40  -12.5     1434  125
-35  -10.9375  1449  129
-30  -9.375    1460  124
-25  -7.8125   1472  122
-20  -6.25     1478  122
-15  -4.6875   1490  115
-10  -3.125    1494  111
-5   -1.5625   1502  107
0    0         1503  108
5    1.5625    1503  114
10   3.125     1504  111
15   4.6875    1503  116
20   6.25      1502  115
25   7.8125    1492  140
30   9.375     1485  144
35   10.9375   1495  112
40   12.5      1487  119
45   14.0625   1474  148
50   15.625    294   0
