#            x/D           =            226.5625  ~   227    
#            r             (mm)         r/D       fv  (ppm)  rms_fv
-79.929298   -24.97790563  0.00127435   0.0020853
-79.792198   -24.93506188  0.001274397  0.0020853
-79.655098   -24.89221813  0.00127443   0.0020853
-79.517998   -24.84937438  0.001274457  0.00220115
-79.380898   -24.80653063  0.00127448   0.00220115
-79.243797   -24.76368656  0.001274501  0.00220115
-79.106697   -24.72084281  0.00127452   0.00220115
-78.969597   -24.67799906  0.001274538  0.00220115
-78.832497   -24.63515531  0.001274555  0.002317
-78.695396   -24.59231125  0.00127457   0.002317
-78.558296   -24.5494675   0.001274585  0.00243285
-78.421204   -24.50662625  0.001274599  0.0025487
-78.284103   -24.46378219  0.001274612  0.00266455
-78.147003   -24.42093844  0.001274625  0.0027804
-78.009903   -24.37809469  0.001274637  0.00289625
-77.872803   -24.33525094  0.001274649  0.00312795
-77.735703   -24.29240719  0.001274661  0.00335965
-77.598602   -24.24956313  0.001274672  0.00359135
-77.461502   -24.20671938  0.001274683  0.0039389
-77.324402   -24.16387563  0.001274694  0.0041706
-77.187302   -24.12103188  0.001274704  0.00428645
-77.050201   -24.07818781  0.001274714  0.004634
-76.913101   -24.03534406  0.001274724  0.0048657
-76.776001   -23.99250031  0.001274733  0.0050974
-76.638901   -23.94965656  0.001274742  0.00544495
-76.501801   -23.90681281  0.001390638  0.00567665
-76.3647     -23.86396875  0.001390652  0.00590835
-76.2276     -23.821125    0.001390665  0.00614005
-76.0905     -23.77828125  0.001390677  0.0062559
-75.9534     -23.7354375   0.001390689  0.00660345
-75.816299   -23.69259344  0.0013907    0.0067193
-75.679199   -23.64974969  0.001390711  0.00683515
-75.542099   -23.60690594  0.001390721  0.006951
-75.404999   -23.56406219  0.001390731  0.0071827
-75.267899   -23.52121844  0.001390741  0.00729855
-75.130798   -23.47837438  0.001390751  0.00729855
-74.993698   -23.43553063  0.001390761  0.0074144
-74.856598   -23.39268688  0.00139077   0.0074144
-74.719498   -23.34984313  0.001390779  0.0076461
-74.582397   -23.30699906  0.001390788  0.0076461
-74.445297   -23.26415531  0.001390797  0.0076461
-74.308197   -23.22131156  0.001390806  0.00776195
-74.171097   -23.17846781  0.001390814  0.0076461
-74.033997   -23.13562406  0.001390823  0.0076461
-73.896896   -23.09278     0.001390831  0.00753025
-73.759804   -23.04993875  0.00139084   0.0074144
-73.622704   -23.007095    0.001390848  0.00729855
-73.485603   -22.96425094  0.001390856  0.00729855
-73.348503   -22.92140719  0.001390864  0.0071827
-73.211403   -22.87856344  0.001390871  0.0071827
-73.074303   -22.83571969  0.001390879  0.0071827
-72.937202   -22.79287563  0.001390887  0.0071827
-72.800102   -22.75003188  0.001390894  0.0071827
-72.663002   -22.70718813  0.001390902  0.00729855
-72.525902   -22.66434438  0.001390909  0.0071827
-72.388802   -22.62150063  0.001390916  0.0071827
-72.251701   -22.57865656  0.001390924  0.00706685
-72.114601   -22.53581281  0.001390931  0.00706685
-71.977501   -22.49296906  0.001390938  0.006951
-71.840401   -22.45012531  0.001390945  0.006951
-71.7033     -22.40728125  0.001390952  0.006951
-71.5662     -22.3644375   0.001390959  0.00683515
-71.4291     -22.32159375  0.001390965  0.0067193
-71.292      -22.27875     0.001390972  0.00660345
-71.1549     -22.23590625  0.001390979  0.00660345
-71.017799   -22.19306219  0.001390985  0.00637175
-70.880699   -22.15021844  0.001390992  0.0062559
-70.743599   -22.10737469  0.001390998  0.00614005
-70.606499   -22.06453094  0.001391005  0.00614005
-70.469398   -22.02168688  0.001391011  0.0060242
-70.332298   -21.97884313  0.001275099  0.00590835
-70.195198   -21.93599938  0.001275101  0.0057925
-70.058098   -21.89315563  0.001275104  0.00567665
-69.920998   -21.85031188  0.001275107  0.0055608
-69.783897   -21.80746781  0.00127511   0.0053291
-69.646797   -21.76462406  0.001275114  0.00521325
-69.509697   -21.72178031  0.001275118  0.0050974
-69.372597   -21.67893656  0.001275122  0.00498155
-69.235497   -21.63609281  0.001275126  0.00498155
-69.098396   -21.59324875  0.00127513   0.0048657
-68.961304   -21.5504075   0.001275134  0.00474985
-68.824203   -21.50756344  0.001275138  0.004634
-68.687103   -21.46471969  0.001275142  0.004634
-68.550003   -21.42187594  0.001275146  0.004634
-68.412903   -21.37903219  0.00127515   0.004634
-68.275803   -21.33618844  0.001275154  0.004634
-68.138702   -21.29334438  0.001275158  0.00474985
-68.001602   -21.25050063  0.001275162  0.00474985
-67.864502   -21.20765688  0.001275166  0.00498155
-67.727402   -21.16481313  0.001391095  0.0050974
-67.590302   -21.12196938  0.001391104  0.00521325
-67.453201   -21.07912531  0.001391111  0.0053291
-67.316101   -21.03628156  0.001391118  0.0055608
-67.179001   -20.99343781  0.001391124  0.0057925
-67.041901   -20.95059406  0.001391131  0.0060242
-66.9048     -20.90775     0.001391137  0.0062559
-66.7677     -20.86490625  0.001391143  0.00637175
-66.6306     -20.8220625   0.001391148  0.0067193
-66.4935     -20.77921875  0.001391154  0.00706685
-66.3564     -20.736375    0.00139116   0.00729855
-66.219299   -20.69353094  0.001391165  0.0076461
-66.082199   -20.65068719  0.001391171  0.0078778
-65.945099   -20.60784344  0.001391176  0.00822535
-65.807999   -20.56499969  0.001391181  0.00845705
-65.670898   -20.52215563  0.001507119  0.00892045
-65.533798   -20.47931188  0.001507129  0.009268
-65.396698   -20.43646813  0.001507138  0.0097314
-65.259598   -20.39362438  0.001507146  0.01007895
-65.122498   -20.35078063  0.001507153  0.01054235
-64.985397   -20.30793656  0.001507161  0.0108899
-64.848297   -20.26509281  0.001507168  0.0113533
-64.711197   -20.22224906  0.001507175  0.01170085
-64.574097   -20.17940531  0.001623119  0.0120484
-64.436996   -20.13656125  0.001623131  0.0122801
-64.299896   -20.0937175   0.001623142  0.01262765
-64.162804   -20.05087625  0.001623152  0.0129752
-64.025703   -20.00803219  0.001623161  0.0132069
-63.888599   -19.96518719  0.00162317   0.01332275
-63.751499   -19.92234344  0.001623179  0.0136703
-63.614399   -19.87949969  0.001623187  0.013902
-63.477299   -19.83665594  0.001623195  0.0141337
-63.340199   -19.79381219  0.001623203  0.0143654
-63.203098   -19.75096813  0.001623211  0.0145971
-63.066002   -19.70812563  0.001623219  0.0148288
-62.928902   -19.66528188  0.001623227  0.0150605
-62.791801   -19.62243781  0.001739179  0.0152922
-62.654701   -19.57959406  0.001739193  0.0155239
-62.517601   -19.53675031  0.001739204  0.01563975
-62.380501   -19.49390656  0.001739215  0.015987299
-62.243401   -19.45106281  0.001739225  0.01610315
-62.1063     -19.40821875  0.001739235  0.01633485
-61.9692     -19.365375    0.001739244  0.01633485
-61.8321     -19.32253125  0.001739254  0.016450699
-61.695      -19.2796875   0.001739263  0.01656655
-61.557899   -19.23684344  0.001739272  0.016682399
-61.420799   -19.19399969  0.001739281  0.01679825
-61.283699   -19.15115594  0.001739289  0.016682399
-61.146599   -19.10831219  0.001739298  0.01679825
-61.009499   -19.06546844  0.001739306  0.01679825
-60.872398   -19.02262438  0.001739314  0.016914099
-60.735298   -18.97978063  0.001855277  0.017145799
-60.598202   -18.93693813  0.001971247  0.017377499
-60.461102   -18.89409438  0.001971266  0.0176092
-60.324001   -18.85125031  0.001971282  0.01795675
-60.186901   -18.80840656  0.001971297  0.0183043
-60.049801   -18.76556281  0.001971311  0.018651851
-59.912701   -18.72271906  0.001971325  0.018883551
-59.7756     -18.679875    0.001971338  0.019115251
-59.6385     -18.63703125  0.00197135   0.019346951
-59.5014     -18.5941875   0.001971363  0.019578651
-59.3643     -18.55134375  0.001971375  0.019810351
-59.2272     -18.5085      0.00208735   0.019810351
-59.090099   -18.46565594  0.002087369  0.020042051
-58.952999   -18.42281219  0.002087385  0.020042051
-58.815899   -18.37996844  0.0020874    0.020042051
-58.678799   -18.33712469  0.002087414  0.0201579
-58.541698   -18.29428063  0.002087428  0.0201579
-58.404598   -18.25143688  0.002087442  0.020273751
-58.267502   -18.20859438  0.002087455  0.020273751
-58.130402   -18.16575063  0.002087468  0.0203896
-57.993301   -18.12290656  0.002087481  0.020505451
-57.856201   -18.08006281  0.002203466  0.0206213
-57.719101   -18.03721906  0.002203485  0.020737151
-57.582001   -17.99437531  0.002203502  0.020968851
-57.444901   -17.95153156  0.002203518  0.0210847
-57.3078     -17.9086875   0.002203534  0.0213164
-57.1707     -17.86584375  0.002319525  0.021663951
-57.0336     -17.823       0.002319547  0.0217798
-56.8965     -17.78015625  0.002319566  0.0220115
-56.759399   -17.73731219  0.002319585  0.0222432
-56.622299   -17.69446844  0.002435583  0.022590751
-56.485199   -17.65162469  0.002435608  0.0229383
-56.348099   -17.60878094  0.00243563   0.02317
-56.210999   -17.56593719  0.002435651  0.023517551
-56.073898   -17.52309313  0.002551655  0.023980949
-55.936798   -17.48024938  0.002667668  0.0243285
-55.799702   -17.43740688  0.002667701  0.0247919
-55.662601   -17.39456281  0.002667731  0.025139449
-55.525501   -17.35171906  0.002783748  0.025487
-55.388401   -17.30887531  0.002783783  0.025834549
-55.251301   -17.26603156  0.002783815  0.0261821
-55.114201   -17.22318781  0.002899838  0.0266455
-54.9771     -17.18034375  0.002899876  0.0271089
-54.84       -17.1375      0.00289991   0.0275723
-54.7029     -17.09465625  0.002899942  0.028151549
-54.5658     -17.0518125   0.003015972  0.028614949
-54.428699   -17.00896844  0.003132011  0.029078349
-54.291599   -16.96612469  0.003132057  0.02977345
-54.154499   -16.92328094  0.003248102  0.030352701
-54.017399   -16.88043719  0.003248151  0.031047801
-53.880299   -16.83759344  0.003248195  0.031742901
-53.743198   -16.79474938  0.003480254  0.032437999
-53.606098   -16.75190563  0.003480316  0.03324895
-53.469002   -16.70906313  0.003596384  0.033944052
-53.331902   -16.66621938  0.003596446  0.034754999
-53.194801   -16.62337531  0.003712519  0.035450101
-53.057701   -16.58053156  0.003828603  0.036145199
-52.920601   -16.53768781  0.003828675  0.037071999
-52.783501   -16.49484406  0.004060785  0.037767101
-52.6464     -16.452       0.004060873  0.038693901
-52.5093     -16.40915625  0.004060951  0.039620701
-52.3722     -16.3663125   0.004293082  0.040431648
-52.2351     -16.32346875  0.004293178  0.041358449
-52.098      -16.280625    0.004409299  0.042401101
-51.960899   -16.23778094  0.00452543   0.043212049
-51.823799   -16.19493719  0.004641571  0.044138849
-51.686699   -16.15209344  0.004757721  0.045065649
-51.549599   -16.10924969  0.00487388   0.045992449
-51.412498   -16.06640563  0.004990048  0.046919249
-51.275398   -16.02356188  0.004990174  0.047846049
-51.138302   -15.98071938  0.005222397  0.048657
-51.001202   -15.93787563  0.005222539  0.0495838
-50.864101   -15.89503156  0.005454787  0.0505106
-50.727001   -15.85218781  0.005454942  0.051321551
-50.589901   -15.80934406  0.005571149  0.052132498
-50.452801   -15.76650031  0.005687368  0.052943449
-50.315701   -15.72365656  0.005803598  0.053638551
-50.1786     -15.6808125   0.005803762  0.05433365
-50.0415     -15.63796875  0.00603607   0.054912899
-49.9044     -15.595125    0.006036252  0.055376299
-49.7673     -15.55228125  0.006152503  0.055839699
-49.630199   -15.50943719  0.00615268   0.056303099
-49.493099   -15.46659344  0.006268935  0.05665065
-49.355999   -15.42374969  0.006385206  0.056998201
-49.218899   -15.38090594  0.006501489  0.057345752
-49.081799   -15.33806219  0.006501682  0.05757745
-48.944698   -15.29521813  0.006617967  0.057925001
-48.807598   -15.25237438  0.006618159  0.058272552
-48.670502   -15.20953188  0.006850561  0.058620099
-48.533401   -15.16668781  0.006850775  0.058851801
-48.396301   -15.12384406  0.006967091  0.059083499
-48.259201   -15.08100031  0.0069673    0.05943105
-48.122101   -15.03815656  0.007199745  0.059778601
-47.985001   -14.99531281  0.007316105  0.05989445
-47.8479     -14.95246875  0.007316341  0.060242001
-47.7108     -14.909625    0.007432697  0.060473699
-47.5737     -14.86678125  0.007549068  0.060705401
-47.4366     -14.8239375   0.007665452  0.060937099
-47.2995     -14.78109375  0.007781849  0.061052948
-47.162399   -14.73824969  0.007782106  0.06128465
-47.025299   -14.69540594  0.007898501  0.06128465
-46.888199   -14.65256219  0.008014913  0.06128465
-46.751099   -14.60971844  0.008131339  0.06128465
-46.613998   -14.56687438  0.008247777  0.06128465
-46.476898   -14.52403063  0.008248057  0.061168801
-46.339802   -14.48118813  0.008364494  0.061052948
-46.202702   -14.43834438  0.008364771  0.060937099
-46.065601   -14.39550031  0.008481213  0.06082125
-45.928501   -14.35265656  0.008597674  0.060705401
-45.791401   -14.30981281  0.008714151  0.060589548
-45.654301   -14.26696906  0.00883064   0.060473699
-45.5172     -14.224125    0.008947143  0.06035785
-45.3801     -14.18128125  0.008947457  0.060242001
-45.243      -14.1384375   0.009063957  0.060242001
-45.1059     -14.09559375  0.009064267  0.060126148
-44.9688     -14.05275     0.009180773  0.059778601
-44.831699   -14.00990594  0.009181083  0.059662752
-44.694599   -13.96706219  0.009297596  0.05943105
-44.557499   -13.92421844  0.009414131  0.059199352
-44.420399   -13.88137469  0.009414453  0.059083499
-44.283298   -13.83853063  0.00953099   0.05896765
-44.146198   -13.79568688  0.009531311  0.058851801
-44.009102   -13.75284438  0.009647855  0.058735952
-43.872002   -13.71000063  0.009764421  0.058620099
-43.734901   -13.66715656  0.009764756  0.05850425
-43.597801   -13.62431281  0.009881324  0.05850425
-43.460701   -13.58146906  0.009997912  0.058388401
-43.323601   -13.53862531  0.010114517  0.058388401
-43.186501   -13.49578156  0.010231137  0.05850425
-43.0494     -13.4529375   0.010231503  0.058388401
-42.9123     -13.41009375  0.010348121  0.058388401
-42.7752     -13.36725     0.010348483  0.058388401
-42.6381     -13.32440625  0.010465107  0.058388401
-42.500999   -13.28156219  0.010465469  0.05850425
-42.363899   -13.23871844  0.010582101  0.058620099
-42.226799   -13.19587469  0.010582464  0.058735952
-42.089699   -13.15303094  0.010699105  0.05896765
-41.952599   -13.11018719  0.01069947   0.059199352
-41.815498   -13.06734313  0.01081612   0.059315201
-41.678398   -13.02449938  0.010816487  0.059546899
-41.541302   -12.98165688  0.011049458  0.059778601
-41.404202   -12.93881313  0.011049858  0.060010299
-41.267101   -12.89596906  0.011166552  0.06035785
-41.130001   -12.85312531  0.011166944  0.060589548
-40.992901   -12.81028156  0.011283643  0.061052948
-40.855801   -12.76743781  0.011284035  0.061400499
-40.7187     -12.72459375  0.011400742  0.061863899
-40.5816     -12.68175     0.011517473  0.062443148
-40.4445     -12.63890625  0.011517879  0.063022397
-40.3074     -12.5960625   0.011634612  0.063485801
-40.1703     -12.55321875  0.011751367  0.064065047
-40.033199   -12.51037469  0.011751786  0.064760149
-39.896099   -12.46753094  0.011868542  0.06545525
-39.758999   -12.42468719  0.011985321  0.066034503
-39.621899   -12.38184344  0.012102117  0.066845447
-39.484798   -12.33899938  0.012102559  0.0674247
-39.347698   -12.29615563  0.012219353  0.068003953
-39.210602   -12.25331313  0.01221979   0.068583198
-39.073502   -12.21046938  0.012336591  0.0692783
-38.936401   -12.16762531  0.012337028  0.069741704
-38.799301   -12.12478156  0.012453837  0.070436798
-38.662201   -12.08193781  0.012570669  0.071016051
-38.525101   -12.03909406  0.012571121  0.071595304
-38.388      -11.99625     0.012687956  0.072174549
-38.2509     -11.95340625  0.012688406  0.072637953
-38.1138     -11.9105625   0.012805247  0.0729855
-37.9767     -11.86771875  0.012805698  0.073333047
-37.8396     -11.824875    0.01280613   0.073564753
-37.702499   -11.78203094  0.012922973  0.0739123
-37.565399   -11.73918719  0.012923415  0.074259847
-37.428299   -11.69634344  0.01292384   0.074607402
-37.291199   -11.65349969  0.012924253  0.074954949
-37.154099   -11.61065594  0.013041094  0.075302497
-37.016998   -11.56781188  0.013041522  0.075650051
-36.879902   -11.52496938  0.013041935  0.076113448
-36.742802   -11.48212563  0.013042338  0.076576851
-36.605701   -11.43928156  0.013159185  0.076924399
-36.468601   -11.39643781  0.013043148  0.077503651
-36.331501   -11.35359406  0.01315998   0.077851199
-36.194401   -11.31075031  0.013276846  0.078314602
-36.057301   -11.26790656  0.013277271  0.078893848
-35.9202     -11.2250625   0.013394149  0.079473101
-35.7831     -11.18221875  0.013278104  0.079936497
-35.646      -11.139375    0.01339496   0.080631599
-35.5089     -11.09653125  0.01339537   0.081210852
-35.371799   -11.05368719  0.013512251  0.081558399
-35.234699   -11.01084344  0.013512672  0.082137652
-35.097599   -10.96799969  0.013629569  0.082601048
-34.960499   -10.92515594  0.01462021   0.10339613
-34.823399   -10.88231219  0.014679179  0.10351197
-34.686298   -10.83946813  0.014621568  0.10374367
-34.549198   -10.79662438  0.014563887  0.10391745
-34.412102   -10.75378188  0.014622674  0.1040333
-34.275002   -10.71093813  0.014623205  0.10414915
-34.137901   -10.66809406  0.014681979  0.10420708
-34.000801   -10.62525031  0.014682494  0.104265
-33.863701   -10.58240656  0.014682992  0.104265
-33.726601   -10.53956281  0.014625209  0.10438085
-33.5895     -10.49671875  0.014683935  0.10443877
-33.4524     -10.453875    0.014684404  0.10443877
-33.3153     -10.41103125  0.014743134  0.10455462
-33.1782     -10.3681875   0.0147436    0.10461255
-33.0411     -10.32534375  0.014802331  0.10461255
-32.903999   -10.28249969  0.014744514  0.10461255
-32.766899   -10.23965594  0.014803227  0.10478633
-32.629799   -10.19681219  0.014861954  0.10484425
-32.492699   -10.15396844  0.014862407  0.10501803
-32.355598   -10.11112438  0.014921132  0.1051918
-32.218498   -10.06828063  0.014921581  0.10530765
-32.081402   -10.02543813  0.014980307  0.10559727
-31.9443     -9.98259375   0.015039044  0.1058869
-31.807199   -9.939749688  0.015097788  0.1061186
-31.670099   -9.896905938  0.015098243  0.10652407
-31.533001   -9.854062813  0.015331869  0.1068137
-31.395901   -9.811219063  0.01539067   0.10721917
-31.258801   -9.768375313  0.015449465  0.10762465
-31.1217     -9.72553125   0.015508259  0.1079722
-30.9846     -9.6826875    0.015567053  0.10831975
-30.8475     -9.63984375   0.015684156  0.10878315
-30.7104     -9.597        0.015684667  0.1091307
-30.573299   -9.554155938  0.015860083  0.10953618
-30.436199   -9.511312188  0.015918925  0.10994165
-30.299101   -9.468469063  0.015919447  0.11034713
-30.162001   -9.425625313  0.016036577  0.11081053
-30.0249     -9.38278125   0.016212051  0.11133185
-29.8878     -9.3399375    0.016270927  0.1116794
-29.7507     -9.29709375   0.016388117  0.1121428
-29.6136     -9.25425      0.016447001  0.1126062
-29.4765     -9.21140625   0.016564204  0.11312752
-29.339399   -9.168562188  0.0166231    0.11359093
-29.202299   -9.125718438  0.016681994  0.11411225
-29.065201   -9.082875313  0.016857546  0.11457565
-28.928101   -9.040031563  0.016974807  0.11509698
-28.791      -8.9971875    0.01709208   0.11567622
-28.6539     -8.95434375   0.017092694  0.11625548
-28.5168     -8.9115       0.017268295  0.11671887
-28.3797     -8.86865625   0.017327257  0.1172402
-28.242599   -8.825812188  0.017502897  0.11781945
-28.105499   -8.782968438  0.017561886  0.11834078
-27.968399   -8.740124688  0.017679212  0.11880417
-27.831301   -8.697281563  0.017738204  0.1193255
-27.694201   -8.654437813  0.017972243  0.1197889
-27.5571     -8.61159375   0.018031284  0.12031022
-27.42       -8.56875      0.018148665  0.12077362
-27.2829     -8.52590625   0.018266058  0.12129495
-27.1458     -8.4830625    0.018325107  0.12181627
-27.008699   -8.440218438  0.018442506  0.12227967
-26.871599   -8.397374688  0.018559922  0.122801
-26.734501   -8.354531563  0.018677354  0.12332232
-26.597401   -8.311687813  0.0187948    0.12384365
-26.4603     -8.26884375   0.018912256  0.1244229
-26.3232     -8.226        0.018971352  0.12494422
-26.1861     -8.18315625   0.019205564  0.12552348
-26.049      -8.1403125    0.019323085  0.12616065
-25.9119     -8.09746875   0.019382228  0.12691368
-25.774799   -8.054624688  0.019616504  0.12760878
-25.637699   -8.011780938  0.019734073  0.12841973
-25.500601   -7.968937813  0.01991003   0.1290569
-25.363501   -7.926094063  0.02002763   0.12969407
-25.2264     -7.88325      0.020203625  0.1304471
-25.0893     -7.84040625   0.020379649  0.1311422
-24.9522     -7.7975625    0.020497306  0.13183731
-24.8151     -7.75471875   0.020614963  0.13259032
-24.677999   -7.711874688  0.020791029  0.13334335
-24.540899   -7.669030938  0.020967126  0.13409637
-24.403799   -7.626187188  0.021084843  0.1348494
-24.266701   -7.583344063  0.02131938   0.13566035
-24.129601   -7.540500313  0.021495562  0.13635544
-23.9925     -7.49765625   0.021554934  0.1371664
-23.8554     -7.4548125    0.021731113  0.13791943
-23.7183     -7.41196875   0.021965745  0.1385566
-23.5812     -7.369125     0.022083587  0.13930963
-23.444099   -7.326280938  0.022318269  0.1399468
-23.306999   -7.283437188  0.02249458   0.14069982
-23.169901   -7.240594063  0.02267091   0.14133701
-23.032801   -7.197750313  0.022788826  0.14191625
-22.8957     -7.15490625   0.022965174  0.14261135
-22.7586     -7.1120625    0.02314155   0.14324853
-22.6215     -7.06921875   0.023376391  0.14382778
-22.4844     -7.026375     0.023494395  0.14452288
-22.3473     -6.98353125   0.023729278  0.14510213
-22.210199   -6.940687188  0.023964218  0.14579722
-22.073099   -6.897843438  0.024082295  0.1464344
-21.936001   -6.855000313  0.024317269  0.14707157
-21.798901   -6.812156563  0.024493836  0.14770874
-21.6618     -6.7693125    0.0248458    0.14840385
-21.5247     -6.72646875   0.024964013  0.14904103
-21.3876     -6.683625     0.025257597  0.1496782
-21.2505     -6.64078125   0.025434316  0.15037329
-21.1134     -6.5979375    0.025669514  0.15112633
-20.976299   -6.555093438  0.025963227  0.15182142
-20.839199   -6.512249688  0.026198529  0.15263237
-20.702101   -6.469406563  0.026433862  0.15344332
-20.565001   -6.426562813  0.026669227  0.15431219
-20.4279     -6.38371875   0.026963114  0.15518108
-20.2908     -6.340875     0.027257066  0.15599202
-20.1537     -6.29803125   0.027551071  0.15697674
-20.0166     -6.2551875    0.027845135  0.15784563
-19.879499   -6.212343438  0.028080749  0.15877242
-19.742399   -6.169499688  0.028433393  0.15981507
-19.605301   -6.126656563  0.028727619  0.16085772
-19.468201   -6.083812813  0.02902189   0.16190037
-19.3311     -6.04096875   0.029374725  0.16294302
-19.194      -5.998125     0.029669123  0.16392775
-19.0569     -5.95528125   0.029963562  0.16491248
-18.9198     -5.9124375    0.030199521  0.16589721
-18.7827     -5.86959375   0.030611084  0.16688193
-18.645599   -5.826749688  0.030847166  0.16780873
-18.508499   -5.783905938  0.03125886   0.1686776
-18.371401   -5.741062813  0.031553592  0.16966233
-18.234301   -5.698219063  0.031906898  0.1705312
-18.0972     -5.655375     0.032143186  0.17140007
-17.9601     -5.61253125   0.03249658   0.17232688
-17.823      -5.5696875    0.032791497  0.17313783
-17.6859     -5.52684375   0.033086456  0.1740067
-17.5488     -5.484        0.033381458  0.17481765
-17.411699   -5.441155938  0.033735067  0.1756286
-17.274599   -5.398312188  0.034030187  0.1765554
-17.137501   -5.355469063  0.034266766  0.17730843
-17.000401   -5.312625313  0.034620512  0.17811938
-16.8633     -5.26978125   0.034915761  0.17893033
-16.7262     -5.2269375    0.035152457  0.1797992
-16.5891     -5.18409375   0.035447755  0.18049429
-16.452      -5.14125      0.035743104  0.1811894
-16.314899   -5.098405938  0.036038495  0.1818845
-16.177799   -5.055562188  0.036275332  0.18246375
-16.040701   -5.012719063  0.036570781  0.18310092
-15.9036     -4.969875     0.036866285  0.1837381
-15.7665     -4.92703125   0.037103218  0.18431735
-15.6294     -4.8841875    0.037340165  0.18501246
-15.4923     -4.84134375   0.037577124  0.1855917
-15.3552     -4.7985       0.037931357  0.18605509
-15.2181     -4.75565625   0.038168424  0.18663435
-15.081      -4.7128125    0.038405492  0.18715568
-14.9439     -4.66996875   0.03864258   0.187677
-14.8068     -4.627125     0.038938323  0.18825625
-14.6697     -4.58428125   0.039234126  0.1888355
-14.5326     -4.5414375    0.039471325  0.18935682
-14.3955     -4.49859375   0.039649884  0.18999399
-14.2584     -4.45575      0.039945734  0.19051532
-14.1213     -4.41290625   0.040124328  0.19109458
-13.9842     -4.3700625    0.040361562  0.19167383
-13.8471     -4.32721875   0.040716163  0.19225307
-13.71       -4.284375     0.040953513  0.19289026
-13.5729     -4.24153125   0.041190873  0.19335365
-13.4358     -4.1986875    0.041428247  0.19393291
-13.2987     -4.15584375   0.041606952  0.19445422
-13.1616     -4.113        0.04184433   0.19503348
-13.0245     -4.07015625   0.042140423  0.19549687
-12.8874     -4.0273125    0.042377884  0.1960182
-12.7503     -3.98446875   0.042497959  0.19642368
-12.6132     -3.941625     0.042735383  0.19682916
-12.4761     -3.89878125   0.042914139  0.19717669
-12.339      -3.8559375    0.043210301  0.19758217
-12.2019     -3.81309375   0.043389108  0.1978718
-12.0648     -3.77025      0.043567893  0.19827728
-11.9277     -3.72740625   0.043805389  0.19868276
-11.7906     -3.6845625    0.04392547   0.19914615
-11.6535     -3.64171875   0.044162962  0.19943577
-11.5164     -3.598875     0.044341758  0.19978333
-11.3793     -3.55603125   0.044520552  0.2001888
-11.2422     -3.5131875    0.044758076  0.20053636
-11.1051     -3.47034375   0.044995638  0.20099975
-10.968      -3.4275       0.045174479  0.20134731
-10.8309     -3.38465625   0.045353311  0.2018107
-10.6938     -3.3418125    0.045590885  0.20215824
-10.5567     -3.29896875   0.045828495  0.20262165
-10.4196     -3.256125     0.046007368  0.20296919
-10.2825     -3.21328125   0.046244989  0.2034326
-10.1454     -3.1704375    0.046482642  0.20383808
-10.0083     -3.12759375   0.046661546  0.20430148
-9.8711996   -3.084749875  0.046781668  0.20464903
-9.7341003   -3.041906344  0.047019291  0.20517035
-9.5970001   -2.999062531  0.047256954  0.20563374
-9.4598999   -2.956218719  0.047377079  0.20603922
-9.3227997   -2.913374906  0.047614723  0.20650263
-9.1857004   -2.870531375  0.047734833  0.20702395
-9.0486002   -2.827687563  0.047972474  0.20742942
-8.9115      -2.78484375   0.048151358  0.20795076
-8.7743998   -2.741999938  0.048389032  0.20835623
-8.6372995   -2.699156094  0.048509133  0.20876171
-8.5002003   -2.656312594  0.048746795  0.20916717
-8.3631001   -2.613468781  0.048808073  0.20963058
-8.2259998   -2.570624938  0.048928082  0.20997812
-8.0888996   -2.527781125  0.049165691  0.21038359
-7.9517999   -2.484937469  0.049226896  0.21078908
-7.8147001   -2.442093781  0.049405669  0.21102078
-7.6775999   -2.399249969  0.049525632  0.21142624
-7.5405002   -2.356406313  0.049645566  0.2117738
-7.4033999   -2.313562469  0.049706656  0.21206343
-7.2663002   -2.270718813  0.049885343  0.21241097
-7.1292      -2.227875     0.049946389  0.21270061
-6.9920998   -2.185031188  0.050066212  0.21304815
-6.855       -2.1421875    0.050244861  0.21333778
-6.7178998   -2.099343688  0.050305846  0.21368532
-6.5808001   -2.056500031  0.050484455  0.21403287
-6.4436998   -2.013656188  0.05060424   0.21420665
-6.3066001   -1.970812531  0.050606313  0.21449627
-6.1694999   -1.927968719  0.050726001  0.21467005
-6.0324001   -1.885125031  0.050845689  0.21484382
-5.8952999   -1.842281219  0.050906509  0.2150176
-5.7582002   -1.799437563  0.051026141  0.21519138
-5.6210999   -1.756593719  0.051028054  0.21530722
-5.4840002   -1.713750063  0.051147614  0.21553893
-5.3469      -1.67090625   0.051267174  0.2157127
-5.2097998   -1.628062438  0.051269001  0.21594439
-5.0727      -1.58521875   0.051388495  0.21606025
-4.9355998   -1.542374938  0.051449119  0.21629195
-4.7985001   -1.499531281  0.051509709  0.21646573
-4.6613998   -1.456687438  0.051570269  0.21669742
-4.5243001   -1.413843781  0.051630804  0.2168712
-4.3871999   -1.370999969  0.051691308  0.21704498
-4.2501001   -1.328156281  0.051810661  0.21727668
-4.1129999   -1.285312469  0.051930011  0.21750838
-3.9758999   -1.242468719  0.051931597  0.21762423
-3.8388      -1.199625     0.051933125  0.21779799
-3.7017      -1.15678125   0.052052372  0.21785593
-3.5646      -1.1139375    0.052053856  0.21802969
-3.4275      -1.07109375   0.052114177  0.21814555
-3.2904      -1.02825      0.052174484  0.21820347
-3.1533      -0.98540625   0.052234766  0.21837725
-3.0162001   -0.942562531  0.052295028  0.2184931
-2.8791001   -0.899718781  0.05235527   0.21860895
-2.7420001   -0.856875031  0.052415493  0.21878272
-2.6048999   -0.814031219  0.052416802  0.21884064
-2.4677999   -0.771187469  0.052418074  0.2189565
-2.3306999   -0.728343719  0.052478213  0.21913028
-2.1935999   -0.685499969  0.052479445  0.2191882
-2.0565      -0.64265625   0.052539549  0.21924612
-1.9194      -0.5998125    0.052540745  0.21930405
-1.7823      -0.55696875   0.052600821  0.21930405
-1.6452      -0.514125     0.052543087  0.21936198
-1.5081      -0.47128125   0.052603132  0.21936198
-1.3710001   -0.428437531  0.052545372  0.2194199
-1.2339      -0.38559375   0.052605412  0.21936198
-1.0968      -0.34275      0.05260656   0.2194199
-0.95969999  -0.299906247  0.052607718  0.2194199
-0.82260001  -0.257062503  0.052608899  0.21947782
-0.68550003  -0.214218759  0.05261012   0.21947782
-0.54839998  -0.171374994  0.052552486  0.21947783
-0.4113      -0.12853125   0.052671698  0.21953575
-0.27419999  -0.085687497  0.052673275  0.21947783
-0.1371      -0.04284375   0.052675199  0.21947783
0            0             0.052560373  0.21953575
0.1371       0.04284375    0.052675199  0.21947783
0.27419999   0.085687497   0.052673275  0.21947783
0.4113       0.12853125    0.052671698  0.21953575
0.54839998   0.171374994   0.052552486  0.21947783
0.68550003   0.214218759   0.05261012   0.21947782
0.82260001   0.257062503   0.052608899  0.21947782
0.95969999   0.299906247   0.052607718  0.2194199
1.0968       0.34275       0.05260656   0.2194199
1.2339       0.38559375    0.052605412  0.21936198
1.3710001    0.428437531   0.052545372  0.2194199
1.5081       0.47128125    0.052603132  0.21936198
1.6452       0.514125      0.052543087  0.21936198
1.7823       0.55696875    0.052600821  0.21930405
1.9194       0.5998125     0.052540745  0.21930405
2.0565       0.64265625    0.052539549  0.21924612
2.1935999    0.685499969   0.052479445  0.2191882
2.3306999    0.728343719   0.052478213  0.21913028
2.4677999    0.771187469   0.052418074  0.2189565
2.6048999    0.814031219   0.052416802  0.21884064
2.7420001    0.856875031   0.052415493  0.21878272
2.8791001    0.899718781   0.05235527   0.21860895
3.0162001    0.942562531   0.052295028  0.2184931
3.1533       0.98540625    0.052234766  0.21837725
3.2904       1.02825       0.052174484  0.21820347
3.4275       1.07109375    0.052114177  0.21814555
3.5646       1.1139375     0.052053856  0.21802969
3.7017       1.15678125    0.052052372  0.21785593
3.8388       1.199625      0.051933125  0.21779799
3.9758999    1.242468719   0.051931597  0.21762423
4.1129999    1.285312469   0.051930011  0.21750838
4.2501001    1.328156281   0.051810661  0.21727668
4.3871999    1.370999969   0.051691308  0.21704498
4.5243001    1.413843781   0.051630804  0.2168712
4.6613998    1.456687438   0.051570269  0.21669742
4.7985001    1.499531281   0.051509709  0.21646573
4.9355998    1.542374938   0.051449119  0.21629195
5.0727       1.58521875    0.051388495  0.21606025
5.2097998    1.628062438   0.051269001  0.21594439
5.3469       1.67090625    0.051267174  0.2157127
5.4840002    1.713750063   0.051147614  0.21553893
5.6210999    1.756593719   0.051028054  0.21530722
5.7582002    1.799437563   0.051026141  0.21519138
5.8952999    1.842281219   0.050906509  0.2150176
6.0324001    1.885125031   0.050845689  0.21484382
6.1694999    1.927968719   0.050726001  0.21467005
6.3066001    1.970812531   0.050606313  0.21449627
6.4436998    2.013656188   0.05060424   0.21420665
6.5808001    2.056500031   0.050484455  0.21403287
6.7178998    2.099343688   0.050305846  0.21368532
6.855        2.1421875     0.050244861  0.21333778
6.9920998    2.185031188   0.050066212  0.21304815
7.1292       2.227875      0.049946389  0.21270061
7.2663002    2.270718813   0.049885343  0.21241097
7.4033999    2.313562469   0.049706656  0.21206343
7.5405002    2.356406313   0.049645566  0.2117738
7.6775999    2.399249969   0.049525632  0.21142624
7.8147001    2.442093781   0.049405669  0.21102078
7.9517999    2.484937469   0.049226896  0.21078908
8.0888996    2.527781125   0.049165691  0.21038359
8.2259998    2.570624938   0.048928082  0.20997812
8.3631001    2.613468781   0.048808073  0.20963058
8.5002003    2.656312594   0.048746795  0.20916717
8.6372995    2.699156094   0.048509133  0.20876171
8.7743998    2.741999938   0.048389032  0.20835623
8.9115       2.78484375    0.048151358  0.20795076
9.0486002    2.827687563   0.047972474  0.20742942
9.1857004    2.870531375   0.047734833  0.20702395
9.3227997    2.913374906   0.047614723  0.20650263
9.4598999    2.956218719   0.047377079  0.20603922
9.5970001    2.999062531   0.047256954  0.20563374
9.7341003    3.041906344   0.047019291  0.20517035
9.8711996    3.084749875   0.046781668  0.20464903
10.0083      3.12759375    0.046661546  0.20430148
10.1454      3.1704375     0.046482642  0.20383808
10.2825      3.21328125    0.046244989  0.2034326
10.4196      3.256125      0.046007368  0.20296919
10.5567      3.29896875    0.045828495  0.20262165
10.6938      3.3418125     0.045590885  0.20215824
10.8309      3.38465625    0.045353311  0.2018107
10.968       3.4275        0.045174479  0.20134731
11.1051      3.47034375    0.044995638  0.20099975
11.2422      3.5131875     0.044758076  0.20053636
11.3793      3.55603125    0.044520552  0.2001888
11.5164      3.598875      0.044341758  0.19978333
11.6535      3.64171875    0.044162962  0.19943577
11.7906      3.6845625     0.04392547   0.19914615
11.9277      3.72740625    0.043805389  0.19868276
12.0648      3.77025       0.043567893  0.19827728
12.2019      3.81309375    0.043389108  0.1978718
12.339       3.8559375     0.043210301  0.19758217
12.4761      3.89878125    0.042914139  0.19717669
12.6132      3.941625      0.042735383  0.19682916
12.7503      3.98446875    0.042497959  0.19642368
12.8874      4.0273125     0.042377884  0.1960182
13.0245      4.07015625    0.042140423  0.19549687
13.1616      4.113         0.04184433   0.19503348
13.2987      4.15584375    0.041606952  0.19445422
13.4358      4.1986875     0.041428247  0.19393291
13.5729      4.24153125    0.041190873  0.19335365
13.71        4.284375      0.040953513  0.19289026
13.8471      4.32721875    0.040716163  0.19225307
13.9842      4.3700625     0.040361562  0.19167383
14.1213      4.41290625    0.040124328  0.19109458
14.2584      4.45575       0.039945734  0.19051532
14.3955      4.49859375    0.039649884  0.18999399
14.5326      4.5414375     0.039471325  0.18935682
14.6697      4.58428125    0.039234126  0.1888355
14.8068      4.627125      0.038938323  0.18825625
14.9439      4.66996875    0.03864258   0.187677
15.081       4.7128125     0.038405492  0.18715568
15.2181      4.75565625    0.038168424  0.18663435
15.3552      4.7985        0.037931357  0.18605509
15.4923      4.84134375    0.037577124  0.1855917
15.6294      4.8841875     0.037340165  0.18501246
15.7665      4.92703125    0.037103218  0.18431735
15.9036      4.969875      0.036866285  0.1837381
16.040701    5.012719063   0.036570781  0.18310092
16.177799    5.055562188   0.036275332  0.18246375
16.314899    5.098405938   0.036038495  0.1818845
16.452       5.14125       0.035743104  0.1811894
16.5891      5.18409375    0.035447755  0.18049429
16.7262      5.2269375     0.035152457  0.1797992
16.8633      5.26978125    0.034915761  0.17893033
17.000401    5.312625313   0.034620512  0.17811938
17.137501    5.355469063   0.034266766  0.17730843
17.274599    5.398312188   0.034030187  0.1765554
17.411699    5.441155938   0.033735067  0.1756286
17.5488      5.484         0.033381458  0.17481765
17.6859      5.52684375    0.033086456  0.1740067
17.823       5.5696875     0.032791497  0.17313783
17.9601      5.61253125    0.03249658   0.17232688
18.0972      5.655375      0.032143186  0.17140007
18.234301    5.698219063   0.031906898  0.1705312
18.371401    5.741062813   0.031553592  0.16966233
18.508499    5.783905938   0.03125886   0.1686776
18.645599    5.826749688   0.030847166  0.16780873
18.7827      5.86959375    0.030611084  0.16688193
18.9198      5.9124375     0.030199521  0.16589721
19.0569      5.95528125    0.029963562  0.16491248
19.194       5.998125      0.029669123  0.16392775
19.3311      6.04096875    0.029374725  0.16294302
19.468201    6.083812813   0.02902189   0.16190037
19.605301    6.126656563   0.028727619  0.16085772
19.742399    6.169499688   0.028433393  0.15981507
19.879499    6.212343438   0.028080749  0.15877242
20.0166      6.2551875     0.027845135  0.15784563
20.1537      6.29803125    0.027551071  0.15697674
20.2908      6.340875      0.027257066  0.15599202
20.4279      6.38371875    0.026963114  0.15518108
20.565001    6.426562813   0.026669227  0.15431219
20.702101    6.469406563   0.026433862  0.15344332
20.839199    6.512249688   0.026198529  0.15263237
20.976299    6.555093438   0.025963227  0.15182142
21.1134      6.5979375     0.025669514  0.15112633
21.2505      6.64078125    0.025434316  0.15037329
21.3876      6.683625      0.025257597  0.1496782
21.5247      6.72646875    0.024964013  0.14904103
21.6618      6.7693125     0.0248458    0.14840385
21.798901    6.812156563   0.024493836  0.14770874
21.936001    6.855000313   0.024317269  0.14707157
22.073099    6.897843438   0.024082295  0.1464344
22.210199    6.940687188   0.023964218  0.14579722
22.3473      6.98353125    0.023729278  0.14510213
22.4844      7.026375      0.023494395  0.14452288
22.6215      7.06921875    0.023376391  0.14382778
22.7586      7.1120625     0.02314155   0.14324853
22.8957      7.15490625    0.022965174  0.14261135
23.032801    7.197750313   0.022788826  0.14191625
23.169901    7.240594063   0.02267091   0.14133701
23.306999    7.283437188   0.02249458   0.14069982
23.444099    7.326280938   0.022318269  0.1399468
23.5812      7.369125      0.022083587  0.13930963
23.7183      7.41196875    0.021965745  0.1385566
23.8554      7.4548125     0.021731113  0.13791943
23.9925      7.49765625    0.021554934  0.1371664
24.129601    7.540500313   0.021495562  0.13635544
24.266701    7.583344063   0.02131938   0.13566035
24.403799    7.626187188   0.021084843  0.1348494
24.540899    7.669030938   0.020967126  0.13409637
24.677999    7.711874688   0.020791029  0.13334335
24.8151      7.75471875    0.020614963  0.13259032
24.9522      7.7975625     0.020497306  0.13183731
25.0893      7.84040625    0.020379649  0.1311422
25.2264      7.88325       0.020203625  0.1304471
25.363501    7.926094063   0.02002763   0.12969407
25.500601    7.968937813   0.01991003   0.1290569
25.637699    8.011780938   0.019734073  0.12841973
25.774799    8.054624688   0.019616504  0.12760878
25.9119      8.09746875    0.019382228  0.12691368
26.049       8.1403125     0.019323085  0.12616065
26.1861      8.18315625    0.019205564  0.12552348
26.3232      8.226         0.018971352  0.12494422
26.4603      8.26884375    0.018912256  0.1244229
26.597401    8.311687813   0.0187948    0.12384365
26.734501    8.354531563   0.018677354  0.12332232
26.871599    8.397374688   0.018559922  0.122801
27.008699    8.440218438   0.018442506  0.12227967
27.1458      8.4830625     0.018325107  0.12181627
27.2829      8.52590625    0.018266058  0.12129495
27.42        8.56875       0.018148665  0.12077362
27.5571      8.61159375    0.018031284  0.12031022
27.694201    8.654437813   0.017972243  0.1197889
27.831301    8.697281563   0.017738204  0.1193255
27.968399    8.740124688   0.017679212  0.11880417
28.105499    8.782968438   0.017561886  0.11834078
28.242599    8.825812188   0.017502897  0.11781945
28.3797      8.86865625    0.017327257  0.1172402
28.5168      8.9115        0.017268295  0.11671887
28.6539      8.95434375    0.017092694  0.11625548
28.791       8.9971875     0.01709208   0.11567622
28.928101    9.040031563   0.016974807  0.11509698
29.065201    9.082875313   0.016857546  0.11457565
29.202299    9.125718438   0.016681994  0.11411225
29.339399    9.168562188   0.0166231    0.11359093
29.4765      9.21140625    0.016564204  0.11312752
29.6136      9.25425       0.016447001  0.1126062
29.7507      9.29709375    0.016388117  0.1121428
29.8878      9.3399375     0.016270927  0.1116794
30.0249      9.38278125    0.016212051  0.11133185
30.162001    9.425625313   0.016036577  0.11081053
30.299101    9.468469063   0.015919447  0.11034713
30.436199    9.511312188   0.015918925  0.10994165
30.573299    9.554155938   0.015860083  0.10953618
30.7104      9.597         0.015684667  0.1091307
30.8475      9.63984375    0.015684156  0.10878315
30.9846      9.6826875     0.015567053  0.10831975
31.1217      9.72553125    0.015508259  0.1079722
31.258801    9.768375313   0.015449465  0.10762465
31.395901    9.811219063   0.01539067   0.10721917
31.533001    9.854062813   0.015331869  0.1068137
31.670099    9.896905938   0.015098243  0.10652407
31.807199    9.939749688   0.015097788  0.1061186
31.9443      9.98259375    0.015039044  0.1058869
32.081402    10.02543813   0.014980307  0.10559727
32.218498    10.06828063   0.014921581  0.10530765
32.355598    10.11112438   0.014921132  0.1051918
32.492699    10.15396844   0.014862407  0.10501803
32.629799    10.19681219   0.014861954  0.10484425
32.766899    10.23965594   0.014803227  0.10478633
32.903999    10.28249969   0.014744514  0.10461255
33.0411      10.32534375   0.014802331  0.10461255
33.1782      10.3681875    0.0147436    0.10461255
33.3153      10.41103125   0.014743134  0.10455462
33.4524      10.453875     0.014684404  0.10443877
33.5895      10.49671875   0.014683935  0.10443877
33.726601    10.53956281   0.014625209  0.10438085
33.863701    10.58240656   0.014682992  0.104265
34.000801    10.62525031   0.014682494  0.104265
34.137901    10.66809406   0.014681979  0.10420708
34.275002    10.71093813   0.014623205  0.10414915
34.412102    10.75378188   0.014622674  0.1040333
34.549198    10.79662438   0.014563887  0.10391745
34.686298    10.83946813   0.014621568  0.10374367
34.823399    10.88231219   0.014679179  0.10351197
34.960499    10.92515594   0.01462021   0.10339613
35.097599    10.96799969   0.013629569  0.082601048
35.234699    11.01084344   0.013512672  0.082137652
35.371799    11.05368719   0.013512251  0.081558399
35.5089      11.09653125   0.01339537   0.081210852
35.646       11.139375     0.01339496   0.080631599
35.7831      11.18221875   0.013278104  0.079936497
35.9202      11.2250625    0.013394149  0.079473101
36.057301    11.26790656   0.013277271  0.078893848
36.194401    11.31075031   0.013276846  0.078314602
36.331501    11.35359406   0.01315998   0.077851199
36.468601    11.39643781   0.013043148  0.077503651
36.605701    11.43928156   0.013159185  0.076924399
36.742802    11.48212563   0.013042338  0.076576851
36.879902    11.52496938   0.013041935  0.076113448
37.016998    11.56781188   0.013041522  0.075650051
37.154099    11.61065594   0.013041094  0.075302497
37.291199    11.65349969   0.012924253  0.074954949
37.428299    11.69634344   0.01292384   0.074607402
37.565399    11.73918719   0.012923415  0.074259847
37.702499    11.78203094   0.012922973  0.0739123
37.8396      11.824875     0.01280613   0.073564753
37.9767      11.86771875   0.012805698  0.073333047
38.1138      11.9105625    0.012805247  0.0729855
38.2509      11.95340625   0.012688406  0.072637953
38.388       11.99625      0.012687956  0.072174549
38.525101    12.03909406   0.012571121  0.071595304
38.662201    12.08193781   0.012570669  0.071016051
38.799301    12.12478156   0.012453837  0.070436798
38.936401    12.16762531   0.012337028  0.069741704
39.073502    12.21046938   0.012336591  0.0692783
39.210602    12.25331313   0.01221979   0.068583198
39.347698    12.29615563   0.012219353  0.068003953
39.484798    12.33899938   0.012102559  0.0674247
39.621899    12.38184344   0.012102117  0.066845447
39.758999    12.42468719   0.011985321  0.066034503
39.896099    12.46753094   0.011868542  0.06545525
40.033199    12.51037469   0.011751786  0.064760149
40.1703      12.55321875   0.011751367  0.064065047
40.3074      12.5960625    0.011634612  0.063485801
40.4445      12.63890625   0.011517879  0.063022397
40.5816      12.68175      0.011517473  0.062443148
40.7187      12.72459375   0.011400742  0.061863899
40.855801    12.76743781   0.011284035  0.061400499
40.992901    12.81028156   0.011283643  0.061052948
41.130001    12.85312531   0.011166944  0.060589548
41.267101    12.89596906   0.011166552  0.06035785
41.404202    12.93881313   0.011049858  0.060010299
41.541302    12.98165688   0.011049458  0.059778601
41.678398    13.02449938   0.010816487  0.059546899
41.815498    13.06734313   0.01081612   0.059315201
41.952599    13.11018719   0.01069947   0.059199352
42.089699    13.15303094   0.010699105  0.05896765
42.226799    13.19587469   0.010582464  0.058735952
42.363899    13.23871844   0.010582101  0.058620099
42.500999    13.28156219   0.010465469  0.05850425
42.6381      13.32440625   0.010465107  0.058388401
42.7752      13.36725      0.010348483  0.058388401
42.9123      13.41009375   0.010348121  0.058388401
43.0494      13.4529375    0.010231503  0.058388401
43.186501    13.49578156   0.010231137  0.05850425
43.323601    13.53862531   0.010114517  0.058388401
43.460701    13.58146906   0.009997912  0.058388401
43.597801    13.62431281   0.009881324  0.05850425
43.734901    13.66715656   0.009764756  0.05850425
43.872002    13.71000063   0.009764421  0.058620099
44.009102    13.75284438   0.009647855  0.058735952
44.146198    13.79568688   0.009531311  0.058851801
44.283298    13.83853063   0.00953099   0.05896765
44.420399    13.88137469   0.009414453  0.059083499
44.557499    13.92421844   0.009414131  0.059199352
44.694599    13.96706219   0.009297596  0.05943105
44.831699    14.00990594   0.009181083  0.059662752
44.9688      14.05275      0.009180773  0.059778601
45.1059      14.09559375   0.009064267  0.060126148
45.243       14.1384375    0.009063957  0.060242001
45.3801      14.18128125   0.008947457  0.060242001
45.5172      14.224125     0.008947143  0.06035785
45.654301    14.26696906   0.00883064   0.060473699
45.791401    14.30981281   0.008714151  0.060589548
45.928501    14.35265656   0.008597674  0.060705401
46.065601    14.39550031   0.008481213  0.06082125
46.202702    14.43834438   0.008364771  0.060937099
46.339802    14.48118813   0.008364494  0.061052948
46.476898    14.52403063   0.008248057  0.061168801
46.613998    14.56687438   0.008247777  0.06128465
46.751099    14.60971844   0.008131339  0.06128465
46.888199    14.65256219   0.008014913  0.06128465
47.025299    14.69540594   0.007898501  0.06128465
47.162399    14.73824969   0.007782106  0.06128465
47.2995      14.78109375   0.007781849  0.061052948
47.4366      14.8239375    0.007665452  0.060937099
47.5737      14.86678125   0.007549068  0.060705401
47.7108      14.909625     0.007432697  0.060473699
47.8479      14.95246875   0.007316341  0.060242001
47.985001    14.99531281   0.007316105  0.05989445
48.122101    15.03815656   0.007199745  0.059778601
48.259201    15.08100031   0.0069673    0.05943105
48.396301    15.12384406   0.006967091  0.059083499
48.533401    15.16668781   0.006850775  0.058851801
48.670502    15.20953188   0.006850561  0.058620099
48.807598    15.25237438   0.006618159  0.058272552
48.944698    15.29521813   0.006617967  0.057925001
49.081799    15.33806219   0.006501682  0.05757745
49.218899    15.38090594   0.006501489  0.057345752
49.355999    15.42374969   0.006385206  0.056998201
49.493099    15.46659344   0.006268935  0.05665065
49.630199    15.50943719   0.00615268   0.056303099
49.7673      15.55228125   0.006152503  0.055839699
49.9044      15.595125     0.006036252  0.055376299
50.0415      15.63796875   0.00603607   0.054912899
50.1786      15.6808125    0.005803762  0.05433365
50.315701    15.72365656   0.005803598  0.053638551
50.452801    15.76650031   0.005687368  0.052943449
50.589901    15.80934406   0.005571149  0.052132498
50.727001    15.85218781   0.005454942  0.051321551
50.864101    15.89503156   0.005454787  0.0505106
51.001202    15.93787563   0.005222539  0.0495838
51.138302    15.98071938   0.005222397  0.048657
51.275398    16.02356188   0.004990174  0.047846049
51.412498    16.06640563   0.004990048  0.046919249
51.549599    16.10924969   0.00487388   0.045992449
51.686699    16.15209344   0.004757721  0.045065649
51.823799    16.19493719   0.004641571  0.044138849
51.960899    16.23778094   0.00452543   0.043212049
52.098       16.280625     0.004409299  0.042401101
52.2351      16.32346875   0.004293178  0.041358449
52.3722      16.3663125    0.004293082  0.040431648
52.5093      16.40915625   0.004060951  0.039620701
52.6464      16.452        0.004060873  0.038693901
52.783501    16.49484406   0.004060785  0.037767101
52.920601    16.53768781   0.003828675  0.037071999
53.057701    16.58053156   0.003828603  0.036145199
53.194801    16.62337531   0.003712519  0.035450101
53.331902    16.66621938   0.003596446  0.034754999
53.469002    16.70906313   0.003596384  0.033944052
53.606098    16.75190563   0.003480316  0.03324895
53.743198    16.79474938   0.003480254  0.032437999
53.880299    16.83759344   0.003248195  0.031742901
54.017399    16.88043719   0.003248151  0.031047801
54.154499    16.92328094   0.003248102  0.030352701
54.291599    16.96612469   0.003132057  0.02977345
54.428699    17.00896844   0.003132011  0.029078349
54.5658      17.0518125    0.003015972  0.028614949
54.7029      17.09465625   0.002899942  0.028151549
54.84        17.1375       0.00289991   0.0275723
54.9771      17.18034375   0.002899876  0.0271089
55.114201    17.22318781   0.002899838  0.0266455
55.251301    17.26603156   0.002783815  0.0261821
55.388401    17.30887531   0.002783783  0.025834549
55.525501    17.35171906   0.002783748  0.025487
55.662601    17.39456281   0.002667731  0.025139449
55.799702    17.43740688   0.002667701  0.0247919
55.936798    17.48024938   0.002667668  0.0243285
56.073898    17.52309313   0.002551655  0.023980949
56.210999    17.56593719   0.002435651  0.023517551
56.348099    17.60878094   0.00243563   0.02317
56.485199    17.65162469   0.002435608  0.0229383
56.622299    17.69446844   0.002435583  0.022590751
56.759399    17.73731219   0.002319585  0.0222432
56.8965      17.78015625   0.002319566  0.0220115
57.0336      17.823        0.002319547  0.0217798
57.1707      17.86584375   0.002319525  0.021663951
57.3078      17.9086875    0.002203534  0.0213164
57.444901    17.95153156   0.002203518  0.0210847
57.582001    17.99437531   0.002203502  0.020968851
57.719101    18.03721906   0.002203485  0.020737151
57.856201    18.08006281   0.002203466  0.0206213
57.993301    18.12290656   0.002087481  0.020505451
58.130402    18.16575063   0.002087468  0.0203896
58.267502    18.20859438   0.002087455  0.020273751
58.404598    18.25143688   0.002087442  0.020273751
58.541698    18.29428063   0.002087428  0.0201579
58.678799    18.33712469   0.002087414  0.0201579
58.815899    18.37996844   0.0020874    0.020042051
58.952999    18.42281219   0.002087385  0.020042051
59.090099    18.46565594   0.002087369  0.020042051
59.2272      18.5085       0.00208735   0.019810351
59.3643      18.55134375   0.001971375  0.019810351
59.5014      18.5941875    0.001971363  0.019578651
59.6385      18.63703125   0.00197135   0.019346951
59.7756      18.679875     0.001971338  0.019115251
59.912701    18.72271906   0.001971325  0.018883551
60.049801    18.76556281   0.001971311  0.018651851
60.186901    18.80840656   0.001971297  0.0183043
60.324001    18.85125031   0.001971282  0.01795675
60.461102    18.89409438   0.001971266  0.0176092
60.598202    18.93693813   0.001971247  0.017377499
60.735298    18.97978063   0.001855277  0.017145799
60.872398    19.02262438   0.001739314  0.016914099
61.009499    19.06546844   0.001739306  0.01679825
61.146599    19.10831219   0.001739298  0.01679825
61.283699    19.15115594   0.001739289  0.016682399
61.420799    19.19399969   0.001739281  0.01679825
61.557899    19.23684344   0.001739272  0.016682399
61.695       19.2796875    0.001739263  0.01656655
61.8321      19.32253125   0.001739254  0.016450699
61.9692      19.365375     0.001739244  0.01633485
62.1063      19.40821875   0.001739235  0.01633485
62.243401    19.45106281   0.001739225  0.01610315
62.380501    19.49390656   0.001739215  0.015987299
62.517601    19.53675031   0.001739204  0.01563975
62.654701    19.57959406   0.001739193  0.0155239
62.791801    19.62243781   0.001739179  0.0152922
62.928902    19.66528188   0.001623227  0.0150605
63.066002    19.70812563   0.001623219  0.0148288
63.203098    19.75096813   0.001623211  0.0145971
63.340199    19.79381219   0.001623203  0.0143654
63.477299    19.83665594   0.001623195  0.0141337
63.614399    19.87949969   0.001623187  0.013902
63.751499    19.92234344   0.001623179  0.0136703
63.888599    19.96518719   0.00162317   0.01332275
64.025703    20.00803219   0.001623161  0.0132069
64.162804    20.05087625   0.001623152  0.0129752
64.299896    20.0937175    0.001623142  0.01262765
64.436996    20.13656125   0.001623131  0.0122801
64.574097    20.17940531   0.001623119  0.0120484
64.711197    20.22224906   0.001507175  0.01170085
64.848297    20.26509281   0.001507168  0.0113533
64.985397    20.30793656   0.001507161  0.0108899
65.122498    20.35078063   0.001507153  0.01054235
65.259598    20.39362438   0.001507146  0.01007895
65.396698    20.43646813   0.001507138  0.0097314
65.533798    20.47931188   0.001507129  0.009268
65.670898    20.52215563   0.001507119  0.00892045
65.807999    20.56499969   0.001391181  0.00845705
65.945099    20.60784344   0.001391176  0.00822535
66.082199    20.65068719   0.001391171  0.0078778
66.219299    20.69353094   0.001391165  0.0076461
66.3564      20.736375     0.00139116   0.00729855
66.4935      20.77921875   0.001391154  0.00706685
66.6306      20.8220625    0.001391148  0.0067193
66.7677      20.86490625   0.001391143  0.00637175
66.9048      20.90775      0.001391137  0.0062559
67.041901    20.95059406   0.001391131  0.0060242
67.179001    20.99343781   0.001391124  0.0057925
67.316101    21.03628156   0.001391118  0.0055608
67.453201    21.07912531   0.001391111  0.0053291
67.590302    21.12196938   0.001391104  0.00521325
67.727402    21.16481313   0.001391095  0.0050974
67.864502    21.20765688   0.001275166  0.00498155
68.001602    21.25050063   0.001275162  0.00474985
68.138702    21.29334438   0.001275158  0.00474985
68.275803    21.33618844   0.001275154  0.004634
68.412903    21.37903219   0.00127515   0.004634
68.550003    21.42187594   0.001275146  0.004634
68.687103    21.46471969   0.001275142  0.004634
68.824203    21.50756344   0.001275138  0.004634
68.961304    21.5504075    0.001275134  0.00474985
69.098396    21.59324875   0.00127513   0.0048657
69.235497    21.63609281   0.001275126  0.00498155
69.372597    21.67893656   0.001275122  0.00498155
69.509697    21.72178031   0.001275118  0.0050974
69.646797    21.76462406   0.001275114  0.00521325
69.783897    21.80746781   0.00127511   0.0053291
69.920998    21.85031188   0.001275107  0.0055608
70.058098    21.89315563   0.001275104  0.00567665
70.195198    21.93599938   0.001275101  0.0057925
70.332298    21.97884313   0.001275099  0.00590835
70.469398    22.02168688   0.001391011  0.0060242
70.606499    22.06453094   0.001391005  0.00614005
70.743599    22.10737469   0.001390998  0.00614005
70.880699    22.15021844   0.001390992  0.0062559
71.017799    22.19306219   0.001390985  0.00637175
71.1549      22.23590625   0.001390979  0.00660345
71.292       22.27875      0.001390972  0.00660345
71.4291      22.32159375   0.001390965  0.0067193
71.5662      22.3644375    0.001390959  0.00683515
71.7033      22.40728125   0.001390952  0.006951
71.840401    22.45012531   0.001390945  0.006951
71.977501    22.49296906   0.001390938  0.006951
72.114601    22.53581281   0.001390931  0.00706685
72.251701    22.57865656   0.001390924  0.00706685
72.388802    22.62150063   0.001390916  0.0071827
72.525902    22.66434438   0.001390909  0.0071827
72.663002    22.70718813   0.001390902  0.00729855
72.800102    22.75003188   0.001390894  0.0071827
72.937202    22.79287563   0.001390887  0.0071827
73.074303    22.83571969   0.001390879  0.0071827
73.211403    22.87856344   0.001390871  0.0071827
73.348503    22.92140719   0.001390864  0.0071827
73.485603    22.96425094   0.001390856  0.00729855
73.622704    23.007095     0.001390848  0.00729855
73.759804    23.04993875   0.00139084   0.0074144
73.896896    23.09278      0.001390831  0.00753025
74.033997    23.13562406   0.001390823  0.0076461
74.171097    23.17846781   0.001390814  0.0076461
74.308197    23.22131156   0.001390806  0.00776195
74.445297    23.26415531   0.001390797  0.0076461
74.582397    23.30699906   0.001390788  0.0076461
74.719498    23.34984313   0.001390779  0.0076461
74.856598    23.39268688   0.00139077   0.0074144
74.993698    23.43553063   0.001390761  0.0074144
75.130798    23.47837438   0.001390751  0.00729855
75.267899    23.52121844   0.001390741  0.00729855
75.404999    23.56406219   0.001390731  0.0071827
75.542099    23.60690594   0.001390721  0.006951
75.679199    23.64974969   0.001390711  0.00683515
75.816299    23.69259344   0.0013907    0.0067193
75.9534      23.7354375    0.001390689  0.00660345
76.0905      23.77828125   0.001390677  0.0062559
76.2276      23.821125     0.001390665  0.00614005
76.3647      23.86396875   0.001390652  0.00590835
76.501801    23.90681281   0.001390638  0.00567665
76.638901    23.94965656   0.001274742  0.00544495
76.776001    23.99250031   0.001274733  0.0050974
76.913101    24.03534406   0.001274724  0.0048657
77.050201    24.07818781   0.001274714  0.004634
77.187302    24.12103188   0.001274704  0.00428645
77.324402    24.16387563   0.001274694  0.0041706
77.461502    24.20671938   0.001274683  0.0039389
77.598602    24.24956313   0.001274672  0.00359135
77.735703    24.29240719   0.001274661  0.00335965
77.872803    24.33525094   0.001274649  0.00312795
78.009903    24.37809469   0.001274637  0.00289625
78.147003    24.42093844   0.001274625  0.0027804
78.284103    24.46378219   0.001274612  0.00266455
78.421204    24.50662625   0.001274599  0.0025487
78.558296    24.5494675    0.001274585  0.00243285
78.695396    24.59231125   0.00127457   0.002317
78.832497    24.63515531   0.001274555  0.002317
78.969597    24.67799906   0.001274538  0.00220115
79.106697    24.72084281   0.00127452   0.00220115
79.243797    24.76368656   0.001274501  0.00220115
79.380898    24.80653063   0.00127448   0.00220115
79.517998    24.84937438   0.001274457  0.00220115
79.655098    24.89221813   0.00127443   0.0020853
79.792198    24.93506188   0.001274397  0.0020853
79.929298    24.97790563   0.00127435   0.0020853
