#    r         (mm)  r/D  T  (K)  std  T  (K)
-50  -15.625   294   0
-45  -14.0625  1340  174
-40  -12.5     1366  177
-35  -10.9375  1368  180
-30  -9.375    1444  137
-25  -7.8125   1454  128
-20  -6.25     1456  129
-15  -4.6875   1465  128
-10  -3.125    1474  123
-5   -1.5625   1478  122
0    0         1479  122
5    1.5625    1479  119
10   3.125     1488  112
15   4.6875    1485  113
20   6.25      1481  123
25   7.8125    1483  116
30   9.375     1479  119
35   10.9375   1470  130
40   12.5      1430  203
45   14.0625   1468  118
50   15.625    294   0
