#            x/D           =            242.1875  ~   242    
#            r             (mm)         r/D       fv  (ppm)  rms_fv
-79.929298   -24.97790563  0            0
-79.792198   -24.93506188  0            0
-79.655098   -24.89221813  0            0
-79.517998   -24.84937438  0            0
-79.380898   -24.80653063  0            0
-79.243797   -24.76368656  0            0
-79.106697   -24.72084281  0            0
-78.969597   -24.67799906  0            0
-78.832497   -24.63515531  0            0
-78.695396   -24.59231125  0            0
-78.558296   -24.5494675   0            0
-78.421204   -24.50662625  0            0
-78.284103   -24.46378219  0            0
-78.147003   -24.42093844  0            0
-78.009903   -24.37809469  0            0
-77.872803   -24.33525094  0            0
-77.735703   -24.29240719  0            0
-77.598602   -24.24956313  0            0
-77.461502   -24.20671938  0            0
-77.324402   -24.16387563  0            0
-77.187302   -24.12103188  0            0
-77.050201   -24.07818781  0            0
-76.913101   -24.03534406  0            0
-76.776001   -23.99250031  0            0
-76.638901   -23.94965656  0            0
-76.501801   -23.90681281  0            0
-76.3647     -23.86396875  0            0
-76.2276     -23.821125    0            0
-76.0905     -23.77828125  0            0
-75.9534     -23.7354375   0            0
-75.816299   -23.69259344  0            0
-75.679199   -23.64974969  0            0
-75.542099   -23.60690594  0            0
-75.404999   -23.56406219  0            0
-75.267899   -23.52121844  0            0
-75.130798   -23.47837438  0            0
-74.993698   -23.43553063  0            0
-74.856598   -23.39268688  0            0
-74.719498   -23.34984313  0            0
-74.582397   -23.30699906  0            0
-74.445297   -23.26415531  0            0
-74.308197   -23.22131156  0            0
-74.171097   -23.17846781  0            0
-74.033997   -23.13562406  0            0
-73.896896   -23.09278     0            0
-73.759804   -23.04993875  0            0
-73.622704   -23.007095    0            0
-73.485603   -22.96425094  0            0
-73.348503   -22.92140719  0            0
-73.211403   -22.87856344  0            0
-73.074303   -22.83571969  0            0
-72.937202   -22.79287563  0            0
-72.800102   -22.75003188  0            0
-72.663002   -22.70718813  0            0
-72.525902   -22.66434438  0            0
-72.388802   -22.62150063  0            0
-72.251701   -22.57865656  0            0
-72.114601   -22.53581281  0            0
-71.977501   -22.49296906  0            0
-71.840401   -22.45012531  0            0
-71.7033     -22.40728125  0            0
-71.5662     -22.3644375   0            0
-71.4291     -22.32159375  0            0
-71.292      -22.27875     0            0
-71.1549     -22.23590625  0            0
-71.017799   -22.19306219  0            0
-70.880699   -22.15021844  0            0
-70.743599   -22.10737469  0            0
-70.606499   -22.06453094  0            0
-70.469398   -22.02168688  0            0
-70.332298   -21.97884313  0            0
-70.195198   -21.93599938  0            0
-70.058098   -21.89315563  0            0
-69.920998   -21.85031188  0            0
-69.783897   -21.80746781  0            0
-69.646797   -21.76462406  0            0
-69.509697   -21.72178031  0            0
-69.372597   -21.67893656  0            0
-69.235497   -21.63609281  0            0
-69.098396   -21.59324875  0            0
-68.961304   -21.5504075   0            0
-68.824203   -21.50756344  0            0
-68.687103   -21.46471969  0            0
-68.550003   -21.42187594  0            0
-68.412903   -21.37903219  0            0
-68.275803   -21.33618844  0            0
-68.138702   -21.29334438  0            0
-68.001602   -21.25050063  0            0
-67.864502   -21.20765688  0            0
-67.727402   -21.16481313  0            0
-67.590302   -21.12196938  0            0
-67.453201   -21.07912531  0            0
-67.316101   -21.03628156  0            0
-67.179001   -20.99343781  0            0
-67.041901   -20.95059406  0            0
-66.9048     -20.90775     0            0
-66.7677     -20.86490625  0            0
-66.6306     -20.8220625   0            0
-66.4935     -20.77921875  0            0
-66.3564     -20.736375    0            0
-66.219299   -20.69353094  0            0
-66.082199   -20.65068719  0            0
-65.945099   -20.60784344  0            0
-65.807999   -20.56499969  0            0
-65.670898   -20.52215563  0            0
-65.533798   -20.47931188  0            0
-65.396698   -20.43646813  0            0
-65.259598   -20.39362438  0            0
-65.122498   -20.35078063  0            0
-64.985397   -20.30793656  0            0
-64.848297   -20.26509281  0            0
-64.711197   -20.22224906  0            0
-64.574097   -20.17940531  0            0
-64.436996   -20.13656125  0            0
-64.299896   -20.0937175   0            0
-64.162804   -20.05087625  0            0
-64.025703   -20.00803219  0            0
-63.888599   -19.96518719  0            0
-63.751499   -19.92234344  0            0
-63.614399   -19.87949969  0            0
-63.477299   -19.83665594  0            0
-63.340199   -19.79381219  0            0
-63.203098   -19.75096813  0            0
-63.066002   -19.70812563  0            0
-62.928902   -19.66528188  0            0
-62.791801   -19.62243781  0            0
-62.654701   -19.57959406  0            0
-62.517601   -19.53675031  0            0
-62.380501   -19.49390656  0            0
-62.243401   -19.45106281  0            0
-62.1063     -19.40821875  0            0
-61.9692     -19.365375    0            0
-61.8321     -19.32253125  0            0
-61.695      -19.2796875   0            0
-61.557899   -19.23684344  0            0
-61.420799   -19.19399969  0            0
-61.283699   -19.15115594  0            0
-61.146599   -19.10831219  0            0
-61.009499   -19.06546844  0            0
-60.872398   -19.02262438  0            0
-60.735298   -18.97978063  0            0
-60.598202   -18.93693813  0            0
-60.461102   -18.89409438  0            0
-60.324001   -18.85125031  0            0
-60.186901   -18.80840656  0            0
-60.049801   -18.76556281  0            0
-59.912701   -18.72271906  0            0
-59.7756     -18.679875    0            0
-59.6385     -18.63703125  0            0
-59.5014     -18.5941875   0            0
-59.3643     -18.55134375  0            0
-59.2272     -18.5085      0            0
-59.090099   -18.46565594  0            0
-58.952999   -18.42281219  0            0
-58.815899   -18.37996844  0            0
-58.678799   -18.33712469  0            0
-58.541698   -18.29428063  0            0
-58.404598   -18.25143688  0            0
-58.267502   -18.20859438  0            0
-58.130402   -18.16575063  0            0
-57.993301   -18.12290656  0            0
-57.856201   -18.08006281  0            0
-57.719101   -18.03721906  0            0
-57.582001   -17.99437531  0            0
-57.444901   -17.95153156  0            0
-57.3078     -17.9086875   0            0
-57.1707     -17.86584375  0            0
-57.0336     -17.823       0            0
-56.8965     -17.78015625  0            0
-56.759399   -17.73731219  0            0
-56.622299   -17.69446844  0            0
-56.485199   -17.65162469  0            0
-56.348099   -17.60878094  0            0
-56.210999   -17.56593719  0            0
-56.073898   -17.52309313  0            0
-55.936798   -17.48024938  0            0
-55.799702   -17.43740688  0            0
-55.662601   -17.39456281  0            0
-55.525501   -17.35171906  0            0
-55.388401   -17.30887531  0            0
-55.251301   -17.26603156  0            0
-55.114201   -17.22318781  0            0
-54.9771     -17.18034375  0            0
-54.84       -17.1375      0            0
-54.7029     -17.09465625  0            0
-54.5658     -17.0518125   0            0
-54.428699   -17.00896844  0            0
-54.291599   -16.96612469  0            0
-54.154499   -16.92328094  0            0
-54.017399   -16.88043719  0            0
-53.880299   -16.83759344  0            0
-53.743198   -16.79474938  0            0
-53.606098   -16.75190563  0            0
-53.469002   -16.70906313  0            0
-53.331902   -16.66621938  0            0
-53.194801   -16.62337531  0            0
-53.057701   -16.58053156  0            0
-52.920601   -16.53768781  0            0
-52.783501   -16.49484406  0            0
-52.6464     -16.452       0            0
-52.5093     -16.40915625  0            0
-52.3722     -16.3663125   0            0
-52.2351     -16.32346875  0            0
-52.098      -16.280625    0            0
-51.960899   -16.23778094  0            0
-51.823799   -16.19493719  0            0
-51.686699   -16.15209344  0            0
-51.549599   -16.10924969  0            0
-51.412498   -16.06640563  0            0
-51.275398   -16.02356188  0            0
-51.138302   -15.98071938  0            0
-51.001202   -15.93787563  0            0
-50.864101   -15.89503156  0            0
-50.727001   -15.85218781  0            0
-50.589901   -15.80934406  0            0
-50.452801   -15.76650031  0            0
-50.315701   -15.72365656  0            0
-50.1786     -15.6808125   0            0
-50.0415     -15.63796875  0            0
-49.9044     -15.595125    0            0
-49.7673     -15.55228125  0            0
-49.630199   -15.50943719  0            0
-49.493099   -15.46659344  0            0
-49.355999   -15.42374969  0            0
-49.218899   -15.38090594  0            0
-49.081799   -15.33806219  0            0
-48.944698   -15.29521813  0            0
-48.807598   -15.25237438  0            0
-48.670502   -15.20953188  0            0
-48.533401   -15.16668781  0            0
-48.396301   -15.12384406  0            0
-48.259201   -15.08100031  0            0
-48.122101   -15.03815656  0            0
-47.985001   -14.99531281  0            0
-47.8479     -14.95246875  0            0
-47.7108     -14.909625    0            0
-47.5737     -14.86678125  0            0
-47.4366     -14.8239375   0            0
-47.2995     -14.78109375  0            0
-47.162399   -14.73824969  0            0
-47.025299   -14.69540594  0            0
-46.888199   -14.65256219  0            0
-46.751099   -14.60971844  0            0
-46.613998   -14.56687438  0            0
-46.476898   -14.52403063  0            0
-46.339802   -14.48118813  0            0
-46.202702   -14.43834438  0            0
-46.065601   -14.39550031  0            0
-45.928501   -14.35265656  0            0
-45.791401   -14.30981281  0            0
-45.654301   -14.26696906  0            0
-45.5172     -14.224125    0            0
-45.3801     -14.18128125  0            0
-45.243      -14.1384375   0            0
-45.1059     -14.09559375  0            0
-44.9688     -14.05275     0            0
-44.831699   -14.00990594  0            0
-44.694599   -13.96706219  0            0
-44.557499   -13.92421844  0            0
-44.420399   -13.88137469  0            0
-44.283298   -13.83853063  0            0
-44.146198   -13.79568688  0            0
-44.009102   -13.75284438  0            0
-43.872002   -13.71000063  0            0
-43.734901   -13.66715656  0            0
-43.597801   -13.62431281  0            0
-43.460701   -13.58146906  0            0
-43.323601   -13.53862531  0            0
-43.186501   -13.49578156  0            0
-43.0494     -13.4529375   0            0
-42.9123     -13.41009375  0            0
-42.7752     -13.36725     0            0
-42.6381     -13.32440625  0            0
-42.500999   -13.28156219  0            0
-42.363899   -13.23871844  0            0
-42.226799   -13.19587469  0            0
-42.089699   -13.15303094  0            0
-41.952599   -13.11018719  0            0
-41.815498   -13.06734313  0            0
-41.678398   -13.02449938  0            0
-41.541302   -12.98165688  0            0
-41.404202   -12.93881313  0            0
-41.267101   -12.89596906  0            0
-41.130001   -12.85312531  0            0
-40.992901   -12.81028156  0            0
-40.855801   -12.76743781  0            0
-40.7187     -12.72459375  0            0
-40.5816     -12.68175     0            0
-40.4445     -12.63890625  0            0
-40.3074     -12.5960625   0            0
-40.1703     -12.55321875  0            0
-40.033199   -12.51037469  0            0
-39.896099   -12.46753094  0            0
-39.758999   -12.42468719  0            0
-39.621899   -12.38184344  0            0
-39.484798   -12.33899938  0            0
-39.347698   -12.29615563  0            0
-39.210602   -12.25331313  0            0
-39.073502   -12.21046938  0            0
-38.936401   -12.16762531  0            0
-38.799301   -12.12478156  0            0
-38.662201   -12.08193781  0            0.00034755
-38.525101   -12.03909406  0.00011585   0.00104265
-38.388      -11.99625     0.00011585   0.00173775
-38.2509     -11.95340625  0.000231701  0.0025487
-38.1138     -11.9105625   0.000231702  0.00382305
-37.9767     -11.86771875  0.000463405  0.0050974
-37.8396     -11.824875    0.000463408  0.00637175
-37.702499   -11.78203094  0.000695116  0.0078778
-37.565399   -11.73918719  0.000810976  0.00938385
-37.428299   -11.69634344  0.000926838  0.01077405
-37.291199   -11.65349969  0.001042704  0.01239595
-37.154099   -11.61065594  0.001158573  0.01401785
-37.016998   -11.56781188  0.001390303  0.015755599
-36.879902   -11.52496938  0.001506184  0.01749335
-36.742802   -11.48212563  0.001622067  0.019346951
-36.605701   -11.43928156  0.001853818  0.021200551
-36.468601   -11.39643781  0.002085582  0.023054151
-36.331501   -11.35359406  0.00220149   0.024907749
-36.194401   -11.31075031  0.002317402  0.0268772
-36.057301   -11.26790656  0.00254919   0.0287308
-35.9202     -11.2250625   0.002780994  0.030584401
-35.7831     -11.18221875  0.002896935  0.032553852
-35.646      -11.139375    0.00301288   0.034523301
-35.5089     -11.09653125  0.003244712  0.036376901
-35.371799   -11.05368719  0.003476562  0.03834635
-35.234699   -11.01084344  0.003592541  0.040315799
-35.097599   -10.96799969  0.003824414  0.042285249
-34.960499   -10.92515594  0.005678831  0.064007126
-34.823399   -10.88231219  0.005737121  0.065049775
-34.686298   -10.83946813  0.005795353  0.066034496
-34.549198   -10.79662438  0.005911516  0.067019224
-34.412102   -10.75378188  0.006085636  0.068003953
-34.275002   -10.71093813  0.006201806  0.069046602
-34.137901   -10.66809406  0.006260014  0.069973402
-34.000801   -10.62525031  0.006434144  0.070900202
-33.863701   -10.58240656  0.006550324  0.071827002
-33.726601   -10.53956281  0.006608539  0.072753802
-33.5895     -10.49671875  0.006724719  0.073622674
-33.4524     -10.453875    0.006898882  0.074491546
-33.3153     -10.41103125  0.006957112  0.075476274
-33.1782     -10.3681875   0.007131291  0.076287225
-33.0411     -10.32534375  0.007131551  0.077156104
-32.903999   -10.28249969  0.007247757  0.078024976
-32.766899   -10.23965594  0.007363974  0.078951776
-32.629799   -10.19681219  0.007422214  0.079762727
-32.492699   -10.15396844  0.00753844   0.08051575
-32.355598   -10.11112438  0.007596686  0.081210852
-32.218498   -10.06828063  0.007712921  0.081963874
-32.081402   -10.02543813  0.007829168  0.082658976
-31.9443     -9.98259375   0.007887428  0.083469927
-31.807199   -9.939749688  0.007945685  0.084107101
-31.670099   -9.896905938  0.008003941  0.084860124
-31.533001   -9.854062813  0.008062198  0.085381448
-31.395901   -9.811219063  0.008236461  0.085960701
-31.258801   -9.768375313  0.008236735  0.086539946
-31.1217     -9.72553125   0.008294999  0.08700335
-30.9846     -9.6826875    0.008353264  0.087466747
-30.8475     -9.63984375   0.008353521  0.08793015
-30.7104     -9.597        0.008585815  0.088277698
-30.573299   -9.554155938  0.008586095  0.088567324
-30.436199   -9.511312188  0.008586357  0.088741101
-30.299101   -9.468469063  0.008644626  0.089030728
-30.162001   -9.425625313  0.008702898  0.089146577
-30.0249     -9.38278125   0.008761174  0.089146577
-29.8878     -9.3399375    0.008761429  0.089204498
-29.7507     -9.29709375   0.008761674  0.089204498
-29.6136     -9.25425      0.008761911  0.089030728
-29.4765     -9.21140625   0.008762142  0.08885695
-29.339399   -9.168562188  0.008762367  0.088509403
-29.202299   -9.125718438  0.008762587  0.088219777
-29.065201   -9.082875313  0.008820835  0.087814301
-28.928101   -9.040031563  0.00887909   0.087408826
-28.791      -8.9971875    0.008763245  0.086887501
-28.6539     -8.95434375   0.008763443  0.086308248
-28.5168     -8.9115       0.00876364   0.085728996
-28.3797     -8.86865625   0.008705797  0.085381448
-28.242599   -8.825812188  0.008705979  0.085381448
-28.105499   -8.782968438  0.008822243  0.085497297
-27.968399   -8.740124688  0.008938529  0.085497297
-27.831301   -8.697281563  0.008938742  0.085613146
-27.694201   -8.654437813  0.008938946  0.085497297
-27.5571     -8.61159375   0.008939144  0.085497297
-27.42       -8.56875      0.008939337  0.085497297
-27.2829     -8.52590625   0.008939526  0.085381448
-27.1458     -8.4830625    0.008939712  0.085265599
-27.008699   -8.440218438  0.008939895  0.085033901
-26.871599   -8.397374688  0.009056179  0.084918052
-26.734501   -8.354531563  0.009056376  0.084802203
-26.597401   -8.311687813  0.009056565  0.084686346
-26.4603     -8.26884375   0.009056749  0.084686346
-26.3232     -8.226        0.00905693   0.084570497
-26.1861     -8.18315625   0.009057107  0.084570497
-26.049      -8.1403125    0.0091734    0.084570497
-25.9119     -8.09746875   0.009173591  0.084686346
-25.774799   -8.054624688  0.009173774  0.084570497
-25.637699   -8.011780938  0.009173953  0.084570497
-25.500601   -7.968937813  0.009174128  0.084454648
-25.363501   -7.926094063  0.00929043   0.084570497
-25.2264     -7.88325      0.009290618  0.084686346
-25.0893     -7.84040625   0.009290799  0.084686346
-24.9522     -7.7975625    0.009407112  0.084802203
-24.8151     -7.75471875   0.009407304  0.084918052
-24.677999   -7.711874688  0.009523629  0.08514975
-24.540899   -7.669030938  0.009523828  0.085265599
-24.403799   -7.626187188  0.009524017  0.085497297
-24.266701   -7.583344063  0.009640349  0.085613146
-24.129601   -7.540500313  0.009640548  0.085844852
-23.9925     -7.49765625   0.009640737  0.08607655
-23.8554     -7.4548125    0.009757077  0.086192399
-23.7183     -7.41196875   0.009873435  0.086308248
-23.5812     -7.369125     0.009873646  0.086424097
-23.444099   -7.326280938  0.009873846  0.086655803
-23.306999   -7.283437188  0.009874039  0.086771652
-23.169901   -7.240594063  0.009990395  0.086887501
-23.032801   -7.197750313  0.009990599  0.08700335
-22.8957     -7.15490625   0.010106965  0.087119199
-22.7586     -7.1120625    0.010223349  0.087350897
-22.6215     -7.06921875   0.010223569  0.087466747
-22.4844     -7.026375     0.010223777  0.087698452
-22.3473     -6.98353125   0.010223978  0.088045999
-22.210199   -6.940687188  0.010456541  0.088161848
-22.073099   -6.897843438  0.010456772  0.088509403
-21.936001   -6.855000313  0.010456989  0.088741101
-21.798901   -6.812156563  0.010457197  0.088972799
-21.6618     -6.7693125    0.010689786  0.089204498
-21.5247     -6.72646875   0.010690025  0.089436203
-21.3876     -6.683625     0.010690248  0.089667901
-21.2505     -6.64078125   0.010806662  0.090015449
-21.1134     -6.5979375    0.010806891  0.090247147
-20.976299   -6.555093438  0.010923314  0.090594701
-20.839199   -6.512249688  0.011039753  0.090942249
-20.702101   -6.469406563  0.011039995  0.091173947
-20.565001   -6.426562813  0.011040224  0.091637351
-20.4279     -6.38371875   0.011156659  0.091869049
-20.2908     -6.340875     0.011273112  0.092332453
-20.1537     -6.29803125   0.011273358  0.09268
-20.0166     -6.2551875    0.011389813  0.092911698
-19.879499   -6.212343438  0.011390059  0.093143404
-19.742399   -6.169499688  0.01150652   0.093490951
-19.605301   -6.126656563  0.011506767  0.093722649
-19.468201   -6.083812813  0.011739467  0.094070204
-19.3311     -6.04096875   0.011739738  0.094301902
-19.194      -5.998125     0.011739991  0.094649449
-19.0569     -5.95528125   0.011856474  0.094881147
-18.9198     -5.9124375    0.011972972  0.095112853
-18.7827     -5.86959375   0.012089484  0.095344551
-18.645599   -5.826749688  0.012089758  0.0954604
-18.508499   -5.783905938  0.012322517  0.0954604
-18.371401   -5.741062813  0.012322811  0.095576249
-18.234301   -5.698219063  0.012323086  0.095692098
-18.0972     -5.655375     0.012439606  0.095807947
-17.9601     -5.61253125   0.012556143  0.095923796
-17.823      -5.5696875    0.012556428  0.095923796
-17.6859     -5.52684375   0.012672964  0.095923796
-17.5488     -5.484        0.012673247  0.095923796
-17.411699   -5.441155938  0.012673516  0.095923796
-17.274599   -5.398312188  0.012790049  0.096039653
-17.137501   -5.355469063  0.0129066    0.096155502
-17.000401   -5.312625313  0.012906885  0.096155502
-16.8633     -5.26978125   0.012907155  0.096155502
-16.7262     -5.2269375    0.013023699  0.096271351
-16.5891     -5.18409375   0.01314026   0.0963872
-16.452      -5.14125      0.013140546  0.0963872
-16.314899   -5.098405938  0.013257108  0.096503049
-16.177799   -5.055562188  0.013257393  0.096618898
-16.040701   -5.012719063  0.013490255  0.096618898
-15.9036     -4.969875     0.013490562  0.096734747
-15.7665     -4.92703125   0.01349085   0.096734747
-15.6294     -4.8841875    0.013607429  0.096734747
-15.4923     -4.84134375   0.013724024  0.096850596
-15.3552     -4.7985       0.013840631  0.096734747
-15.2181     -4.75565625   0.013840937  0.096850596
-15.081      -4.7128125    0.013841228  0.096966453
-14.9439     -4.66996875   0.013957823  0.097082302
-14.8068     -4.627125     0.014074434  0.097198151
-14.6697     -4.58428125   0.014191057  0.097314
-14.5326     -4.5414375    0.014191368  0.097545698
-14.3955     -4.49859375   0.014424312  0.097661547
-14.2584     -4.45575      0.014424642  0.097893253
-14.1213     -4.41290625   0.01442495   0.098124951
-13.9842     -4.3700625    0.014657911  0.098356649
-13.8471     -4.32721875   0.014774578  0.098704197
-13.71       -4.284375     0.014774912  0.099051751
-13.5729     -4.24153125   0.015007908  0.099399298
-13.4358     -4.1986875    0.015008257  0.099978551
-13.2987     -4.15584375   0.015124928  0.1003261
-13.1616     -4.113        0.015241613  0.10090535
-13.0245     -4.07015625   0.015358305  0.1012529
-12.8874     -4.0273125    0.015358652  0.10160045
-12.7503     -3.98446875   0.015591693  0.1021797
-12.6132     -3.941625     0.015592056  0.10252725
-12.4761     -3.89878125   0.015708758  0.1028748
-12.339      -3.8559375    0.015825469  0.1031065
-12.2019     -3.81309375   0.015942191  0.10345405
-12.0648     -3.77025      0.015942551  0.1038016
-11.9277     -3.72740625   0.016059262  0.1040333
-11.7906     -3.6845625    0.016059613  0.1044967
-11.6535     -3.64171875   0.016176324  0.1047284
-11.5164     -3.598875     0.016293046  0.1049601
-11.3793     -3.55603125   0.016409781  0.10507595
-11.2422     -3.5131875    0.016293753  0.1051918
-11.1051     -3.47034375   0.01629407   0.10530765
-10.968      -3.4275       0.016410768  0.10530765
-10.8309     -3.38465625   0.016411093  0.10530765
-10.6938     -3.3418125    0.016527796  0.10530765
-10.5567     -3.29896875   0.01652812   0.10530765
-10.4196     -3.256125     0.016412034  0.10530765
-10.2825     -3.21328125   0.01652871   0.1051918
-10.1454     -3.1704375    0.016529008  0.1051918
-10.0083     -3.12759375   0.016529295  0.10507595
-9.8711996   -3.084749875  0.016529574  0.10484425
-9.7341003   -3.041906344  0.016529847  0.1047284
-9.5970001   -2.999062531  0.016530113  0.10461255
-9.4598999   -2.956218719  0.016413964  0.10461255
-9.3227997   -2.913374906  0.016530611  0.10461255
-9.1857004   -2.870531375  0.016530866  0.10461255
-9.0486002   -2.827687563  0.016531114  0.1044967
-8.9115      -2.78484375   0.01641494   0.1044967
-8.7743998   -2.741999938  0.016415157  0.10438085
-8.6372995   -2.699156094  0.016531795  0.104265
-8.5002003   -2.656312594  0.016415609  0.104265
-8.3631001   -2.613468781  0.016415817  0.1040333
-8.2259998   -2.570624938  0.016299598  0.10391745
-8.0888996   -2.527781125  0.016299784  0.10368575
-7.9517999   -2.484937469  0.016299973  0.1035699
-7.8147001   -2.442093781  0.016300162  0.1033382
-7.6775999   -2.399249969  0.016300348  0.1031065
-7.5405002   -2.356406313  0.016184102  0.10299065
-7.4033999   -2.313562469  0.016184266  0.1026431
-7.2663002   -2.270718813  0.016184432  0.1024114
-7.1292      -2.227875     0.016068162  0.1021797
-6.9920998   -2.185031188  0.016068309  0.1017163
-6.855       -2.1421875    0.01606846   0.10136875
-6.7178998   -2.099343688  0.015835732  0.10090535
-6.5808001   -2.056500031  0.01583585   0.10067365
-6.4436998   -2.013656188  0.015835975  0.10021025
-6.3066001   -1.970812531  0.015719661  0.099862702
-6.1694999   -1.927968719  0.015719774  0.099515148
-6.0324001   -1.885125031  0.015719891  0.0991676
-5.8952999   -1.842281219  0.01572001   0.098935902
-5.7582002   -1.799437563  0.015603682  0.098704197
-5.6210999   -1.756593719  0.01548734   0.098472498
-5.4840002   -1.713750063  0.015487433  0.098356649
-5.3469      -1.67090625   0.01548753   0.0982408
-5.2097998   -1.628062438  0.01548763   0.098124951
-5.0727      -1.58521875   0.015487731  0.098009102
-4.9355998   -1.542374938  0.015487831  0.097893253
-4.7985001   -1.499531281  0.015487932  0.097777396
-4.6613998   -1.456687438  0.015371579  0.097777396
-4.5243001   -1.413843781  0.015371665  0.097777396
-4.3871999   -1.370999969  0.015371754  0.097893253
-4.2501001   -1.328156281  0.015371844  0.098009102
-4.1129999   -1.285312469  0.015371934  0.098124951
-3.9758999   -1.242468719  0.015488479  0.098124951
-3.8388      -1.199625     0.015372124  0.098124951
-3.7017      -1.15678125   0.015372209  0.0982408
-3.5646      -1.1139375    0.015488754  0.0982408
-3.4275      -1.07109375   0.015488852  0.0982408
-3.2904      -1.02825      0.015488946  0.098356649
-3.1533      -0.98540625   0.015489038  0.098356649
-3.0162001   -0.942562531  0.015605587  0.098472498
-2.8791001   -0.899718781  0.015605687  0.098588347
-2.7420001   -0.856875031  0.015605783  0.098704197
-2.6048999   -0.814031219  0.015605877  0.098820053
-2.4677999   -0.771187469  0.015722432  0.0991676
-2.3306999   -0.728343719  0.015606068  0.099399298
-2.1935999   -0.685499969  0.01572262   0.099630997
-2.0565      -0.64265625   0.01583918   0.099978551
-1.9194      -0.5998125    0.015839284  0.10021025
-1.7823      -0.55696875   0.015839383  0.1005578
-1.6452      -0.514125     0.015955948  0.1007895
-1.5081      -0.47128125   0.015956052  0.1010212
-1.3710001   -0.428437531  0.015956154  0.10136875
-1.2339      -0.38559375   0.016072723  0.1017163
-1.0968      -0.34275      0.016072832  0.10183215
-0.95969999  -0.299906247  0.01607294   0.10206385
-0.82260001  -0.257062503  0.016189522  0.10229555
-0.68550003  -0.214218759  0.016073168  0.10252725
-0.54839998  -0.171374994  0.01618976   0.10275895
-0.4113      -0.12853125   0.016189892  0.10275895
-0.27419999  -0.085687497  0.016190041  0.1028748
-0.1371      -0.04284375   0.016190223  0.10299065
0            0             0.016306988  0.1028748
0.1371       0.04284375    0.016190223  0.10299065
0.27419999   0.085687497   0.016190041  0.1028748
0.4113       0.12853125    0.016189892  0.10275895
0.54839998   0.171374994   0.01618976   0.10275895
0.68550003   0.214218759   0.016073168  0.10252725
0.82260001   0.257062503   0.016189522  0.10229555
0.95969999   0.299906247   0.01607294   0.10206385
1.0968       0.34275       0.016072832  0.10183215
1.2339       0.38559375    0.016072723  0.1017163
1.3710001    0.428437531   0.015956154  0.10136875
1.5081       0.47128125    0.015956052  0.1010212
1.6452       0.514125      0.015955948  0.1007895
1.7823       0.55696875    0.015839383  0.1005578
1.9194       0.5998125     0.015839284  0.10021025
2.0565       0.64265625    0.01583918   0.099978551
2.1935999    0.685499969   0.01572262   0.099630997
2.3306999    0.728343719   0.015606068  0.099399298
2.4677999    0.771187469   0.015722432  0.0991676
2.6048999    0.814031219   0.015605877  0.098820053
2.7420001    0.856875031   0.015605783  0.098704197
2.8791001    0.899718781   0.015605687  0.098588347
3.0162001    0.942562531   0.015605587  0.098472498
3.1533       0.98540625    0.015489038  0.098356649
3.2904       1.02825       0.015488946  0.098356649
3.4275       1.07109375    0.015488852  0.0982408
3.5646       1.1139375     0.015488754  0.0982408
3.7017       1.15678125    0.015372209  0.0982408
3.8388       1.199625      0.015372124  0.098124951
3.9758999    1.242468719   0.015488479  0.098124951
4.1129999    1.285312469   0.015371934  0.098124951
4.2501001    1.328156281   0.015371844  0.098009102
4.3871999    1.370999969   0.015371754  0.097893253
4.5243001    1.413843781   0.015371665  0.097777396
4.6613998    1.456687438   0.015371579  0.097777396
4.7985001    1.499531281   0.015487932  0.097777396
4.9355998    1.542374938   0.015487831  0.097893253
5.0727       1.58521875    0.015487731  0.098009102
5.2097998    1.628062438   0.01548763   0.098124951
5.3469       1.67090625    0.01548753   0.0982408
5.4840002    1.713750063   0.015487433  0.098356649
5.6210999    1.756593719   0.01548734   0.098472498
5.7582002    1.799437563   0.015603682  0.098704197
5.8952999    1.842281219   0.01572001   0.098935902
6.0324001    1.885125031   0.015719891  0.0991676
6.1694999    1.927968719   0.015719774  0.099515148
6.3066001    1.970812531   0.015719661  0.099862702
6.4436998    2.013656188   0.015835975  0.10021025
6.5808001    2.056500031   0.01583585   0.10067365
6.7178998    2.099343688   0.015835732  0.10090535
6.855        2.1421875     0.01606846   0.10136875
6.9920998    2.185031188   0.016068309  0.1017163
7.1292       2.227875      0.016068162  0.1021797
7.2663002    2.270718813   0.016184432  0.1024114
7.4033999    2.313562469   0.016184266  0.1026431
7.5405002    2.356406313   0.016184102  0.10299065
7.6775999    2.399249969   0.016300348  0.1031065
7.8147001    2.442093781   0.016300162  0.1033382
7.9517999    2.484937469   0.016299973  0.1035699
8.0888996    2.527781125   0.016299784  0.10368575
8.2259998    2.570624938   0.016299598  0.10391745
8.3631001    2.613468781   0.016415817  0.1040333
8.5002003    2.656312594   0.016415609  0.104265
8.6372995    2.699156094   0.016531795  0.104265
8.7743998    2.741999938   0.016415157  0.10438085
8.9115       2.78484375    0.01641494   0.1044967
9.0486002    2.827687563   0.016531114  0.1044967
9.1857004    2.870531375   0.016530866  0.10461255
9.3227997    2.913374906   0.016530611  0.10461255
9.4598999    2.956218719   0.016413964  0.10461255
9.5970001    2.999062531   0.016530113  0.10461255
9.7341003    3.041906344   0.016529847  0.1047284
9.8711996    3.084749875   0.016529574  0.10484425
10.0083      3.12759375    0.016529295  0.10507595
10.1454      3.1704375     0.016529008  0.1051918
10.2825      3.21328125    0.01652871   0.1051918
10.4196      3.256125      0.016412034  0.10530765
10.5567      3.29896875    0.01652812   0.10530765
10.6938      3.3418125     0.016527796  0.10530765
10.8309      3.38465625    0.016411093  0.10530765
10.968       3.4275        0.016410768  0.10530765
11.1051      3.47034375    0.01629407   0.10530765
11.2422      3.5131875     0.016293753  0.1051918
11.3793      3.55603125    0.016409781  0.10507595
11.5164      3.598875      0.016293046  0.1049601
11.6535      3.64171875    0.016176324  0.1047284
11.7906      3.6845625     0.016059613  0.1044967
11.9277      3.72740625    0.016059262  0.1040333
12.0648      3.77025       0.015942551  0.1038016
12.2019      3.81309375    0.015942191  0.10345405
12.339       3.8559375     0.015825469  0.1031065
12.4761      3.89878125    0.015708758  0.1028748
12.6132      3.941625      0.015592056  0.10252725
12.7503      3.98446875    0.015591693  0.1021797
12.8874      4.0273125     0.015358652  0.10160045
13.0245      4.07015625    0.015358305  0.1012529
13.1616      4.113         0.015241613  0.10090535
13.2987      4.15584375    0.015124928  0.1003261
13.4358      4.1986875     0.015008257  0.099978551
13.5729      4.24153125    0.015007908  0.099399298
13.71        4.284375      0.014774912  0.099051751
13.8471      4.32721875    0.014774578  0.098704197
13.9842      4.3700625     0.014657911  0.098356649
14.1213      4.41290625    0.01442495   0.098124951
14.2584      4.45575       0.014424642  0.097893253
14.3955      4.49859375    0.014424312  0.097661547
14.5326      4.5414375     0.014191368  0.097545698
14.6697      4.58428125    0.014191057  0.097314
14.8068      4.627125      0.014074434  0.097198151
14.9439      4.66996875    0.013957823  0.097082302
15.081       4.7128125     0.013841228  0.096966453
15.2181      4.75565625    0.013840937  0.096850596
15.3552      4.7985        0.013840631  0.096734747
15.4923      4.84134375    0.013724024  0.096850596
15.6294      4.8841875     0.013607429  0.096734747
15.7665      4.92703125    0.01349085   0.096734747
15.9036      4.969875      0.013490562  0.096734747
16.040701    5.012719063   0.013490255  0.096618898
16.177799    5.055562188   0.013257393  0.096618898
16.314899    5.098405938   0.013257108  0.096503049
16.452       5.14125       0.013140546  0.0963872
16.5891      5.18409375    0.01314026   0.0963872
16.7262      5.2269375     0.013023699  0.096271351
16.8633      5.26978125    0.012907155  0.096155502
17.000401    5.312625313   0.012906885  0.096155502
17.137501    5.355469063   0.0129066    0.096155502
17.274599    5.398312188   0.012790049  0.096039653
17.411699    5.441155938   0.012673516  0.095923796
17.5488      5.484         0.012673247  0.095923796
17.6859      5.52684375    0.012672964  0.095923796
17.823       5.5696875     0.012556428  0.095923796
17.9601      5.61253125    0.012556143  0.095923796
18.0972      5.655375      0.012439606  0.095807947
18.234301    5.698219063   0.012323086  0.095692098
18.371401    5.741062813   0.012322811  0.095576249
18.508499    5.783905938   0.012322517  0.0954604
18.645599    5.826749688   0.012089758  0.0954604
18.7827      5.86959375    0.012089484  0.095344551
18.9198      5.9124375     0.011972972  0.095112853
19.0569      5.95528125    0.011856474  0.094881147
19.194       5.998125      0.011739991  0.094649449
19.3311      6.04096875    0.011739738  0.094301902
19.468201    6.083812813   0.011739467  0.094070204
19.605301    6.126656563   0.011506767  0.093722649
19.742399    6.169499688   0.01150652   0.093490951
19.879499    6.212343438   0.011390059  0.093143404
20.0166      6.2551875     0.011389813  0.092911698
20.1537      6.29803125    0.011273358  0.09268
20.2908      6.340875      0.011273112  0.092332453
20.4279      6.38371875    0.011156659  0.091869049
20.565001    6.426562813   0.011040224  0.091637351
20.702101    6.469406563   0.011039995  0.091173947
20.839199    6.512249688   0.011039753  0.090942249
20.976299    6.555093438   0.010923314  0.090594701
21.1134      6.5979375     0.010806891  0.090247147
21.2505      6.64078125    0.010806662  0.090015449
21.3876      6.683625      0.010690248  0.089667901
21.5247      6.72646875    0.010690025  0.089436203
21.6618      6.7693125     0.010689786  0.089204498
21.798901    6.812156563   0.010457197  0.088972799
21.936001    6.855000313   0.010456989  0.088741101
22.073099    6.897843438   0.010456772  0.088509403
22.210199    6.940687188   0.010456541  0.088161848
22.3473      6.98353125    0.010223978  0.088045999
22.4844      7.026375      0.010223777  0.087698452
22.6215      7.06921875    0.010223569  0.087466747
22.7586      7.1120625     0.010223349  0.087350897
22.8957      7.15490625    0.010106965  0.087119199
23.032801    7.197750313   0.009990599  0.08700335
23.169901    7.240594063   0.009990395  0.086887501
23.306999    7.283437188   0.009874039  0.086771652
23.444099    7.326280938   0.009873846  0.086655803
23.5812      7.369125      0.009873646  0.086424097
23.7183      7.41196875    0.009873435  0.086308248
23.8554      7.4548125     0.009757077  0.086192399
23.9925      7.49765625    0.009640737  0.08607655
24.129601    7.540500313   0.009640548  0.085844852
24.266701    7.583344063   0.009640349  0.085613146
24.403799    7.626187188   0.009524017  0.085497297
24.540899    7.669030938   0.009523828  0.085265599
24.677999    7.711874688   0.009523629  0.08514975
24.8151      7.75471875    0.009407304  0.084918052
24.9522      7.7975625     0.009407112  0.084802203
25.0893      7.84040625    0.009290799  0.084686346
25.2264      7.88325       0.009290618  0.084686346
25.363501    7.926094063   0.00929043   0.084570497
25.500601    7.968937813   0.009174128  0.084454648
25.637699    8.011780938   0.009173953  0.084570497
25.774799    8.054624688   0.009173774  0.084570497
25.9119      8.09746875    0.009173591  0.084686346
26.049       8.1403125     0.0091734    0.084570497
26.1861      8.18315625    0.009057107  0.084570497
26.3232      8.226         0.00905693   0.084570497
26.4603      8.26884375    0.009056749  0.084686346
26.597401    8.311687813   0.009056565  0.084686346
26.734501    8.354531563   0.009056376  0.084802203
26.871599    8.397374688   0.009056179  0.084918052
27.008699    8.440218438   0.008939895  0.085033901
27.1458      8.4830625     0.008939712  0.085265599
27.2829      8.52590625    0.008939526  0.085381448
27.42        8.56875       0.008939337  0.085497297
27.5571      8.61159375    0.008939144  0.085497297
27.694201    8.654437813   0.008938946  0.085497297
27.831301    8.697281563   0.008938742  0.085613146
27.968399    8.740124688   0.008938529  0.085497297
28.105499    8.782968438   0.008822243  0.085497297
28.242599    8.825812188   0.008705979  0.085381448
28.3797      8.86865625    0.008705797  0.085381448
28.5168      8.9115        0.00876364   0.085728996
28.6539      8.95434375    0.008763443  0.086308248
28.791       8.9971875     0.008763245  0.086887501
28.928101    9.040031563   0.00887909   0.087408826
29.065201    9.082875313   0.008820835  0.087814301
29.202299    9.125718438   0.008762587  0.088219777
29.339399    9.168562188   0.008762367  0.088509403
29.4765      9.21140625    0.008762142  0.08885695
29.6136      9.25425       0.008761911  0.089030728
29.7507      9.29709375    0.008761674  0.089204498
29.8878      9.3399375     0.008761429  0.089204498
30.0249      9.38278125    0.008761174  0.089146577
30.162001    9.425625313   0.008702898  0.089146577
30.299101    9.468469063   0.008644626  0.089030728
30.436199    9.511312188   0.008586357  0.088741101
30.573299    9.554155938   0.008586095  0.088567324
30.7104      9.597         0.008585815  0.088277698
30.8475      9.63984375    0.008353521  0.08793015
30.9846      9.6826875     0.008353264  0.087466747
31.1217      9.72553125    0.008294999  0.08700335
31.258801    9.768375313   0.008236735  0.086539946
31.395901    9.811219063   0.008236461  0.085960701
31.533001    9.854062813   0.008062198  0.085381448
31.670099    9.896905938   0.008003941  0.084860124
31.807199    9.939749688   0.007945685  0.084107101
31.9443      9.98259375    0.007887428  0.083469927
32.081402    10.02543813   0.007829168  0.082658976
32.218498    10.06828063   0.007712921  0.081963874
32.355598    10.11112438   0.007596686  0.081210852
32.492699    10.15396844   0.00753844   0.08051575
32.629799    10.19681219   0.007422214  0.079762727
32.766899    10.23965594   0.007363974  0.078951776
32.903999    10.28249969   0.007247757  0.078024976
33.0411      10.32534375   0.007131551  0.077156104
33.1782      10.3681875    0.007131291  0.076287225
33.3153      10.41103125   0.006957112  0.075476274
33.4524      10.453875     0.006898882  0.074491546
33.5895      10.49671875   0.006724719  0.073622674
33.726601    10.53956281   0.006608539  0.072753802
33.863701    10.58240656   0.006550324  0.071827002
34.000801    10.62525031   0.006434144  0.070900202
34.137901    10.66809406   0.006260014  0.069973402
34.275002    10.71093813   0.006201806  0.069046602
34.412102    10.75378188   0.006085636  0.068003953
34.549198    10.79662438   0.005911516  0.067019224
34.686298    10.83946813   0.005795353  0.066034496
34.823399    10.88231219   0.005737121  0.065049775
34.960499    10.92515594   0.005678831  0.064007126
35.097599    10.96799969   0.003824414  0.042285249
35.234699    11.01084344   0.003592541  0.040315799
35.371799    11.05368719   0.003476562  0.03834635
35.5089      11.09653125   0.003244712  0.036376901
35.646       11.139375     0.00301288   0.034523301
35.7831      11.18221875   0.002896935  0.032553852
35.9202      11.2250625    0.002780994  0.030584401
36.057301    11.26790656   0.00254919   0.0287308
36.194401    11.31075031   0.002317402  0.0268772
36.331501    11.35359406   0.00220149   0.024907749
36.468601    11.39643781   0.002085582  0.023054151
36.605701    11.43928156   0.001853818  0.021200551
36.742802    11.48212563   0.001622067  0.019346951
36.879902    11.52496938   0.001506184  0.01749335
37.016998    11.56781188   0.001390303  0.015755599
37.154099    11.61065594   0.001158573  0.01401785
37.291199    11.65349969   0.001042704  0.01239595
37.428299    11.69634344   0.000926838  0.01077405
37.565399    11.73918719   0.000810976  0.00938385
37.702499    11.78203094   0.000695116  0.0078778
37.8396      11.824875     0.000463408  0.00637175
37.9767      11.86771875   0.000463405  0.0050974
38.1138      11.9105625    0.000231702  0.00382305
38.2509      11.95340625   0.000231701  0.0025487
38.388       11.99625      0.00011585   0.00173775
38.525101    12.03909406   0.00011585   0.00104265
38.662201    12.08193781   0            0.00034755
38.799301    12.12478156   0            0
38.936401    12.16762531   0            0
39.073502    12.21046938   0            0
39.210602    12.25331313   0            0
39.347698    12.29615563   0            0
39.484798    12.33899938   0            0
39.621899    12.38184344   0            0
39.758999    12.42468719   0            0
39.896099    12.46753094   0            0
40.033199    12.51037469   0            0
40.1703      12.55321875   0            0
40.3074      12.5960625    0            0
40.4445      12.63890625   0            0
40.5816      12.68175      0            0
40.7187      12.72459375   0            0
40.855801    12.76743781   0            0
40.992901    12.81028156   0            0
41.130001    12.85312531   0            0
41.267101    12.89596906   0            0
41.404202    12.93881313   0            0
41.541302    12.98165688   0            0
41.678398    13.02449938   0            0
41.815498    13.06734313   0            0
41.952599    13.11018719   0            0
42.089699    13.15303094   0            0
42.226799    13.19587469   0            0
42.363899    13.23871844   0            0
42.500999    13.28156219   0            0
42.6381      13.32440625   0            0
42.7752      13.36725      0            0
42.9123      13.41009375   0            0
43.0494      13.4529375    0            0
43.186501    13.49578156   0            0
43.323601    13.53862531   0            0
43.460701    13.58146906   0            0
43.597801    13.62431281   0            0
43.734901    13.66715656   0            0
43.872002    13.71000063   0            0
44.009102    13.75284438   0            0
44.146198    13.79568688   0            0
44.283298    13.83853063   0            0
44.420399    13.88137469   0            0
44.557499    13.92421844   0            0
44.694599    13.96706219   0            0
44.831699    14.00990594   0            0
44.9688      14.05275      0            0
45.1059      14.09559375   0            0
45.243       14.1384375    0            0
45.3801      14.18128125   0            0
45.5172      14.224125     0            0
45.654301    14.26696906   0            0
45.791401    14.30981281   0            0
45.928501    14.35265656   0            0
46.065601    14.39550031   0            0
46.202702    14.43834438   0            0
46.339802    14.48118813   0            0
46.476898    14.52403063   0            0
46.613998    14.56687438   0            0
46.751099    14.60971844   0            0
46.888199    14.65256219   0            0
47.025299    14.69540594   0            0
47.162399    14.73824969   0            0
47.2995      14.78109375   0            0
47.4366      14.8239375    0            0
47.5737      14.86678125   0            0
47.7108      14.909625     0            0
47.8479      14.95246875   0            0
47.985001    14.99531281   0            0
48.122101    15.03815656   0            0
48.259201    15.08100031   0            0
48.396301    15.12384406   0            0
48.533401    15.16668781   0            0
48.670502    15.20953188   0            0
48.807598    15.25237438   0            0
48.944698    15.29521813   0            0
49.081799    15.33806219   0            0
49.218899    15.38090594   0            0
49.355999    15.42374969   0            0
49.493099    15.46659344   0            0
49.630199    15.50943719   0            0
49.7673      15.55228125   0            0
49.9044      15.595125     0            0
50.0415      15.63796875   0            0
50.1786      15.6808125    0            0
50.315701    15.72365656   0            0
50.452801    15.76650031   0            0
50.589901    15.80934406   0            0
50.727001    15.85218781   0            0
50.864101    15.89503156   0            0
51.001202    15.93787563   0            0
51.138302    15.98071938   0            0
51.275398    16.02356188   0            0
51.412498    16.06640563   0            0
51.549599    16.10924969   0            0
51.686699    16.15209344   0            0
51.823799    16.19493719   0            0
51.960899    16.23778094   0            0
52.098       16.280625     0            0
52.2351      16.32346875   0            0
52.3722      16.3663125    0            0
52.5093      16.40915625   0            0
52.6464      16.452        0            0
52.783501    16.49484406   0            0
52.920601    16.53768781   0            0
53.057701    16.58053156   0            0
53.194801    16.62337531   0            0
53.331902    16.66621938   0            0
53.469002    16.70906313   0            0
53.606098    16.75190563   0            0
53.743198    16.79474938   0            0
53.880299    16.83759344   0            0
54.017399    16.88043719   0            0
54.154499    16.92328094   0            0
54.291599    16.96612469   0            0
54.428699    17.00896844   0            0
54.5658      17.0518125    0            0
54.7029      17.09465625   0            0
54.84        17.1375       0            0
54.9771      17.18034375   0            0
55.114201    17.22318781   0            0
55.251301    17.26603156   0            0
55.388401    17.30887531   0            0
55.525501    17.35171906   0            0
55.662601    17.39456281   0            0
55.799702    17.43740688   0            0
55.936798    17.48024938   0            0
56.073898    17.52309313   0            0
56.210999    17.56593719   0            0
56.348099    17.60878094   0            0
56.485199    17.65162469   0            0
56.622299    17.69446844   0            0
56.759399    17.73731219   0            0
56.8965      17.78015625   0            0
57.0336      17.823        0            0
57.1707      17.86584375   0            0
57.3078      17.9086875    0            0
57.444901    17.95153156   0            0
57.582001    17.99437531   0            0
57.719101    18.03721906   0            0
57.856201    18.08006281   0            0
57.993301    18.12290656   0            0
58.130402    18.16575063   0            0
58.267502    18.20859438   0            0
58.404598    18.25143688   0            0
58.541698    18.29428063   0            0
58.678799    18.33712469   0            0
58.815899    18.37996844   0            0
58.952999    18.42281219   0            0
59.090099    18.46565594   0            0
59.2272      18.5085       0            0
59.3643      18.55134375   0            0
59.5014      18.5941875    0            0
59.6385      18.63703125   0            0
59.7756      18.679875     0            0
59.912701    18.72271906   0            0
60.049801    18.76556281   0            0
60.186901    18.80840656   0            0
60.324001    18.85125031   0            0
60.461102    18.89409438   0            0
60.598202    18.93693813   0            0
60.735298    18.97978063   0            0
60.872398    19.02262438   0            0
61.009499    19.06546844   0            0
61.146599    19.10831219   0            0
61.283699    19.15115594   0            0
61.420799    19.19399969   0            0
61.557899    19.23684344   0            0
61.695       19.2796875    0            0
61.8321      19.32253125   0            0
61.9692      19.365375     0            0
62.1063      19.40821875   0            0
62.243401    19.45106281   0            0
62.380501    19.49390656   0            0
62.517601    19.53675031   0            0
62.654701    19.57959406   0            0
62.791801    19.62243781   0            0
62.928902    19.66528188   0            0
63.066002    19.70812563   0            0
63.203098    19.75096813   0            0
63.340199    19.79381219   0            0
63.477299    19.83665594   0            0
63.614399    19.87949969   0            0
63.751499    19.92234344   0            0
63.888599    19.96518719   0            0
64.025703    20.00803219   0            0
64.162804    20.05087625   0            0
64.299896    20.0937175    0            0
64.436996    20.13656125   0            0
64.574097    20.17940531   0            0
64.711197    20.22224906   0            0
64.848297    20.26509281   0            0
64.985397    20.30793656   0            0
65.122498    20.35078063   0            0
65.259598    20.39362438   0            0
65.396698    20.43646813   0            0
65.533798    20.47931188   0            0
65.670898    20.52215563   0            0
65.807999    20.56499969   0            0
65.945099    20.60784344   0            0
66.082199    20.65068719   0            0
66.219299    20.69353094   0            0
66.3564      20.736375     0            0
66.4935      20.77921875   0            0
66.6306      20.8220625    0            0
66.7677      20.86490625   0            0
66.9048      20.90775      0            0
67.041901    20.95059406   0            0
67.179001    20.99343781   0            0
67.316101    21.03628156   0            0
67.453201    21.07912531   0            0
67.590302    21.12196938   0            0
67.727402    21.16481313   0            0
67.864502    21.20765688   0            0
68.001602    21.25050063   0            0
68.138702    21.29334438   0            0
68.275803    21.33618844   0            0
68.412903    21.37903219   0            0
68.550003    21.42187594   0            0
68.687103    21.46471969   0            0
68.824203    21.50756344   0            0
68.961304    21.5504075    0            0
69.098396    21.59324875   0            0
69.235497    21.63609281   0            0
69.372597    21.67893656   0            0
69.509697    21.72178031   0            0
69.646797    21.76462406   0            0
69.783897    21.80746781   0            0
69.920998    21.85031188   0            0
70.058098    21.89315563   0            0
70.195198    21.93599938   0            0
70.332298    21.97884313   0            0
70.469398    22.02168688   0            0
70.606499    22.06453094   0            0
70.743599    22.10737469   0            0
70.880699    22.15021844   0            0
71.017799    22.19306219   0            0
71.1549      22.23590625   0            0
71.292       22.27875      0            0
71.4291      22.32159375   0            0
71.5662      22.3644375    0            0
71.7033      22.40728125   0            0
71.840401    22.45012531   0            0
71.977501    22.49296906   0            0
72.114601    22.53581281   0            0
72.251701    22.57865656   0            0
72.388802    22.62150063   0            0
72.525902    22.66434438   0            0
72.663002    22.70718813   0            0
72.800102    22.75003188   0            0
72.937202    22.79287563   0            0
73.074303    22.83571969   0            0
73.211403    22.87856344   0            0
73.348503    22.92140719   0            0
73.485603    22.96425094   0            0
73.622704    23.007095     0            0
73.759804    23.04993875   0            0
73.896896    23.09278      0            0
74.033997    23.13562406   0            0
74.171097    23.17846781   0            0
74.308197    23.22131156   0            0
74.445297    23.26415531   0            0
74.582397    23.30699906   0            0
74.719498    23.34984313   0            0
74.856598    23.39268688   0            0
74.993698    23.43553063   0            0
75.130798    23.47837438   0            0
75.267899    23.52121844   0            0
75.404999    23.56406219   0            0
75.542099    23.60690594   0            0
75.679199    23.64974969   0            0
75.816299    23.69259344   0            0
75.9534      23.7354375    0            0
76.0905      23.77828125   0            0
76.2276      23.821125     0            0
76.3647      23.86396875   0            0
76.501801    23.90681281   0            0
76.638901    23.94965656   0            0
76.776001    23.99250031   0            0
76.913101    24.03534406   0            0
77.050201    24.07818781   0            0
77.187302    24.12103188   0            0
77.324402    24.16387563   0            0
77.461502    24.20671938   0            0
77.598602    24.24956313   0            0
77.735703    24.29240719   0            0
77.872803    24.33525094   0            0
78.009903    24.37809469   0            0
78.147003    24.42093844   0            0
78.284103    24.46378219   0            0
78.421204    24.50662625   0            0
78.558296    24.5494675    0            0
78.695396    24.59231125   0            0
78.832497    24.63515531   0            0
78.969597    24.67799906   0            0
79.106697    24.72084281   0            0
79.243797    24.76368656   0            0
79.380898    24.80653063   0            0
79.517998    24.84937438   0            0
79.655098    24.89221813   0            0
79.792198    24.93506188   0            0
79.929298    24.97790563   0            0
