#            x/D           =            257.8125  ~   258    
#            r             (mm)         r/D       fv  (ppm)  rms_fv
-79.929298   -24.97790563  0            0
-79.792198   -24.93506188  0            0
-79.655098   -24.89221813  0            0
-79.517998   -24.84937438  0            0
-79.380898   -24.80653063  0            0
-79.243797   -24.76368656  0            0
-79.106697   -24.72084281  0            0
-78.969597   -24.67799906  0            0
-78.832497   -24.63515531  0            0
-78.695396   -24.59231125  0            0
-78.558296   -24.5494675   0            0
-78.421204   -24.50662625  0            0
-78.284103   -24.46378219  0            0
-78.147003   -24.42093844  0            0
-78.009903   -24.37809469  0            0
-77.872803   -24.33525094  0            0
-77.735703   -24.29240719  0            0
-77.598602   -24.24956313  0            0
-77.461502   -24.20671938  0            0
-77.324402   -24.16387563  0            0
-77.187302   -24.12103188  0            0
-77.050201   -24.07818781  0            0
-76.913101   -24.03534406  0            0
-76.776001   -23.99250031  0            0
-76.638901   -23.94965656  0            0
-76.501801   -23.90681281  0            0
-76.3647     -23.86396875  0            0
-76.2276     -23.821125    0            0
-76.0905     -23.77828125  0            0
-75.9534     -23.7354375   0            0
-75.816299   -23.69259344  0            0
-75.679199   -23.64974969  0            0
-75.542099   -23.60690594  0            0
-75.404999   -23.56406219  0            0
-75.267899   -23.52121844  0            0
-75.130798   -23.47837438  0            0
-74.993698   -23.43553063  0            0
-74.856598   -23.39268688  0            0
-74.719498   -23.34984313  0            0
-74.582397   -23.30699906  0            0
-74.445297   -23.26415531  0            0
-74.308197   -23.22131156  0            0
-74.171097   -23.17846781  0            0
-74.033997   -23.13562406  0            0
-73.896896   -23.09278     0            0
-73.759804   -23.04993875  0            0
-73.622704   -23.007095    0            0
-73.485603   -22.96425094  0            0
-73.348503   -22.92140719  0            0
-73.211403   -22.87856344  0            0
-73.074303   -22.83571969  0            0
-72.937202   -22.79287563  0            0
-72.800102   -22.75003188  0            0
-72.663002   -22.70718813  0            0
-72.525902   -22.66434438  0            0
-72.388802   -22.62150063  0            0
-72.251701   -22.57865656  0            0
-72.114601   -22.53581281  0            0
-71.977501   -22.49296906  0            0
-71.840401   -22.45012531  0            0
-71.7033     -22.40728125  0            0
-71.5662     -22.3644375   0            0
-71.4291     -22.32159375  0            0
-71.292      -22.27875     0            0
-71.1549     -22.23590625  0            0
-71.017799   -22.19306219  0            0
-70.880699   -22.15021844  0            0
-70.743599   -22.10737469  0            0
-70.606499   -22.06453094  0            0
-70.469398   -22.02168688  0            0
-70.332298   -21.97884313  0            0
-70.195198   -21.93599938  0            0
-70.058098   -21.89315563  0            0
-69.920998   -21.85031188  0            0
-69.783897   -21.80746781  0            0
-69.646797   -21.76462406  0            0
-69.509697   -21.72178031  0            0
-69.372597   -21.67893656  0            0
-69.235497   -21.63609281  0            0
-69.098396   -21.59324875  0            0
-68.961304   -21.5504075   0            0
-68.824203   -21.50756344  0            0
-68.687103   -21.46471969  0            0
-68.550003   -21.42187594  0            0
-68.412903   -21.37903219  0            0
-68.275803   -21.33618844  0            0
-68.138702   -21.29334438  0            0
-68.001602   -21.25050063  0            0
-67.864502   -21.20765688  0            0
-67.727402   -21.16481313  0            0
-67.590302   -21.12196938  0            0
-67.453201   -21.07912531  0            0
-67.316101   -21.03628156  0            0
-67.179001   -20.99343781  0            0
-67.041901   -20.95059406  0            0
-66.9048     -20.90775     0            0
-66.7677     -20.86490625  0            0
-66.6306     -20.8220625   0            0
-66.4935     -20.77921875  0            0
-66.3564     -20.736375    0            0
-66.219299   -20.69353094  0            0
-66.082199   -20.65068719  0            0
-65.945099   -20.60784344  0            0
-65.807999   -20.56499969  0            0
-65.670898   -20.52215563  0            0
-65.533798   -20.47931188  0            0
-65.396698   -20.43646813  0            0
-65.259598   -20.39362438  0            0
-65.122498   -20.35078063  0            0
-64.985397   -20.30793656  0            0
-64.848297   -20.26509281  0            0
-64.711197   -20.22224906  0            0
-64.574097   -20.17940531  0            0
-64.436996   -20.13656125  0            0
-64.299896   -20.0937175   0            0
-64.162804   -20.05087625  0            0
-64.025703   -20.00803219  0            0
-63.888599   -19.96518719  0            0
-63.751499   -19.92234344  0            0
-63.614399   -19.87949969  0            0
-63.477299   -19.83665594  0            0
-63.340199   -19.79381219  0            0
-63.203098   -19.75096813  0            0
-63.066002   -19.70812563  0            0
-62.928902   -19.66528188  0            0
-62.791801   -19.62243781  0            0
-62.654701   -19.57959406  0            0
-62.517601   -19.53675031  0            0
-62.380501   -19.49390656  0            0
-62.243401   -19.45106281  0            0
-62.1063     -19.40821875  0            0
-61.9692     -19.365375    0            0
-61.8321     -19.32253125  0            0
-61.695      -19.2796875   0            0
-61.557899   -19.23684344  0            0
-61.420799   -19.19399969  0            0
-61.283699   -19.15115594  0            0
-61.146599   -19.10831219  0            0
-61.009499   -19.06546844  0            0
-60.872398   -19.02262438  0            0
-60.735298   -18.97978063  0            0
-60.598202   -18.93693813  0            0
-60.461102   -18.89409438  0            0
-60.324001   -18.85125031  0            0
-60.186901   -18.80840656  0            0
-60.049801   -18.76556281  0            0
-59.912701   -18.72271906  0            0
-59.7756     -18.679875    0            0
-59.6385     -18.63703125  0            0
-59.5014     -18.5941875   0            0
-59.3643     -18.55134375  0            0
-59.2272     -18.5085      0            0
-59.090099   -18.46565594  0            0
-58.952999   -18.42281219  0            0
-58.815899   -18.37996844  0            0
-58.678799   -18.33712469  0            0
-58.541698   -18.29428063  0            0
-58.404598   -18.25143688  0            0
-58.267502   -18.20859438  0            0
-58.130402   -18.16575063  0            0
-57.993301   -18.12290656  0            0
-57.856201   -18.08006281  0            0
-57.719101   -18.03721906  0            0
-57.582001   -17.99437531  0            0
-57.444901   -17.95153156  0            0
-57.3078     -17.9086875   0            0
-57.1707     -17.86584375  0            0
-57.0336     -17.823       0            0
-56.8965     -17.78015625  0            0
-56.759399   -17.73731219  0            0
-56.622299   -17.69446844  0            0
-56.485199   -17.65162469  0            0
-56.348099   -17.60878094  0            0
-56.210999   -17.56593719  0            0
-56.073898   -17.52309313  0            0
-55.936798   -17.48024938  0            0
-55.799702   -17.43740688  0            0
-55.662601   -17.39456281  0            0
-55.525501   -17.35171906  0            0
-55.388401   -17.30887531  0            0
-55.251301   -17.26603156  0            0
-55.114201   -17.22318781  0            0
-54.9771     -17.18034375  0            0
-54.84       -17.1375      0            0
-54.7029     -17.09465625  0            0
-54.5658     -17.0518125   0            0
-54.428699   -17.00896844  0            0
-54.291599   -16.96612469  0            0
-54.154499   -16.92328094  0            0
-54.017399   -16.88043719  0            0
-53.880299   -16.83759344  0            0
-53.743198   -16.79474938  0            0
-53.606098   -16.75190563  0            0
-53.469002   -16.70906313  0            0
-53.331902   -16.66621938  0            0
-53.194801   -16.62337531  0            0
-53.057701   -16.58053156  0            0
-52.920601   -16.53768781  0            0
-52.783501   -16.49484406  0            0
-52.6464     -16.452       0            0
-52.5093     -16.40915625  0            0
-52.3722     -16.3663125   0            0
-52.2351     -16.32346875  0            0
-52.098      -16.280625    0            0
-51.960899   -16.23778094  0            0
-51.823799   -16.19493719  0            0
-51.686699   -16.15209344  0            0
-51.549599   -16.10924969  0            0
-51.412498   -16.06640563  0            0
-51.275398   -16.02356188  0            0
-51.138302   -15.98071938  0            0
-51.001202   -15.93787563  0            0
-50.864101   -15.89503156  0            0
-50.727001   -15.85218781  0            0
-50.589901   -15.80934406  0            0
-50.452801   -15.76650031  0            0
-50.315701   -15.72365656  0            0
-50.1786     -15.6808125   0            0
-50.0415     -15.63796875  0            0
-49.9044     -15.595125    0            0
-49.7673     -15.55228125  0            0
-49.630199   -15.50943719  0            0
-49.493099   -15.46659344  0            0
-49.355999   -15.42374969  0            0
-49.218899   -15.38090594  0            0
-49.081799   -15.33806219  0            0
-48.944698   -15.29521813  0            0
-48.807598   -15.25237438  0            0
-48.670502   -15.20953188  0            0
-48.533401   -15.16668781  0            0
-48.396301   -15.12384406  0            0
-48.259201   -15.08100031  0            0
-48.122101   -15.03815656  0            0
-47.985001   -14.99531281  0            0
-47.8479     -14.95246875  0            0
-47.7108     -14.909625    0            0
-47.5737     -14.86678125  0            0
-47.4366     -14.8239375   0            0
-47.2995     -14.78109375  0            0
-47.162399   -14.73824969  0            0
-47.025299   -14.69540594  0            0
-46.888199   -14.65256219  0            0
-46.751099   -14.60971844  0            0
-46.613998   -14.56687438  0            0
-46.476898   -14.52403063  0            0
-46.339802   -14.48118813  0            0
-46.202702   -14.43834438  0            0
-46.065601   -14.39550031  0            0
-45.928501   -14.35265656  0            0
-45.791401   -14.30981281  0            0
-45.654301   -14.26696906  0            0
-45.5172     -14.224125    0            0
-45.3801     -14.18128125  0            0
-45.243      -14.1384375   0            0
-45.1059     -14.09559375  0            0
-44.9688     -14.05275     0            0
-44.831699   -14.00990594  0            0
-44.694599   -13.96706219  0            0
-44.557499   -13.92421844  0            0
-44.420399   -13.88137469  0            0
-44.283298   -13.83853063  0            0
-44.146198   -13.79568688  0            0
-44.009102   -13.75284438  0            0
-43.872002   -13.71000063  0            0
-43.734901   -13.66715656  0            0
-43.597801   -13.62431281  0            0
-43.460701   -13.58146906  0            0
-43.323601   -13.53862531  0            0
-43.186501   -13.49578156  0            0
-43.0494     -13.4529375   0            0
-42.9123     -13.41009375  0            0
-42.7752     -13.36725     0            0
-42.6381     -13.32440625  0            0
-42.500999   -13.28156219  0            0
-42.363899   -13.23871844  0            0
-42.226799   -13.19587469  0            0
-42.089699   -13.15303094  0            0
-41.952599   -13.11018719  0            0
-41.815498   -13.06734313  0            0
-41.678398   -13.02449938  0            0
-41.541302   -12.98165688  0            0
-41.404202   -12.93881313  0            0
-41.267101   -12.89596906  0            0
-41.130001   -12.85312531  0            0
-40.992901   -12.81028156  0            0
-40.855801   -12.76743781  0            0
-40.7187     -12.72459375  0            0
-40.5816     -12.68175     0            0
-40.4445     -12.63890625  0            0
-40.3074     -12.5960625   0            0
-40.1703     -12.55321875  0            0
-40.033199   -12.51037469  0            0
-39.896099   -12.46753094  0            0
-39.758999   -12.42468719  0            0
-39.621899   -12.38184344  0            0
-39.484798   -12.33899938  0            0.0002317
-39.347698   -12.29615563  0            0.00034755
-39.210602   -12.25331313  0            0.00057925
-39.073502   -12.21046938  0            0.00081095
-38.936401   -12.16762531  0            0.00104265
-38.799301   -12.12478156  0            0.0013902
-38.662201   -12.08193781  0            0.0016219
-38.525101   -12.03909406  0.00011585   0.0018536
-38.388      -11.99625     0.00011585   0.00220115
-38.2509     -11.95340625  0.00011585   0.00243285
-38.1138     -11.9105625   0.000115851  0.00289625
-37.9767     -11.86771875  0.000115851  0.0034755
-37.8396     -11.824875    0.000115851  0.00405475
-37.702499   -11.78203094  0.000347553  0.00451815
-37.565399   -11.73918719  0.000347555  0.0050974
-37.428299   -11.69634344  0.000347556  0.0055608
-37.291199   -11.65349969  0.000347557  0.0062559
-37.154099   -11.61065594  0.000347558  0.006951
-37.016998   -11.56781188  0.000463413  0.00753025
-36.879902   -11.52496938  0.000579268  0.0083412
-36.742802   -11.48212563  0.000579272  0.0090363
-36.605701   -11.43928156  0.000579275  0.00984725
-36.468601   -11.39643781  0.000695133  0.0106582
-36.331501   -11.35359406  0.000695138  0.01146915
-36.194401   -11.31075031  0.000695141  0.0122801
-36.057301   -11.26790656  0.000811002  0.01309105
-35.9202     -11.2250625   0.000926866  0.013902
-35.7831     -11.18221875  0.000926874  0.0148288
-35.646      -11.139375    0.00092688   0.01563975
-35.5089     -11.09653125  0.000926886  0.01656655
-35.371799   -11.05368719  0.001158614  0.017377499
-35.234699   -11.01084344  0.001158625  0.01818845
-35.097599   -10.96799969  0.001158635  0.0189994
-34.960499   -10.92515594  0.001795897  0.03023685
-34.823399   -10.88231219  0.001853864  0.030584401
-34.686298   -10.83946813  0.001911829  0.031047801
-34.549198   -10.79662438  0.001911857  0.031453274
-34.412102   -10.75378188  0.001969819  0.031916674
-34.275002   -10.71093813  0.001969845  0.03232215
-34.137901   -10.66809406  0.002027806  0.032843474
-34.000801   -10.62525031  0.002027831  0.033306874
-33.863701   -10.58240656  0.002143732  0.03371235
-33.726601   -10.53956281  0.002143759  0.034233674
-33.5895     -10.49671875  0.002143784  0.034697074
-33.4524     -10.453875    0.00225969   0.03510255
-33.3153     -10.41103125  0.002259718  0.035623875
-33.1782     -10.3681875   0.002259744  0.035971425
-33.0411     -10.32534375  0.002259769  0.036376901
-32.903999   -10.28249969  0.002317736  0.036840301
-32.766899   -10.23965594  0.002375705  0.037187852
-32.629799   -10.19681219  0.002375732  0.037593324
-32.492699   -10.15396844  0.002375757  0.037998799
-32.355598   -10.11112438  0.002433727  0.038404275
-32.218498   -10.06828063  0.002433753  0.038867675
-32.081402   -10.02543813  0.002491725  0.03927315
-31.9443     -9.98259375   0.002491752  0.039678626
-31.807199   -9.939749688  0.002607674  0.040257875
-31.670099   -9.896905938  0.002607704  0.04066335
-31.533001   -9.854062813  0.002607733  0.04112675
-31.395901   -9.811219063  0.002665709  0.041532226
-31.258801   -9.768375313  0.002723689  0.041879777
-31.1217     -9.72553125   0.00272372   0.042343177
-30.9846     -9.6826875    0.002723749  0.042690724
-30.8475     -9.63984375   0.002839681  0.042980351
-30.7104     -9.597        0.002839715  0.043385826
-30.573299   -9.554155938  0.002839745  0.043733377
-30.436199   -9.511312188  0.002839775  0.044138849
-30.299101   -9.468469063  0.002897758  0.044428475
-30.162001   -9.425625313  0.002955744  0.044833951
-30.0249     -9.38278125   0.003013733  0.045065649
-29.8878     -9.3399375    0.003013767  0.045355275
-29.7507     -9.29709375   0.003013799  0.045644902
-29.6136     -9.25425      0.00301383   0.045760751
-29.4765     -9.21140625   0.003129777  0.0458766
-29.339399   -9.168562188  0.003129813  0.045934524
-29.202299   -9.125718438  0.003129846  0.045934524
-29.065201   -9.082875313  0.003129878  0.045934524
-28.928101   -9.040031563  0.003129909  0.045934524
-28.791      -8.9971875    0.003129939  0.045760751
-28.6539     -8.95434375   0.00318793   0.045586973
-28.5168     -8.9115       0.003129999  0.045355275
-28.3797     -8.86865625   0.003130025  0.045181502
-28.242599   -8.825812188  0.003130052  0.045181502
-28.105499   -8.782968438  0.003130078  0.045065649
-27.968399   -8.740124688  0.003130103  0.0449498
-27.831301   -8.697281563  0.003246059  0.0449498
-27.694201   -8.654437813  0.003246091  0.0449498
-27.5571     -8.61159375   0.003246121  0.044833951
-27.42       -8.56875      0.003246149  0.0449498
-27.2829     -8.52590625   0.003246177  0.0449498
-27.1458     -8.4830625    0.00336214   0.045065649
-27.008699   -8.440218438  0.003362174  0.045297351
-26.871599   -8.397374688  0.003362205  0.0454132
-26.734501   -8.354531563  0.003362235  0.0454132
-26.597401   -8.311687813  0.003478204  0.045529049
-26.4603     -8.26884375   0.003478239  0.045644902
-26.3232     -8.226        0.003478273  0.045644902
-26.1861     -8.18315625   0.003478304  0.045760751
-26.049      -8.1403125    0.003594279  0.045644902
-25.9119     -8.09746875   0.003594317  0.045644902
-25.774799   -8.054624688  0.003594351  0.045529049
-25.637699   -8.011780938  0.003478437  0.0454132
-25.500601   -7.968937813  0.003478461  0.0454132
-25.363501   -7.926094063  0.003478486  0.045181502
-25.2264     -7.88325      0.003478512  0.045065649
-25.0893     -7.84040625   0.003594488  0.0449498
-24.9522     -7.7975625    0.003594521  0.044833951
-24.8151     -7.75471875   0.003594551  0.044833951
-24.677999   -7.711874688  0.00359458   0.044718102
-24.540899   -7.669030938  0.003594609  0.0449498
-24.403799   -7.626187188  0.003594636  0.0449498
-24.266701   -7.583344063  0.00371062   0.045181502
-24.129601   -7.540500313  0.003710654  0.045297351
-23.9925     -7.49765625   0.003710686  0.0454132
-23.8554     -7.4548125    0.003710716  0.045760751
-23.7183     -7.41196875   0.003710746  0.0458766
-23.5812     -7.369125     0.003710774  0.045992449
-23.444099   -7.326280938  0.003826765  0.04634
-23.306999   -7.283437188  0.0038268    0.046571702
-23.169901   -7.240594063  0.003826832  0.0468034
-23.032801   -7.197750313  0.003826864  0.047035098
-22.8957     -7.15490625   0.003826894  0.047382649
-22.7586     -7.1120625    0.003826923  0.047498498
-22.6215     -7.06921875   0.003826952  0.0477302
-22.4844     -7.026375     0.00382698   0.047846049
-22.3473     -6.98353125   0.003827007  0.0481936
-22.210199   -6.940687188  0.003827034  0.048309449
-22.073099   -6.897843438  0.003943032  0.048657
-21.936001   -6.855000313  0.003943066  0.048888702
-21.798901   -6.812156563  0.003943097  0.049236249
-21.6618     -6.7693125    0.003943127  0.049467951
-21.5247     -6.72646875   0.003943156  0.0495838
-21.3876     -6.683625     0.003943185  0.049931351
-21.2505     -6.64078125   0.003943213  0.0500472
-21.1134     -6.5979375    0.00394324   0.0500472
-20.976299   -6.555093438  0.003943266  0.050278902
-20.839199   -6.512249688  0.003943293  0.050278902
-20.702101   -6.469406563  0.003943318  0.050394751
-20.565001   -6.426562813  0.003943344  0.050394751
-20.4279     -6.38371875   0.003943369  0.050394751
-20.2908     -6.340875     0.003943393  0.050394751
-20.1537     -6.29803125   0.003943417  0.0505106
-20.0166     -6.2551875    0.003943441  0.0505106
-19.879499   -6.212343438  0.003943465  0.050626449
-19.742399   -6.169499688  0.003943488  0.050626449
-19.605301   -6.126656563  0.003943511  0.050742302
-19.468201   -6.083812813  0.003943534  0.050742302
-19.3311     -6.04096875   0.003827569  0.050742298
-19.194      -5.998125     0.003827584  0.050858151
-19.0569     -5.95528125   0.003827601  0.050974
-18.9198     -5.9124375    0.003943607  0.050974
-18.7827     -5.86959375   0.003943631  0.050974
-18.645599   -5.826749688  0.003943654  0.050974
-18.508499   -5.783905938  0.003943676  0.051205698
-18.371401   -5.741062813  0.003943697  0.051205698
-18.234301   -5.698219063  0.003827726  0.051089849
-18.0972     -5.655375     0.00382774   0.051089849
-17.9601     -5.61253125   0.003827755  0.050974
-17.823      -5.5696875    0.003827771  0.050974
-17.6859     -5.52684375   0.003827787  0.050858151
-17.5488     -5.484        0.003827803  0.050858151
-17.411699   -5.441155938  0.003943814  0.050858151
-17.274599   -5.398312188  0.003943837  0.050858151
-17.137501   -5.355469063  0.003943858  0.050742298
-17.000401   -5.312625313  0.003827881  0.050394751
-16.8633     -5.26978125   0.003827894  0.050163049
-16.7262     -5.2269375    0.003827908  0.049931351
-16.5891     -5.18409375   0.003827923  0.0495838
-16.452      -5.14125      0.003827938  0.049236249
-16.314899   -5.098405938  0.003827952  0.048772849
-16.177799   -5.055562188  0.003711968  0.048425298
-16.040701   -5.012719063  0.003711977  0.048077751
-15.9036     -4.969875     0.003711987  0.0477302
-15.7665     -4.92703125   0.003711998  0.047614351
-15.6294     -4.8841875    0.003712009  0.0472668
-15.4923     -4.84134375   0.003712021  0.047035102
-15.3552     -4.7985       0.003712033  0.0468034
-15.2181     -4.75565625   0.003712044  0.046571702
-15.081      -4.7128125    0.003712056  0.04634
-14.9439     -4.66996875   0.003712068  0.046108302
-14.8068     -4.627125     0.003828082  0.045992449
-14.6697     -4.58428125   0.003712096  0.0458766
-14.5326     -4.5414375    0.003712106  0.0458766
-14.3955     -4.49859375   0.003712117  0.045760751
-14.2584     -4.45575      0.003712128  0.045644902
-14.1213     -4.41290625   0.003712139  0.045644902
-13.9842     -4.3700625    0.00371215   0.0454132
-13.8471     -4.32721875   0.003712161  0.045297351
-13.71       -4.284375     0.003712172  0.045181502
-13.5729     -4.24153125   0.003712183  0.045065649
-13.4358     -4.1986875    0.003712194  0.0449498
-13.2987     -4.15584375   0.003828212  0.044833951
-13.1616     -4.113        0.003828228  0.044718102
-13.0245     -4.07015625   0.003828243  0.044602249
-12.8874     -4.0273125    0.003828257  0.044602249
-12.7503     -3.98446875   0.00382827   0.044602249
-12.6132     -3.941625     0.003828283  0.044602249
-12.4761     -3.89878125   0.003828296  0.044602249
-12.339      -3.8559375    0.003828308  0.044602249
-12.2019     -3.81309375   0.00382832   0.044718102
-12.0648     -3.77025      0.003944342  0.0449498
-11.9277     -3.72740625   0.00406037   0.0449498
-11.7906     -3.6845625    0.004060392  0.045065649
-11.6535     -3.64171875   0.004060411  0.045297351
-11.5164     -3.598875     0.004060428  0.0454132
-11.3793     -3.55603125   0.004060445  0.045644902
-11.2422     -3.5131875    0.004060461  0.0458766
-11.1051     -3.47034375   0.004060477  0.046108302
-10.968      -3.4275       0.004176506  0.046571702
-10.8309     -3.38465625   0.004176526  0.046919249
-10.6938     -3.3418125    0.004176544  0.047150951
-10.5567     -3.29896875   0.004292577  0.047498502
-10.4196     -3.256125     0.0042926    0.0477302
-10.2825     -3.21328125   0.00429262   0.048077751
-10.1454     -3.1704375    0.004408656  0.048309449
-10.0083     -3.12759375   0.00440868   0.048425298
-9.8711996   -3.084749875  0.004408702  0.048541151
-9.7341003   -3.041906344  0.004408722  0.048657
-9.5970001   -2.999062531  0.004408741  0.048657
-9.4598999   -2.956218719  0.00440876   0.048888698
-9.3227997   -2.913374906  0.004408778  0.0491204
-9.1857004   -2.870531375  0.004408796  0.049352098
-9.0486002   -2.827687563  0.004524834  0.049467951
-8.9115      -2.78484375   0.004524856  0.0495838
-8.7743998   -2.741999938  0.004524876  0.049699649
-8.6372995   -2.699156094  0.004524895  0.049815498
-8.5002003   -2.656312594  0.004524914  0.049815498
-8.3631001   -2.613468781  0.004524931  0.049931351
-8.2259998   -2.570624938  0.004640973  0.049815498
-8.0888996   -2.527781125  0.004640995  0.049931351
-7.9517999   -2.484937469  0.004641015  0.049931351
-7.8147001   -2.442093781  0.004641034  0.0500472
-7.6775999   -2.399249969  0.004641052  0.049931351
-7.5405002   -2.356406313  0.00464107   0.049931351
-7.4033999   -2.313562469  0.004641087  0.049931351
-7.2663002   -2.270718813  0.004757131  0.0500472
-7.1292      -2.227875     0.004757153  0.0500472
-6.9920998   -2.185031188  0.004757172  0.050163049
-6.855       -2.1421875    0.004757191  0.050394751
-6.7178998   -2.099343688  0.004757208  0.0505106
-6.5808001   -2.056500031  0.004757226  0.050742298
-6.4436998   -2.013656188  0.004757242  0.050858151
-6.3066001   -1.970812531  0.004873289  0.051089849
-6.1694999   -1.927968719  0.00487331   0.051321551
-6.0324001   -1.885125031  0.004873328  0.051553249
-5.8952999   -1.842281219  0.004989378  0.0519008
-5.7582002   -1.799437563  0.0049894    0.052248351
-5.6210999   -1.756593719  0.00498942   0.052480049
-5.4840002   -1.713750063  0.005105473  0.0528276
-5.3469      -1.67090625   0.005105496  0.053175151
-5.2097998   -1.628062438  0.005221551  0.053522699
-5.0727      -1.58521875   0.005221576  0.053986099
-4.9355998   -1.542374938  0.005337633  0.054449499
-4.7985001   -1.499531281  0.005337659  0.054912899
-4.6613998   -1.456687438  0.005453719  0.055608001
-4.5243001   -1.413843781  0.005453746  0.056071401
-4.3871999   -1.370999969  0.005453771  0.056534801
-4.2501001   -1.328156281  0.00568587   0.056998201
-4.1129999   -1.285312469  0.005685901  0.057461601
-3.9758999   -1.242468719  0.005685929  0.057809152
-3.8388      -1.199625     0.005685955  0.058156699
-3.7017      -1.15678125   0.005802019  0.05850425
-3.5646      -1.1139375    0.005918088  0.05896765
-3.4275      -1.07109375   0.005918118  0.059315201
-3.2904      -1.02825      0.005918145  0.059662752
-3.1533      -0.98540625   0.00591817   0.060010299
-3.0162001   -0.942562531  0.006034237  0.060473699
-2.8791001   -0.899718781  0.006034264  0.06082125
-2.7420001   -0.856875031  0.006150333  0.061168801
-2.6048999   -0.814031219  0.006150361  0.061516348
-2.4677999   -0.771187469  0.006150387  0.061863899
-2.3306999   -0.728343719  0.006150411  0.062095601
-2.1935999   -0.685499969  0.006266479  0.062443152
-2.0565      -0.64265625   0.006382551  0.062790699
-1.9194      -0.5998125    0.006382579  0.063022397
-1.7823      -0.55696875   0.006382605  0.063254103
-1.6452      -0.514125     0.006382628  0.063369952
-1.5081      -0.47128125   0.006382651  0.06360165
-1.3710001   -0.428437531  0.006382673  0.063717499
-1.2339      -0.38559375   0.006382694  0.063949198
-1.0968      -0.34275      0.006382715  0.064065047
-0.95969999  -0.299906247  0.006498785  0.064180903
-0.82260001  -0.257062503  0.006498807  0.064296752
-0.68550003  -0.214218759  0.00649883   0.064412601
-0.54839998  -0.171374994  0.006498852  0.06452845
-0.4113      -0.12853125   0.006498875  0.064644299
-0.27419999  -0.085687497  0.006498901  0.064760149
-0.1371      -0.04284375   0.006498931  0.064644299
0            0             0.006498977  0.064644299
0.1371       0.04284375    0.006498931  0.064644299
0.27419999   0.085687497   0.006498901  0.064760149
0.4113       0.12853125    0.006498875  0.064644299
0.54839998   0.171374994   0.006498852  0.06452845
0.68550003   0.214218759   0.00649883   0.064412601
0.82260001   0.257062503   0.006498807  0.064296752
0.95969999   0.299906247   0.006498785  0.064180903
1.0968       0.34275       0.006382715  0.064065047
1.2339       0.38559375    0.006382694  0.063949198
1.3710001    0.428437531   0.006382673  0.063717499
1.5081       0.47128125    0.006382651  0.06360165
1.6452       0.514125      0.006382628  0.063369952
1.7823       0.55696875    0.006382605  0.063254103
1.9194       0.5998125     0.006382579  0.063022397
2.0565       0.64265625    0.006382551  0.062790699
2.1935999    0.685499969   0.006266479  0.062443152
2.3306999    0.728343719   0.006150411  0.062095601
2.4677999    0.771187469   0.006150387  0.061863899
2.6048999    0.814031219   0.006150361  0.061516348
2.7420001    0.856875031   0.006150333  0.061168801
2.8791001    0.899718781   0.006034264  0.06082125
3.0162001    0.942562531   0.006034237  0.060473699
3.1533       0.98540625    0.00591817   0.060010299
3.2904       1.02825       0.005918145  0.059662752
3.4275       1.07109375    0.005918118  0.059315201
3.5646       1.1139375     0.005918088  0.05896765
3.7017       1.15678125    0.005802019  0.05850425
3.8388       1.199625      0.005685955  0.058156699
3.9758999    1.242468719   0.005685929  0.057809152
4.1129999    1.285312469   0.005685901  0.057461601
4.2501001    1.328156281   0.00568587   0.056998201
4.3871999    1.370999969   0.005453771  0.056534801
4.5243001    1.413843781   0.005453746  0.056071401
4.6613998    1.456687438   0.005453719  0.055608001
4.7985001    1.499531281   0.005337659  0.054912899
4.9355998    1.542374938   0.005337633  0.054449499
5.0727       1.58521875    0.005221576  0.053986099
5.2097998    1.628062438   0.005221551  0.053522699
5.3469       1.67090625    0.005105496  0.053175151
5.4840002    1.713750063   0.005105473  0.0528276
5.6210999    1.756593719   0.00498942   0.052480049
5.7582002    1.799437563   0.0049894    0.052248351
5.8952999    1.842281219   0.004989378  0.0519008
6.0324001    1.885125031   0.004873328  0.051553249
6.1694999    1.927968719   0.00487331   0.051321551
6.3066001    1.970812531   0.004873289  0.051089849
6.4436998    2.013656188   0.004757242  0.050858151
6.5808001    2.056500031   0.004757226  0.050742298
6.7178998    2.099343688   0.004757208  0.0505106
6.855        2.1421875     0.004757191  0.050394751
6.9920998    2.185031188   0.004757172  0.050163049
7.1292       2.227875      0.004757153  0.0500472
7.2663002    2.270718813   0.004757131  0.0500472
7.4033999    2.313562469   0.004641087  0.049931351
7.5405002    2.356406313   0.00464107   0.049931351
7.6775999    2.399249969   0.004641052  0.049931351
7.8147001    2.442093781   0.004641034  0.0500472
7.9517999    2.484937469   0.004641015  0.049931351
8.0888996    2.527781125   0.004640995  0.049931351
8.2259998    2.570624938   0.004640973  0.049815498
8.3631001    2.613468781   0.004524931  0.049931351
8.5002003    2.656312594   0.004524914  0.049815498
8.6372995    2.699156094   0.004524895  0.049815498
8.7743998    2.741999938   0.004524876  0.049699649
8.9115       2.78484375    0.004524856  0.0495838
9.0486002    2.827687563   0.004524834  0.049467951
9.1857004    2.870531375   0.004408796  0.049352098
9.3227997    2.913374906   0.004408778  0.0491204
9.4598999    2.956218719   0.00440876   0.048888698
9.5970001    2.999062531   0.004408741  0.048657
9.7341003    3.041906344   0.004408722  0.048657
9.8711996    3.084749875   0.004408702  0.048541151
10.0083      3.12759375    0.00440868   0.048425298
10.1454      3.1704375     0.004408656  0.048309449
10.2825      3.21328125    0.00429262   0.048077751
10.4196      3.256125      0.0042926    0.0477302
10.5567      3.29896875    0.004292577  0.047498502
10.6938      3.3418125     0.004176544  0.047150951
10.8309      3.38465625    0.004176526  0.046919249
10.968       3.4275        0.004176506  0.046571702
11.1051      3.47034375    0.004060477  0.046108302
11.2422      3.5131875     0.004060461  0.0458766
11.3793      3.55603125    0.004060445  0.045644902
11.5164      3.598875      0.004060428  0.0454132
11.6535      3.64171875    0.004060411  0.045297351
11.7906      3.6845625     0.004060392  0.045065649
11.9277      3.72740625    0.00406037   0.0449498
12.0648      3.77025       0.003944342  0.0449498
12.2019      3.81309375    0.00382832   0.044718102
12.339       3.8559375     0.003828308  0.044602249
12.4761      3.89878125    0.003828296  0.044602249
12.6132      3.941625      0.003828283  0.044602249
12.7503      3.98446875    0.00382827   0.044602249
12.8874      4.0273125     0.003828257  0.044602249
13.0245      4.07015625    0.003828243  0.044602249
13.1616      4.113         0.003828228  0.044718102
13.2987      4.15584375    0.003828212  0.044833951
13.4358      4.1986875     0.003712194  0.0449498
13.5729      4.24153125    0.003712183  0.045065649
13.71        4.284375      0.003712172  0.045181502
13.8471      4.32721875    0.003712161  0.045297351
13.9842      4.3700625     0.00371215   0.0454132
14.1213      4.41290625    0.003712139  0.045644902
14.2584      4.45575       0.003712128  0.045644902
14.3955      4.49859375    0.003712117  0.045760751
14.5326      4.5414375     0.003712106  0.0458766
14.6697      4.58428125    0.003712096  0.0458766
14.8068      4.627125      0.003828082  0.045992449
14.9439      4.66996875    0.003712068  0.046108302
15.081       4.7128125     0.003712056  0.04634
15.2181      4.75565625    0.003712044  0.046571702
15.3552      4.7985        0.003712033  0.0468034
15.4923      4.84134375    0.003712021  0.047035102
15.6294      4.8841875     0.003712009  0.0472668
15.7665      4.92703125    0.003711998  0.047614351
15.9036      4.969875      0.003711987  0.0477302
16.040701    5.012719063   0.003711977  0.048077751
16.177799    5.055562188   0.003711968  0.048425298
16.314899    5.098405938   0.003827952  0.048772849
16.452       5.14125       0.003827938  0.049236249
16.5891      5.18409375    0.003827923  0.0495838
16.7262      5.2269375     0.003827908  0.049931351
16.8633      5.26978125    0.003827894  0.050163049
17.000401    5.312625313   0.003827881  0.050394751
17.137501    5.355469063   0.003943858  0.050742298
17.274599    5.398312188   0.003943837  0.050858151
17.411699    5.441155938   0.003943814  0.050858151
17.5488      5.484         0.003827803  0.050858151
17.6859      5.52684375    0.003827787  0.050858151
17.823       5.5696875     0.003827771  0.050974
17.9601      5.61253125    0.003827755  0.050974
18.0972      5.655375      0.00382774   0.051089849
18.234301    5.698219063   0.003827726  0.051089849
18.371401    5.741062813   0.003943697  0.051205698
18.508499    5.783905938   0.003943676  0.051205698
18.645599    5.826749688   0.003943654  0.050974
18.7827      5.86959375    0.003943631  0.050974
18.9198      5.9124375     0.003943607  0.050974
19.0569      5.95528125    0.003827601  0.050974
19.194       5.998125      0.003827584  0.050858151
19.3311      6.04096875    0.003827569  0.050742298
19.468201    6.083812813   0.003943534  0.050742302
19.605301    6.126656563   0.003943511  0.050742302
19.742399    6.169499688   0.003943488  0.050626449
19.879499    6.212343438   0.003943465  0.050626449
20.0166      6.2551875     0.003943441  0.0505106
20.1537      6.29803125    0.003943417  0.0505106
20.2908      6.340875      0.003943393  0.050394751
20.4279      6.38371875    0.003943369  0.050394751
20.565001    6.426562813   0.003943344  0.050394751
20.702101    6.469406563   0.003943318  0.050394751
20.839199    6.512249688   0.003943293  0.050278902
20.976299    6.555093438   0.003943266  0.050278902
21.1134      6.5979375     0.00394324   0.0500472
21.2505      6.64078125    0.003943213  0.0500472
21.3876      6.683625      0.003943185  0.049931351
21.5247      6.72646875    0.003943156  0.0495838
21.6618      6.7693125     0.003943127  0.049467951
21.798901    6.812156563   0.003943097  0.049236249
21.936001    6.855000313   0.003943066  0.048888702
22.073099    6.897843438   0.003943032  0.048657
22.210199    6.940687188   0.003827034  0.048309449
22.3473      6.98353125    0.003827007  0.0481936
22.4844      7.026375      0.00382698   0.047846049
22.6215      7.06921875    0.003826952  0.0477302
22.7586      7.1120625     0.003826923  0.047498498
22.8957      7.15490625    0.003826894  0.047382649
23.032801    7.197750313   0.003826864  0.047035098
23.169901    7.240594063   0.003826832  0.0468034
23.306999    7.283437188   0.0038268    0.046571702
23.444099    7.326280938   0.003826765  0.04634
23.5812      7.369125      0.003710774  0.045992449
23.7183      7.41196875    0.003710746  0.0458766
23.8554      7.4548125     0.003710716  0.045760751
23.9925      7.49765625    0.003710686  0.0454132
24.129601    7.540500313   0.003710654  0.045297351
24.266701    7.583344063   0.00371062   0.045181502
24.403799    7.626187188   0.003594636  0.0449498
24.540899    7.669030938   0.003594609  0.0449498
24.677999    7.711874688   0.00359458   0.044718102
24.8151      7.75471875    0.003594551  0.044833951
24.9522      7.7975625     0.003594521  0.044833951
25.0893      7.84040625    0.003594488  0.0449498
25.2264      7.88325       0.003478512  0.045065649
25.363501    7.926094063   0.003478486  0.045181502
25.500601    7.968937813   0.003478461  0.0454132
25.637699    8.011780938   0.003478437  0.0454132
25.774799    8.054624688   0.003594351  0.045529049
25.9119      8.09746875    0.003594317  0.045644902
26.049       8.1403125     0.003594279  0.045644902
26.1861      8.18315625    0.003478304  0.045760751
26.3232      8.226         0.003478273  0.045644902
26.4603      8.26884375    0.003478239  0.045644902
26.597401    8.311687813   0.003478204  0.045529049
26.734501    8.354531563   0.003362235  0.0454132
26.871599    8.397374688   0.003362205  0.0454132
27.008699    8.440218438   0.003362174  0.045297351
27.1458      8.4830625     0.00336214   0.045065649
27.2829      8.52590625    0.003246177  0.0449498
27.42        8.56875       0.003246149  0.0449498
27.5571      8.61159375    0.003246121  0.044833951
27.694201    8.654437813   0.003246091  0.0449498
27.831301    8.697281563   0.003246059  0.0449498
27.968399    8.740124688   0.003130103  0.0449498
28.105499    8.782968438   0.003130078  0.045065649
28.242599    8.825812188   0.003130052  0.045181502
28.3797      8.86865625    0.003130025  0.045181502
28.5168      8.9115        0.003129999  0.045355275
28.6539      8.95434375    0.00318793   0.045586973
28.791       8.9971875     0.003129939  0.045760751
28.928101    9.040031563   0.003129909  0.045934524
29.065201    9.082875313   0.003129878  0.045934524
29.202299    9.125718438   0.003129846  0.045934524
29.339399    9.168562188   0.003129813  0.045934524
29.4765      9.21140625    0.003129777  0.0458766
29.6136      9.25425       0.00301383   0.045760751
29.7507      9.29709375    0.003013799  0.045644902
29.8878      9.3399375     0.003013767  0.045355275
30.0249      9.38278125    0.003013733  0.045065649
30.162001    9.425625313   0.002955744  0.044833951
30.299101    9.468469063   0.002897758  0.044428475
30.436199    9.511312188   0.002839775  0.044138849
30.573299    9.554155938   0.002839745  0.043733377
30.7104      9.597         0.002839715  0.043385826
30.8475      9.63984375    0.002839681  0.042980351
30.9846      9.6826875     0.002723749  0.042690724
31.1217      9.72553125    0.00272372   0.042343177
31.258801    9.768375313   0.002723689  0.041879777
31.395901    9.811219063   0.002665709  0.041532226
31.533001    9.854062813   0.002607733  0.04112675
31.670099    9.896905938   0.002607704  0.04066335
31.807199    9.939749688   0.002607674  0.040257875
31.9443      9.98259375    0.002491752  0.039678626
32.081402    10.02543813   0.002491725  0.03927315
32.218498    10.06828063   0.002433753  0.038867675
32.355598    10.11112438   0.002433727  0.038404275
32.492699    10.15396844   0.002375757  0.037998799
32.629799    10.19681219   0.002375732  0.037593324
32.766899    10.23965594   0.002375705  0.037187852
32.903999    10.28249969   0.002317736  0.036840301
33.0411      10.32534375   0.002259769  0.036376901
33.1782      10.3681875    0.002259744  0.035971425
33.3153      10.41103125   0.002259718  0.035623875
33.4524      10.453875     0.00225969   0.03510255
33.5895      10.49671875   0.002143784  0.034697074
33.726601    10.53956281   0.002143759  0.034233674
33.863701    10.58240656   0.002143732  0.03371235
34.000801    10.62525031   0.002027831  0.033306874
34.137901    10.66809406   0.002027806  0.032843474
34.275002    10.71093813   0.001969845  0.03232215
34.412102    10.75378188   0.001969819  0.031916674
34.549198    10.79662438   0.001911857  0.031453274
34.686298    10.83946813   0.001911829  0.031047801
34.823399    10.88231219   0.001853864  0.030584401
34.960499    10.92515594   0.001795897  0.03023685
35.097599    10.96799969   0.001158635  0.0189994
35.234699    11.01084344   0.001158625  0.01818845
35.371799    11.05368719   0.001158614  0.017377499
35.5089      11.09653125   0.000926886  0.01656655
35.646       11.139375     0.00092688   0.01563975
35.7831      11.18221875   0.000926874  0.0148288
35.9202      11.2250625    0.000926866  0.013902
36.057301    11.26790656   0.000811002  0.01309105
36.194401    11.31075031   0.000695141  0.0122801
36.331501    11.35359406   0.000695138  0.01146915
36.468601    11.39643781   0.000695133  0.0106582
36.605701    11.43928156   0.000579275  0.00984725
36.742802    11.48212563   0.000579272  0.0090363
36.879902    11.52496938   0.000579268  0.0083412
37.016998    11.56781188   0.000463413  0.00753025
37.154099    11.61065594   0.000347558  0.006951
37.291199    11.65349969   0.000347557  0.0062559
37.428299    11.69634344   0.000347556  0.0055608
37.565399    11.73918719   0.000347555  0.0050974
37.702499    11.78203094   0.000347553  0.00451815
37.8396      11.824875     0.000115851  0.00405475
37.9767      11.86771875   0.000115851  0.0034755
38.1138      11.9105625    0.000115851  0.00289625
38.2509      11.95340625   0.00011585   0.00243285
38.388       11.99625      0.00011585   0.00220115
38.525101    12.03909406   0.00011585   0.0018536
38.662201    12.08193781   0            0.0016219
38.799301    12.12478156   0            0.0013902
38.936401    12.16762531   0            0.00104265
39.073502    12.21046938   0            0.00081095
39.210602    12.25331313   0            0.00057925
39.347698    12.29615563   0            0.00034755
39.484798    12.33899938   0            0.0002317
39.621899    12.38184344   0            0
39.758999    12.42468719   0            0
39.896099    12.46753094   0            0
40.033199    12.51037469   0            0
40.1703      12.55321875   0            0
40.3074      12.5960625    0            0
40.4445      12.63890625   0            0
40.5816      12.68175      0            0
40.7187      12.72459375   0            0
40.855801    12.76743781   0            0
40.992901    12.81028156   0            0
41.130001    12.85312531   0            0
41.267101    12.89596906   0            0
41.404202    12.93881313   0            0
41.541302    12.98165688   0            0
41.678398    13.02449938   0            0
41.815498    13.06734313   0            0
41.952599    13.11018719   0            0
42.089699    13.15303094   0            0
42.226799    13.19587469   0            0
42.363899    13.23871844   0            0
42.500999    13.28156219   0            0
42.6381      13.32440625   0            0
42.7752      13.36725      0            0
42.9123      13.41009375   0            0
43.0494      13.4529375    0            0
43.186501    13.49578156   0            0
43.323601    13.53862531   0            0
43.460701    13.58146906   0            0
43.597801    13.62431281   0            0
43.734901    13.66715656   0            0
43.872002    13.71000063   0            0
44.009102    13.75284438   0            0
44.146198    13.79568688   0            0
44.283298    13.83853063   0            0
44.420399    13.88137469   0            0
44.557499    13.92421844   0            0
44.694599    13.96706219   0            0
44.831699    14.00990594   0            0
44.9688      14.05275      0            0
45.1059      14.09559375   0            0
45.243       14.1384375    0            0
45.3801      14.18128125   0            0
45.5172      14.224125     0            0
45.654301    14.26696906   0            0
45.791401    14.30981281   0            0
45.928501    14.35265656   0            0
46.065601    14.39550031   0            0
46.202702    14.43834438   0            0
46.339802    14.48118813   0            0
46.476898    14.52403063   0            0
46.613998    14.56687438   0            0
46.751099    14.60971844   0            0
46.888199    14.65256219   0            0
47.025299    14.69540594   0            0
47.162399    14.73824969   0            0
47.2995      14.78109375   0            0
47.4366      14.8239375    0            0
47.5737      14.86678125   0            0
47.7108      14.909625     0            0
47.8479      14.95246875   0            0
47.985001    14.99531281   0            0
48.122101    15.03815656   0            0
48.259201    15.08100031   0            0
48.396301    15.12384406   0            0
48.533401    15.16668781   0            0
48.670502    15.20953188   0            0
48.807598    15.25237438   0            0
48.944698    15.29521813   0            0
49.081799    15.33806219   0            0
49.218899    15.38090594   0            0
49.355999    15.42374969   0            0
49.493099    15.46659344   0            0
49.630199    15.50943719   0            0
49.7673      15.55228125   0            0
49.9044      15.595125     0            0
50.0415      15.63796875   0            0
50.1786      15.6808125    0            0
50.315701    15.72365656   0            0
50.452801    15.76650031   0            0
50.589901    15.80934406   0            0
50.727001    15.85218781   0            0
50.864101    15.89503156   0            0
51.001202    15.93787563   0            0
51.138302    15.98071938   0            0
51.275398    16.02356188   0            0
51.412498    16.06640563   0            0
51.549599    16.10924969   0            0
51.686699    16.15209344   0            0
51.823799    16.19493719   0            0
51.960899    16.23778094   0            0
52.098       16.280625     0            0
52.2351      16.32346875   0            0
52.3722      16.3663125    0            0
52.5093      16.40915625   0            0
52.6464      16.452        0            0
52.783501    16.49484406   0            0
52.920601    16.53768781   0            0
53.057701    16.58053156   0            0
53.194801    16.62337531   0            0
53.331902    16.66621938   0            0
53.469002    16.70906313   0            0
53.606098    16.75190563   0            0
53.743198    16.79474938   0            0
53.880299    16.83759344   0            0
54.017399    16.88043719   0            0
54.154499    16.92328094   0            0
54.291599    16.96612469   0            0
54.428699    17.00896844   0            0
54.5658      17.0518125    0            0
54.7029      17.09465625   0            0
54.84        17.1375       0            0
54.9771      17.18034375   0            0
55.114201    17.22318781   0            0
55.251301    17.26603156   0            0
55.388401    17.30887531   0            0
55.525501    17.35171906   0            0
55.662601    17.39456281   0            0
55.799702    17.43740688   0            0
55.936798    17.48024938   0            0
56.073898    17.52309313   0            0
56.210999    17.56593719   0            0
56.348099    17.60878094   0            0
56.485199    17.65162469   0            0
56.622299    17.69446844   0            0
56.759399    17.73731219   0            0
56.8965      17.78015625   0            0
57.0336      17.823        0            0
57.1707      17.86584375   0            0
57.3078      17.9086875    0            0
57.444901    17.95153156   0            0
57.582001    17.99437531   0            0
57.719101    18.03721906   0            0
57.856201    18.08006281   0            0
57.993301    18.12290656   0            0
58.130402    18.16575063   0            0
58.267502    18.20859438   0            0
58.404598    18.25143688   0            0
58.541698    18.29428063   0            0
58.678799    18.33712469   0            0
58.815899    18.37996844   0            0
58.952999    18.42281219   0            0
59.090099    18.46565594   0            0
59.2272      18.5085       0            0
59.3643      18.55134375   0            0
59.5014      18.5941875    0            0
59.6385      18.63703125   0            0
59.7756      18.679875     0            0
59.912701    18.72271906   0            0
60.049801    18.76556281   0            0
60.186901    18.80840656   0            0
60.324001    18.85125031   0            0
60.461102    18.89409438   0            0
60.598202    18.93693813   0            0
60.735298    18.97978063   0            0
60.872398    19.02262438   0            0
61.009499    19.06546844   0            0
61.146599    19.10831219   0            0
61.283699    19.15115594   0            0
61.420799    19.19399969   0            0
61.557899    19.23684344   0            0
61.695       19.2796875    0            0
61.8321      19.32253125   0            0
61.9692      19.365375     0            0
62.1063      19.40821875   0            0
62.243401    19.45106281   0            0
62.380501    19.49390656   0            0
62.517601    19.53675031   0            0
62.654701    19.57959406   0            0
62.791801    19.62243781   0            0
62.928902    19.66528188   0            0
63.066002    19.70812563   0            0
63.203098    19.75096813   0            0
63.340199    19.79381219   0            0
63.477299    19.83665594   0            0
63.614399    19.87949969   0            0
63.751499    19.92234344   0            0
63.888599    19.96518719   0            0
64.025703    20.00803219   0            0
64.162804    20.05087625   0            0
64.299896    20.0937175    0            0
64.436996    20.13656125   0            0
64.574097    20.17940531   0            0
64.711197    20.22224906   0            0
64.848297    20.26509281   0            0
64.985397    20.30793656   0            0
65.122498    20.35078063   0            0
65.259598    20.39362438   0            0
65.396698    20.43646813   0            0
65.533798    20.47931188   0            0
65.670898    20.52215563   0            0
65.807999    20.56499969   0            0
65.945099    20.60784344   0            0
66.082199    20.65068719   0            0
66.219299    20.69353094   0            0
66.3564      20.736375     0            0
66.4935      20.77921875   0            0
66.6306      20.8220625    0            0
66.7677      20.86490625   0            0
66.9048      20.90775      0            0
67.041901    20.95059406   0            0
67.179001    20.99343781   0            0
67.316101    21.03628156   0            0
67.453201    21.07912531   0            0
67.590302    21.12196938   0            0
67.727402    21.16481313   0            0
67.864502    21.20765688   0            0
68.001602    21.25050063   0            0
68.138702    21.29334438   0            0
68.275803    21.33618844   0            0
68.412903    21.37903219   0            0
68.550003    21.42187594   0            0
68.687103    21.46471969   0            0
68.824203    21.50756344   0            0
68.961304    21.5504075    0            0
69.098396    21.59324875   0            0
69.235497    21.63609281   0            0
69.372597    21.67893656   0            0
69.509697    21.72178031   0            0
69.646797    21.76462406   0            0
69.783897    21.80746781   0            0
69.920998    21.85031188   0            0
70.058098    21.89315563   0            0
70.195198    21.93599938   0            0
70.332298    21.97884313   0            0
70.469398    22.02168688   0            0
70.606499    22.06453094   0            0
70.743599    22.10737469   0            0
70.880699    22.15021844   0            0
71.017799    22.19306219   0            0
71.1549      22.23590625   0            0
71.292       22.27875      0            0
71.4291      22.32159375   0            0
71.5662      22.3644375    0            0
71.7033      22.40728125   0            0
71.840401    22.45012531   0            0
71.977501    22.49296906   0            0
72.114601    22.53581281   0            0
72.251701    22.57865656   0            0
72.388802    22.62150063   0            0
72.525902    22.66434438   0            0
72.663002    22.70718813   0            0
72.800102    22.75003188   0            0
72.937202    22.79287563   0            0
73.074303    22.83571969   0            0
73.211403    22.87856344   0            0
73.348503    22.92140719   0            0
73.485603    22.96425094   0            0
73.622704    23.007095     0            0
73.759804    23.04993875   0            0
73.896896    23.09278      0            0
74.033997    23.13562406   0            0
74.171097    23.17846781   0            0
74.308197    23.22131156   0            0
74.445297    23.26415531   0            0
74.582397    23.30699906   0            0
74.719498    23.34984313   0            0
74.856598    23.39268688   0            0
74.993698    23.43553063   0            0
75.130798    23.47837438   0            0
75.267899    23.52121844   0            0
75.404999    23.56406219   0            0
75.542099    23.60690594   0            0
75.679199    23.64974969   0            0
75.816299    23.69259344   0            0
75.9534      23.7354375    0            0
76.0905      23.77828125   0            0
76.2276      23.821125     0            0
76.3647      23.86396875   0            0
76.501801    23.90681281   0            0
76.638901    23.94965656   0            0
76.776001    23.99250031   0            0
76.913101    24.03534406   0            0
77.050201    24.07818781   0            0
77.187302    24.12103188   0            0
77.324402    24.16387563   0            0
77.461502    24.20671938   0            0
77.598602    24.24956313   0            0
77.735703    24.29240719   0            0
77.872803    24.33525094   0            0
78.009903    24.37809469   0            0
78.147003    24.42093844   0            0
78.284103    24.46378219   0            0
78.421204    24.50662625   0            0
78.558296    24.5494675    0            0
78.695396    24.59231125   0            0
78.832497    24.63515531   0            0
78.969597    24.67799906   0            0
79.106697    24.72084281   0            0
79.243797    24.76368656   0            0
79.380898    24.80653063   0            0
79.517998    24.84937438   0            0
79.655098    24.89221813   0            0
79.792198    24.93506188   0            0
79.929298    24.97790563   0            0
